1000
197292502
-223529111
-311909416
181940954
-172719950
14034768
119073969
-887901136
-135466704
-16486200
-11719571
-88533101
-366851892
2460069
91995554
523658154
426958896
-120548088
251958717
-282528540
860159920
-255483648
-281375127
-46541719
698891808
591084730
-363584436
-343032536
-503103264
313292490
-742744674
-84443424
525367849
12859134
217693630
-10754800
211386960
5236740
-208153270
-14933010
-502391076
-865411280
214962000
261702672
-242924211
849126
-57198870
731773544
-587622435
-128059980
31936707
-500404216
151678895
254708686
-360436608
-50060155
124308519
-88339888
-315743472
-516157354
-60916380
-939035460
635039547
-21347351
-96542184
415576478
-178209060
-70571906
37393832
-573103460
-157246117
-252717992
-306788904
-903985755
197208
347961066
34011432
308695029
-5451978
-35140138
-78886023
-44196600
-26253858
565255586
-179998716
-115700
388130500
-339847536
286830566
-329974425
84575574
241510098
-12005042
-28807910
172451060
-453906648
264063482
-92008692
647511215
280454476
-643401230
782822768
382060200
-29139699
373950612
138187863
-163631511
18984325
-372260152
-477054279
693463397
213818656
551148219
204252705
-4594488
-455614110
-367488320
10952964
8592
-9949675
-5945632
-24144242
-640009546
308301205
-47524600
-8911529
-954250
-110880366
7477920
175275236
35637537
148562280
-121127040
1479044
21570894
-12920832
-681444836
11487942
59978304
-187914300
-107445780
-3777750
549648876
-642654594
170212560
65638637
-509293232
-628365585
-57847500
357427125
668378718
87892464
-118146224
87245764
-199528320
-608001012
-3059000
-201175021
709163087
7460640
-347335269
340033814
-284120518
117514962
254986422
66117465
-618890
-31250934
19029518
76751613
-34401987
-302903757
425541480
258115488
102600556
-260816640
161890090
198084744
825930616
410649129
331325274
223119090
699266272
104890632
534604629
-262861774
-22737388
-492079464
157275792
-745387110
-33445803
-24329404
-438336424
517174900
545784882
508662234
898581684
154260666
-257446560
420168591
584391775
-344259216
54716768
223833186
118965600
-1339783
30792960
13552448
-655743099
523333340
33149718
-110126850
102917073
-135927376
-121114534
-87105469
-577411744
-80063552
289386890
357713000
-314539950
499418400
312689630
247688785
-324129600
-110061792
-259460690
329983375
-65201535
-3077603
-90073296
124029660
318399613
87351618
139601020
-30358244
103740341
-237917088
280428225
-372140820
700923255
477130115
-598971708
408408995
-382007340
109383505
-119692498
11587080
-232464540
25320975
-93902696
-265685264
-46791506
105959062
-229049548
489723153
508329066
-340095648
580820125
374833482
730610004
711781035
269707086
-200280762
290563048
136658230
13537632
-98959896
-370596900
-427915054
-123784224
517519125
76518480
-733381575
-685201356
-184119936
-187816250
-16160484
6731700
-527563400
-745062780
-129273390
-561222088
33071451
8071056
918696240
-367775590
-654736554
-123684501
-84998718
653971504
414761760
290196984
323146088
-86539392
-331949174
-194122075
6153096
151842570
523528530
29002224
282607748
408863670
-184581488
-377985294
439482
-561962736
484044540
-77227320
-874954974
-264541676
29653845
-845900560
-160090200
95167600
224529506
152708432
-841632814
19196485
-199437738
-196291584
-78967526
-3264096
192445423
123443134
874344330
413852340
77041258
-71882346
-74639950
300947124
-154530694
-151756608
49684952
426806250
132221342
-658658616
12823473
-389669276
-182046152
-68522313
304408962
37449664
-568748064
-105280
-445016173
230950449
-52493651
-269844750
1778304
203596864
133522199
161452500
732345584
-113382171
179187957
59292819
-565307480
-639518305
707278715
-527688239
-198177664
-686533389
400270450
-492886655
-434810814
-185475472
-265072635
-851954082
58743975
-121319646
-59714244
-900369570
264359214
284487970
532757412
-87822132
111277230
28693352
443529164
-820533980
176845669
-995639625
332699034
68098850
51352723
-320989606
430061533
236201740
249713088
-26306910
-384129859
268077745
-20282400
-657285065
-197297121
159491620
169413607
-541544289
822250968
297850594
297422112
9536955
115981669
357702070
397483992
-875762055
402721278
-348309804
-310996728
32048940
-66817905
764390161
178960926
-271861599
12535744
125646873
628494485
-707615710
11302358
-11237760
-207496923
391862916
-135689909
116341848
452040507
63842684
167092308
-539317264
-130088760
180406278
-134061572
69244680
139909616
184476537
-143945910
-240817728
-57495398
-386650740
41087618
-40820060
-601786812
330256604
697730390
349831300
-218370000
-411716580
16299915
-471433534
-7592208
-491593872
-318520080
88529604
-69645294
324228234
497885188
350621060
-551702877
428582552
-135448560
-566041486
-313655482
3895878
-18740592
11983275
310123710
191499180
140325432
59126333
-48766300
-10811312
1233417
199720416
77341080
-88201471
-99096904
-85990527
356804992
286328770
-224079408
-277361712
-131157316
690854540
-132575696
351664469
-28423734
7775328
-978721846
-557415936
-137340
773219812
195637235
306861440
-403193169
-404311752
200208092
-686519296
-57457726
-466808916
312404552
-330266110
426902949
-18207090
-114805785
-19392996
-47929056
-287099680
-183933540
-40389321
-107105460
-837192870
144511714
-25653552
-326593969
405830120
262426005
58440942
66582318
151031160
318801024
-437277764
-391177269
548908047
47360115
-505939392
588799032
-40210675
71786753
-55242005
-6847368
697725288
-71409408
-681446755
-79036200
-504033616
-142717770
-308138418
425727248
-596553936
129992616
-16667319
-184918734
724883179
-893073216
214301750
-77148347
57652464
166083750
149993828
-197128800
-287992450
-275972912
61625675
598292064
326599156
-184817048
43712526
-205592985
316650060
-253325449
-381683160
426262144
-691594848
-71602440
211808808
-321290255
143850824
8547906
229998811
206025605
-189783888
-29550010
225758496
-276388526
-160579240
60343608
514291054
214979622
25548800
-53215980
122359074
-30451418
-234355730
348808100
-15225452
-111506421
106872348
695852805
826028010
725752491
105920656
-335528011
559741800
8533509
1003051985
-140777000
146478752
96768552
257618310
469220472
-262369178
-395331473
-780428800
-239367504
-813556416
123556069
-7480074
-43123696
443801500
83273884
416791600
-221223936
-395521596
-160557580
243809472
-35498482
-203128206
-462743486
113437720
29841559
297667200
113272460
-120658191
137295970
97375005
169565280
-882043799
91143000
-441131756
-167053876
-343527730
-120847581
430158912
107172770
216687528
120414000
56776980
-50358033
27855300
39351620
-623620350
280974189
-219021647
743097762
380765563
336588594
-550733752
-5379729
-297255576
110290383
-245111940
-128024275
680694620
-172812600
-81161670
620037178
177161624
233056509
-253822989
106251008
2485485
-61043300
266874348
534696246
147838239
676491723
325157420
10771800
5212315
-160835436
37675431
322405848
-224906517
-165627072
-578624708
-28014886
-122984235
-260638288
6520416
-294109824
640388196
-14847768
63018776
-403794675
-547062006
-51599751
503552488
-558983716
-271625244
-451902500
-106413741
767074942
209181174
-276744649
-75990272
-62350005
310476530
-600539220
-305275320
-207585540
-30400524
-798097104
645576337
663202961
29969069
643149293
-1086156
100529380
-972645321
559842980
-216810
-8128918
568867258
-225843065
596502912
749030710
168751505
-188808657
-324304002
10675549
-743962490
-17014200
228009392
94381408
-748220
137910552
-76724922
-518183445
740417785
159376632
575370540
-772479600
-75519960
-2658964
655216520
556844537
-3418152
109398256
-452530442
-291847416
-23229832
28722612
-57448343
723150150
-150447024
-228841994
-415615410
780656835
-59496741
379496829
-404349726
-206169936
153904796
-351309573
85323537
477585900
-39299959
356369748
118758480
-228719688
-229364560
-684843096
-250670134
-208288960
23296812
703124350
-148121856
-420519328
-161720277
761564747
-1799280
170298656
-524683516
47251330
361248104
16394868
412844652
54954020
-62154552
84044625
-851427072
266084000
872818290
192553920
-455179452
576271083
577871550
489168315
61395710
-560523396
437905130
-160936454
-439286202
-22675520
707228224
649360278
-311311073
177749791
-454519919
-627197826
-6702828
-642526992
186205217
-636304520
-331540035
-936329438
28114128
-201013175
91528314
-136822660
-349077372
184335041
-114992728
-176112196
117325157
-52660400
-207706974
-148132512
14216840
397119496
-317050192
620854080
98785706
33655875
-544437480
67447371
468627968
12670188
14754636
137020221
164571648
68983422
-174687908
-644089796
477906660
344640562
608698710
85115994
289866720
-99666111
-143900852
-15731793
-354709280
-82647000
-351898830
857625969
41174184
651815120
-81298125
-736028865
293252946
381484703
61535702
-270180900
336440025
-173515380
193338175
-452512485
-34132680
491113238
-610659000
126501495
-98422265
127843131
8430666
-111653583
-182348800
-213094200
-641601005
103526592
-138516715
270332736
34756368
593448624
-69543012
-226614516
-25416435
875406413
173102508
-181153604
-26902176
-723041020
-88118216
330332102
-167283380
-242181526
-613461816
-11993344
249169476
-13189098
346850106
118976214
-117741195
246986285
172744012
-289099712
-23778069
413274966
195940864
244494000
-759441951
49224121
-898472702
753938160
547971863
-113226954
552290809
-94668858
151753060
-22845530
989880
385282000
-228151315
30274092
-124801796
87763903
-318055368
-8509971
-528608592
-14818508
207729178
927302496
60315824
543496746
-140467600
594268164
-478500935
437367416
250496224
-260192868
-165140950
-84581426
-46119470
384900354
711561690
-63729589
-91325285
95368744
-684006561
-1052732184
-27815526
612233632
109459042
62681780
-199680200
330346164
593704449
-19978816
-147590478
231284480
354571728
-176559075
-115282968
-589293018
265349791
341464836
-176961700
-6148527
-698556452
-110045584
552398403
-236241072
167188725
-41859253
-739809910
-9437400
414865605
177665436
18203724
-335817302
21677720
-372322632
-96276975
-14878215
-198360924
88751598
-24055456
593949310
9530685
-244479277
-133636608
-198711377
-124176200
642972790
-90779607
3602820
132968300
234256464
587382670
-661776038
-761988951
-31475700
-9204140
-12949810
3656576
106175894
-5738880
-128515566
-120185982
-639670276
