1000
-339346544
-158144200
-20911795
422549284
164961720
57599241
-275771226
915771894
-581421022
871016865
686194612
220142880
-20298129
108212895
164752780
464754836
-382932072
97002205
-284164296
319975474
295212404
308839262
107500750
-775332382
-221984056
9560156
448202986
-104389208
-141614337
-101116357
112745719
-151945112
-284924423
-839662362
-844169835
-113912968
-208157406
-617340976
-592214490
-40042026
402081575
-36275165
-20953944
131325359
-39861024
711874800
179801891
-500694348
-550192181
-316778672
273108080
-353486994
98344446
288049272
22334828
39812940
93294000
246482978
379604118
-155897010
-52571266
-257756299
71792112
-7091544
-249055560
-530431188
-612306624
-13818416
-132489258
-77187216
-620962940
-226658936
559302716
1330834
69490094
-313321624
-29591895
434944818
602824876
41961040
-1000994862
164369328
236419964
-221032154
-112936710
-393774378
-155858316
117021024
-667529584
183033266
524849958
-342071450
354730986
79857750
-93179772
-385521120
494621870
-716269775
505836606
919823307
-769144256
306631840
-267479904
-113920380
-43985133
109981746
842207388
793853714
27923932
10891869
-466029810
-181180200
-34498536
245406681
26054514
170637296
165009636
-544709200
-189035850
-406748352
-319592673
-480898720
-656602350
-5512584
-316143200
-841386213
-365676975
-371431026
118770498
-5691144
299924807
-59897775
-227566005
593968680
-839453632
-670188822
-124122102
-1026247032
-499017846
-25010492
-6921304
629628300
-583646420
-646573920
42552000
-426560536
166044324
-584812448
-391499220
-33804831
57136359
-751847530
67735707
160357848
288232512
-566344480
41760890
493387582
730769184
18580161
120687337
-271300050
-85313417
-19038438
469943797
-454088798
662341901
-263927442
-116285385
-874745299
-160294440
658203306
-159708290
-162330696
191282720
-389783484
-651121042
170053290
13073288
663995574
-53013872
-129704470
537242310
747100000
809866515
488610850
296781782
-405962316
43461732
60773944
-60474650
694341900
-170143920
-222808104
-87335180
75490832
-85599240
-591173494
1653077
-141833898
11397615
-412196232
-239647600
-160038595
111649440
-558159000
-237967002
-736156184
242542638
-2678675
-87046314
18584202
-400824462
1842247
-17342000
25521993
450757354
-16306080
-397241170
-222829002
85985794
37133472
374309819
-836611360
-40306098
447664444
-142985370
-37204500
143884020
-546746431
-220531668
-698710675
-15955968
176827617
77138350
811428938
496508028
-62704260
181570982
-144144
695067294
207531984
148503040
-204491760
48204416
-364312036
-209678686
-122741960
-45324335
127682176
-222253121
-467513334
691912304
366542685
-202237875
-722798508
-252837984
-201453197
78151736
253986087
-561481119
-890992452
26184991
-637133056
29487610
61575075
29522580
-103768456
-130287150
44854839
72862377
-234625647
-569019360
295472444
-166368752
28305959
2094642
-404921660
-485585248
-384014232
-542143966
695433843
-390570968
-340246267
177562125
473467425
-565251043
161430300
183439968
7093647
179596560
-166604490
-83081592
97441542
45391696
-879480336
-579493200
98449260
-7908978
-128959600
-106443249
-20691740
-548279189
-54371118
23345960
140632338
11510394
-103078360
-48143433
-240106489
216986690
84877540
-101030048
187408269
9616299
-181995156
-104835753
-1022557854
250901244
-595719684
11345565
76825840
-71099500
679863240
-264573410
486097929
-238236215
246736575
363556676
599525120
-230020000
634495500
24828280
-53186850
-61991280
85576608
857443928
175612518
-610735912
27221250
-82157805
672047981
670659920
37934461
449291385
-70736592
-185263858
210485365
474078580
-704935192
4807296
25287420
59224011
-824472100
1887908
-214622586
486309120
-531652320
-19430340
-440400153
-631902284
-700934196
357895608
-270728608
273165300
-5299668
-815017170
99954934
-319935221
46392085
80385840
-521994888
271014219
-34817139
-307057170
224421309
-278484260
196970436
368058056
947813488
17946816
-989742132
422177346
467107978
-76659848
-94487353
-272538052
463986599
-118332992
313411736
3904794
366576960
4502960
-435017100
-65321146
-133619748
-32855256
11252736
-394867968
-416218776
-500626384
-359671257
-498801212
-402035524
41987609
832733083
745781472
221828478
2769228
286793441
-17847195
-97230100
-198509292
435046165
175486638
90178947
-239556087
161869392
262340724
71080055
272398296
12049125
434171556
151270335
-18281662
-52361496
-255123517
433010125
-22082592
-239519130
-618969560
-8676489
-790067662
-92474550
107398368
275658570
504309235
26241520
-68472300
378179428
-462641800
-279532875
110981676
-54182400
366681600
-325196795
-821308752
16903978
-268149717
32540625
143538087
-63561572
-218425734
-8264784
-87662646
-466814099
498558170
439428668
556398161
155619084
-19381213
909951538
743684700
20073806
115991598
-33260948
-302309172
-90976850
-257959592
576176048
225648692
193363803
-621417500
7959222
-534897181
267854811
148417148
-987010677
-375554664
209451011
61698606
26993220
-247139690
131627493
-220665294
-908708925
-234732126
-106297662
-63574560
-287930781
949849260
110252468
873911718
99896358
45245844
305890539
-116150874
363396012
488638336
-530822078
6374258
-294999847
6102764
230399955
-219818736
-158984480
120081285
89427800
-56764368
-40981800
101745396
25527375
45941820
534924534
-335055288
264542474
-664437312
-85672
-175811216
432146055
13741942
-262575068
-624816210
-682862668
-848826
-387506178
-358251860
-71226100
-183727824
-102879018
-17499494
224816816
-77792364
54915151
-5393325
53707222
738234588
2814525
-447111648
-154715862
174341758
1821568
-444744594
74456616
-129089460
-390203472
-315795175
-383266800
-151751200
-76012516
111156234
-159609343
-120199548
353818293
34482900
-188989884
237987926
-77122215
71915160
-623952312
267826512
-80745042
-581070822
736599472
649468560
88871320
-191572236
584304300
511027500
156853600
116394378
163961868
-23469858
-34981569
11275200
-13347746
43218352
255842087
32319738
-363813175
132822558
197500814
-82309754
392546286
80093930
-934331050
104372996
-21295450
-360191325
724420312
-165777633
35767752
494733264
121767600
-51127992
-139935843
84014112
530435712
-175586190
-148494092
488376875
178640589
-100104755
-86079042
-103090356
41476011
-478739730
-277324074
536785875
-416402514
-552603326
786990708
-31318921
-577631600
210528928
39264466
351030534
65459590
-69277150
-214714410
-182156310
89650688
-235630900
-268593000
172985103
-42463350
-423444616
-289811940
68454323
807115158
-180750960
-498884748
279223038
87954028
-52130061
658064145
313918099
684970539
-104989965
-459411030
-204346114
121859910
-289602808
192627312
57492005
-104090475
-59082700
242347266
237887205
-323578413
-211602560
-47397732
-215111064
738750040
76468339
238561125
-429491672
393486551
-81202605
-541134355
-422297562
-7759543
354984426
697835574
-109604600
211895564
-185575714
-535313043
-52869258
565232592
283659405
-54069724
330064568
-300461286
-143496537
208605953
6401724
-29992664
-91544144
238203172
248963550
-103290767
23903902
-58377105
69193830
-595897159
186060356
118565972
33337580
696155792
451158344
15491367
-302640785
643690860
89824020
277133280
33320500
-708461592
141050260
315328284
-102520568
-270363080
56393638
182414430
123248080
256941838
90302250
873621441
-191506032
539852502
-665363436
-296040576
-277071872
-61842210
-83437725
-138618624
773485630
310690770
8577018
679953811
-501625852
-81786488
328500480
562243158
-48252270
26819451
-30149035
-302838976
-730701810
-223192900
633390
-29416332
257143572
138543342
40233900
218246314
416127600
88378720
-33788614
-20684378
28968632
-288595648
572429270
777052870
319270636
557569553
96038670
-46363716
-359083176
-64594815
419319654
-251683487
147817992
455528112
-48688948
495191688
94782306
-386225788
376072736
-391928504
-892028280
-274990127
20337522
169286663
-43125420
199958228
-15021672
-129668231
91730000
155609883
-340352700
-5261628
47718483
274084200
74152262
45649250
-456081792
-313387866
-546166939
-354939200
-384605677
-8111704
123546537
177416452
-45048000
948566758
-75475700
174623328
413680735
-85947354
-9781628
430005191
302430240
173074158
53188365
-261864064
-34413432
23024178
-550209270
132281424
310452210
661198230
26478712
-134803832
-261457200
533355
-395379585
52854780
-123021910
230614995
-182593015
-385850388
58185224
-234111080
-141500352
-396378447
137907627
93177115
-1248304
246190353
315961944
390220478
90605985
183152820
-222691788
-151702352
178186500
158739492
-463659520
368753511
83728176
-157816005
788741044
-701966628
16034240
-388304488
131609870
-288469326
-167910030
123111657
139038800
-54753750
237674976
58613789
48172304
19422092
234825837
-137493504
-989280270
-488208750
494640927
37817817
32117112
220674157
34612112
-108336112
-1039768488
-16215408
431948932
32213026
-265148485
-431228196
779093595
-301946477
151450730
-371204790
-74657804
-49454496
896790671
-739539652
32080246
-449385003
-125952772
119539596
-119894476
481024628
-321096323
-274976682
-12330240
-528429451
-5282864
-8570254
471640096
6642648
60079280
31021562
322449020
350576245
129388480
-489019790
-456532009
-570393252
-678089181
1853158
-122210952
-78563408
15202305
300824388
395266949
18857013
-788400396
-169547914
-42027755
-622130866
-428108430
124066360
79081173
202611400
-485147700
754411140
808128
-565545610
-502446792
-964703328
-652695710
366827030
-303075432
82942051
-374406256
-21788326
-428233254
920353280
756816129
-246311352
971715860
437207680
-179327033
-189527712
-269183196
361681446
310492336
321527442
-158818707
40695042
11175199
585846641
3701080
-8144829
-137885643
-540619768
40589241
17836060
-22035150
76729961
460712668
-314392320
-351524368
-158031608
-77604496
-25429491
169977772
4049748
-148782240
-57903328
196295634
965817424
-416939748
402812028
2491680
99965536
78420576
-78606875
-768186048
161132824
495390852
243931252
-481794313
661351656
-643826755
-103601809
-290221434
-362879208
-155477343
-183002656
191333844
762635544
542044160
-38675637
-218536800
-67672748
147458818
357037392
228160625
-120012672
76161291
77197055
630758016
932882008
502370555
-6846770
-748474181
-66237192
391090752
211782955
-3228190
-517116804
-45022326
-144477347
114922488
-120827264
