1000
-77859636
561925820
95683140
27705041
-615969781
46434038
302258180
-384710000
-199163160
608277936
415832418
-373541680
585401640
-33427836
491400650
-194338070
-642135880
-281681200
-70882350
266074926
92563860
-386210944
-10474832
-21095280
-21486600
-121286325
685660320
-375887488
-22572523
-366127232
498862815
-33252358
445653846
600571
338299251
199852380
-176391799
239552027
948442520
-384871619
-233044656
392562000
-727032863
-467495208
-161474556
-478714772
-290055564
-227721384
-131646154
-935552736
565752735
63091951
653102600
523522566
42389190
59024210
90154064
620497519
-75274868
671173860
656704341
-70319633
418141114
154684550
162577828
-235208220
-193044264
213248680
39695940
171201112
526699726
42108313
109031139
-255926723
-508719015
-932669160
-108547394
-347371944
-175918495
208221930
-288313608
-287595904
-550109287
169144608
155932595
-383230888
-155078352
-18890638
-225066627
-331420928
361609794
99312354
94759530
-121616350
-225515700
-400977444
-264261704
-19839040
-440156600
15208980
-659634020
329676822
-494282880
306591462
-173210640
-794768173
65045260
421635474
-239200236
2086629
566239500
5560275
-93160656
285253175
111059086
500517668
355170420
420836989
-616637205
178411940
-21221046
-60998928
-171493742
-144754320
103101592
661940370
-38977756
-282922518
-618264036
-74917760
-185660900
104658232
-543467295
-85099805
-306571380
156751200
118623040
-43648848
-334565000
622237562
-359472420
-14119520
-97696872
29451224
179757997
162301440
211591523
17513510
631248876
153387612
149637124
891836868
217231997
-62632245
-155438400
559536552
-548362804
-528949328
609241759
482457405
-23305025
274399928
-440535227
138295509
325766112
19046678
512457550
109983600
725723705
42962342
69982965
-301756470
254607066
108278720
338378040
521097280
-596376255
122995818
-139768050
95327540
-289935240
-98835555
420636135
2332800
-155900692
213563385
-76665116
227212708
-116640704
-127991565
649854860
-154924980
-303600938
-543769820
-1682174
-61637200
117940115
36627962
-277990834
-168543756
-636073165
-15121946
-165595771
-96399990
-13600602
128047712
-62050080
-22579290
217770176
11883102
280631728
344813567
-789443100
268324455
107538876
992318900
-195593640
58799760
-599768622
-50883168
-211892075
-42672128
-247255386
161922852
-129618808
-114127188
108370310
-428028975
-196131780
224437400
864575257
-241140449
168126812
-366354120
-504884988
178148478
438971382
-731825120
-162877770
-698454900
387750909
-61550148
-907320796
-633429368
13040080
-221439168
481226607
205886888
49268685
359428314
-5601970
-125663734
133991764
431398005
-391697636
-42469944
-3756300
35590464
742364504
-39636744
253124934
226780816
298079730
221842504
-930422368
-282880762
20935545
159040336
-52260500
59235175
223411788
63116886
658826740
-134514264
71802612
-74262804
109205484
-501514632
-164735883
247960742
-4706135
-364983248
-56355256
-153804300
160827552
-58896215
514043244
-49258752
178252095
-92249344
-517886814
125340786
-691994240
-100428894
-350773997
302838986
-13799700
233491400
-210245040
-40636596
-400044753
-80640626
535431270
296024436
-46117632
15328971
383184810
285222080
365145846
-715181652
261023680
415508646
-18948766
371311149
-639520032
32238544
151313225
-164729421
208954105
-356609208
-37993424
165213436
654991414
95800422
136288640
-159904568
-332192560
208576758
-17910360
-282467360
49196760
82343257
-342087000
-41651330
2497968
701698800
-12136218
116657646
-322958634
192473885
-12701124
-231810093
185367195
139167238
105818994
56244617
-6710880
12021610
795395182
-626090066
89633376
-52931328
66947247
-162680584
64047214
-186298950
49100464
918314799
-360820592
437049040
-169713921
-470562642
-81890304
-4823393
226621527
-429312288
194772460
89843426
99448555
470595269
-3601503
-283238703
-249466120
-172008428
-126812943
911484983
767842083
445582885
-78230459
345203982
-313240615
-301011571
-362066859
294046860
-219058686
-40091088
-77251298
-763028504
19699740
-89144451
-24066680
-249524352
171863604
99760920
-417919176
-77226344
-432335068
59646522
-6395544
-97391826
-566281148
452492616
-100247400
-3338699
-287132274
118870536
-2458545
-681990048
474717100
-160090758
71468196
393576879
-218627262
60403160
-258455316
442268073
209495160
-56949376
-782686684
451407072
420659877
-26346477
-57910185
-90045672
-187807094
-19886136
86893632
136343879
267608575
-705654051
-49684268
527728468
-435056979
231742264
-15565504
423830048
22527141
317859186
17033082
-59558831
-3701448
41355822
-316169931
118973174
-104378324
-842490641
340518864
634577100
159840
211743411
186248712
-550139748
564676490
-56424945
100066752
-58035875
-207253152
-31534756
1791936
-395961006
-247827503
12491717
392654490
-482157060
196388874
555412066
-44679960
-291012336
70320754
741252330
378914856
378204768
162226896
906964415
-815594720
10902864
192810240
-73800564
-15595307
17384689
-70632828
-728643701
682827640
11999992
-52550694
169318676
685931724
-68952246
23422264
-539639188
22116
372060514
-287700160
79282155
-342201900
343610400
-198907680
-223986498
251971785
52498756
487466320
-177616935
-171418038
185952834
381231450
-323740980
38868700
87980079
33632774
-118698108
686447025
-37981650
-76121326
22031607
33596573
541056110
5126619
229409276
-474957168
-18272547
58739109
561740490
-17520178
178438890
-130384212
-256399356
753896745
-379025091
-333143372
-198392992
-37019950
-51162056
163678554
449092897
-463395970
-42462090
-514001840
685657712
235843920
98686581
426705624
63409430
-452276700
90260894
-122180889
-41632338
-776272840
-58191014
74911355
-224431248
489996708
746183732
345694395
-267084533
99943648
-139990784
-458204526
-71998996
-528960030
117227220
-12173210
233231745
1022397477
303279352
-680059168
74524502
-228186369
-69855954
-71909882
409123428
424981750
41634437
-148940997
-65068792
448025650
-50887460
295717835
-92807674
-607660906
445813536
425865710
159813846
-743801409
-161013015
-220825311
-677517800
40372593
252502285
14828385
-123743620
-307194680
-21054375
-321017927
467985882
-101273280
-320861436
141247801
234282112
60311819
55589538
-73270854
243886046
-14601997
-137337710
80889921
75512592
211325160
-463770559
160688580
828018063
89066924
-523011902
209561280
-34416984
-134811666
406198975
-575870850
144836748
264483535
-363770440
-917194536
16228149
-7989832
73993353
-660091584
131387000
9138624
107411058
-147310029
-5375308
457297542
-454583629
239936
-281810232
226955820
-288649920
-640993032
244414476
403045038
362063576
692826936
-1939000
435277260
761163480
166145112
-374163440
-9701091
199184988
-350932128
-40063920
-24318840
-369759182
522929082
310118900
-126982446
260181495
10846032
694381660
-419133036
-388794743
-203838495
342120352
-649184
75978378
449255093
170295936
-475446411
-191397840
161801652
599750601
299419664
-246764205
9004200
-282955972
53078136
10078416
-558146060
-22188889
9618960
-32365004
579597227
-183838956
348515706
11341077
90467880
-83029975
-228506190
-507365208
-35887367
-356542956
900915244
276308446
-402315192
-29537750
5263388
753608541
176329569
668390684
248635569
9006589
676731240
-118175720
415100070
50260610
-102496048
-381925004
-34508560
-348944352
10852336
-82342764
269582506
-25224124
314123216
-258758044
314491446
210808644
246513234
107534135
-420128235
-281302945
-329932729
-611998308
-643520128
-385973203
-101534615
-168376494
-9977224
13558500
-74110569
-161913308
-846349607
601438014
232241368
56152840
78116220
-627179520
731700
7915666
-192947690
27224252
372768836
-846190593
145705122
205126979
525085664
628364464
-48741231
-219070576
37820605
-242987936
-116526762
166556736
753314166
-11642232
-471928194
-302846014
-430222048
-904867834
218751520
2667908
-238908894
834695
138804018
-227829800
37867896
233727662
-339141440
873067230
-552806664
19656022
132743025
619932420
-44704296
904007470
-894513120
617457738
-236724185
-228698710
-109110555
-163038374
-906430
-766352296
543574140
195483519
-39918549
942425352
-102848130
552417528
274830762
476147646
743690656
320607252
-105880654
-501358120
-225408492
85646908
-793514284
51256361
58241700
-238830900
-333936270
126124944
29328050
-208270088
-331677504
225850609
-143987727
-18543431
-88237536
-14480668
134890536
-400484304
-4398778
15613459
-57190536
-189628647
185519544
-306870564
104583150
-75286341
-226690971
-455345068
-108214632
-78788814
-753848721
-215465535
199794456
40733574
311750841
-564652375
-888811595
235806150
-3694509
273734747
2434924
400732824
52892110
208870051
493746630
-338894696
-65994842
131294430
-443704800
61298802
-27043598
600958500
199219104
-468665992
-132862716
-474985980
271954998
-414932757
-34114580
-184934160
-33515747
22700690
53786278
437302152
-284576940
-74237566
-110681974
671381482
313214512
-347195772
114446332
166010922
44122640
369883800
555658212
-253486806
-64872768
15477175
-105978726
-9486792
-126711255
702032792
266354109
270325628
-207545008
-199288650
142910534
-248380560
92270464
-136156200
-247223922
-114149580
-469699152
-206268040
-14307096
50275148
456186425
290294496
-212778032
-210898684
-198731100
-845283257
118295232
-219237249
176697410
122880030
-9310106
-780168081
89104762
27206040
478024686
34126398
25132878
336065772
84107119
-27042750
-42211602
-498106292
30565710
209775384
354449484
358769235
-861255
-86994215
-588673926
-149933290
35856168
-287356107
478664235
-14224056
-152790083
-862781514
-294494616
99529440
-311124464
322996714
-873057702
-156116832
-15163869
239567612
-72484050
297696165
-172923216
353842367
406105042
219526780
67173678
-415371099
521031301
623121280
-26581995
171081012
811425600
259264737
-317836692
553338806
578646970
116701012
303720796
527313774
598523022
610373016
-390240774
-31671780
204698039
11580128
148529015
522635244
295801518
-17609504
275168278
18654870
-364777602
374516421
255850186
-555519546
-555629256
455442495
671387940
159964580
285867864
-89771352
-432574178
5321356
-432507711
114198226
444997530
61927294
337513387
294074080
11814213
-152366240
-137678936
-111642752
332912012
517626584
627745716
-35761880
400982616
423080199
-940682119
-232044156
79888044
-118459704
-149913565
40047655
