1000
-12955970
686029092
61839988
149376260
-209604584
75871000
-267381188
-187959541
-2658950
-34795530
107776170
182619766
647520120
149834313
-123777996
37688245
-477575186
24398120
-402879719
-167168232
-291088512
-420231746
-8839744
440765664
211433391
214480483
-213667376
104074048
-806671424
84870240
-10280396
492801428
-685050615
290013880
627267684
261590490
406615713
-433006620
395353578
439257460
-252864324
-416918268
-58711734
296969150
38632284
21648658
-189721140
7413949
-450738459
-68266848
-182498415
31063196
-626293518
431915960
-156963618
307209566
-29829345
10289298
97017652
-817756210
-371619710
-43858098
-50785280
-837050760
624241296
89496082
-147521808
-47748750
-997101
-620861556
259132857
-219743268
36050944
-12514635
-54334680
436361019
93411864
631265544
13523438
-240005920
287594656
21592584
-145819908
78418692
28139166
-270899137
268079055
-316552625
-9114624
440379317
-128057104
219665932
164845170
231967646
209479984
-231111408
-453259000
-57516396
-39685696
-321116318
372656192
-83261130
-638225639
-46989147
-290312695
17913852
296084360
79342548
-22777590
209259685
1058914917
44838234
165636324
-142140255
374721612
201085010
722006457
404984000
102159645
-296456568
-206841087
93866364
455075334
-94994280
79716256
59454486
374221248
548540355
-53734056
267767500
23936484
-36575760
59373388
-81416132
-123711924
-2411080
-440973598
-159079509
-812693364
84540600
-177479907
-326196872
458326752
-406970006
136392326
-77534178
760136937
670169190
-172427071
23486850
-122710720
283208736
81166540
-4403934
64904505
512771194
-123471250
288394502
251259008
390468715
237066830
37898808
-127194984
-71453081
-81945549
32739971
-388432467
-421972975
-56305227
-620384244
232124786
53467714
258846500
-542581500
22292270
33056608
-178402950
-411465960
-293140416
-443233612
-152439373
747546800
368625042
878901700
258641319
-340573362
323437356
-361426260
115189776
-90087960
-675247446
-133269030
-36639784
-304128678
-380190312
-143911152
-747974435
344880252
-365241370
-9297878
490786826
-480202884
-524295006
614849131
218613613
828138152
-102874730
95301360
-727383270
91391964
-432533804
-11128281
418808703
-216316656
-7764540
-275784490
-169322490
24936825
114477516
-433345016
116205960
-763042577
-873435862
-299222
-53519625
149868432
92859403
-57430305
261806820
324486678
-668659904
83339839
807667328
253714460
-667351440
-2199060
-590814
-819193530
-679566965
283721840
-275322319
-150424677
-106352477
-491247072
155943312
128827842
-394802590
-86067755
520008606
-544433316
204883365
614121735
71524920
128036653
217377654
912441824
714795375
38220186
541868778
-33059826
-351142474
135562440
-234844902
-56865008
-509106422
28771344
-781847425
-2245734
-23067576
-259515780
583441140
367184195
593563524
109218851
108734925
705394251
-560060622
673150430
166778624
-28814391
6494910
-713794848
-373981788
-10758650
87016630
-497713088
-31174136
-24180474
-373527156
941110157
-46429578
-34687908
391727471
-793969896
835428880
548876602
100278115
2126982
-577214946
-675760908
27915779
-416068
-40555515
-140230818
47864890
-384109640
537818774
159047070
-918769588
35937118
167209952
-779603634
-315810516
-310288056
-892980372
-244199592
90018285
295511600
149749355
262381168
-12961650
-77299145
177287220
-472183640
43669980
134888670
-207544040
9458980
69200217
-317729478
-90654852
82614573
69247860
198630584
497695110
-181622700
191135374
-346254015
-278602652
101503485
180154491
454917960
87803760
2503176
67135825
22373351
83135808
180447063
-364410232
725429406
-3325948
218322381
585553878
20213397
222786445
-168383700
46999011
260947925
222053298
-376693724
-667580
22307923
-289676142
480435837
-577812496
60668811
-423976775
103993460
-484316742
378972792
-345565748
219094094
-220616576
-154326742
328498329
-602379726
343541596
166617612
381355659
77752848
392198300
678287736
633743460
444426445
-93466788
356995681
-186361563
110552068
-342385986
815483451
-657208530
-571634112
311871559
493628450
-232116300
-929583392
23562560
-404826839
-90395844
863106660
-448215174
-398592675
-40911875
274606836
-56189725
149908176
409045490
48604190
-702603279
55484385
793360656
-463942080
-249144912
-370877228
888086052
155514040
-72242310
454329981
-638573652
35397360
-570678066
436533965
709036631
541390500
204295356
445699296
-12876876
-242140164
308968920
-731365648
795934560
-125495384
114810136
-876132400
212862960
-95404032
-69041505
387182565
275367690
-455766292
571026456
-392418110
-587489280
-302474150
-364551800
164026852
-426994467
311012784
144730100
-82367008
192368550
26924976
803303096
-226733815
208692840
384470240
-334676992
-328266720
-16041951
160631276
100058000
-946458520
316146954
-117756600
-37169880
-36089758
45594656
-207186522
-382863198
309985004
-268162893
-65080332
19272681
666460840
-270962306
-255215552
-636352
-661921117
-963186
-146802683
163827294
-228663710
-207679088
-72023055
44451584
-495611844
-67111310
-145847052
-69702044
674321284
-113565568
-178587200
265567463
-357748834
374405334
456772088
-139097224
59400588
-46523393
55906740
256330184
-259416080
36951000
-534092895
-38266458
54541188
101445056
466353571
-441140966
-146471215
-31615494
566594595
525664640
-15573535
585043112
-4024944
-118074350
-21902725
-546762520
104952662
-799480
45633900
-184026645
20079900
145914340
-671967177
448372044
92113482
-181111716
-57068634
-300257104
136529190
120591988
156680391
-27994208
-120681137
-28879600
254768754
810916938
75662937
735269106
31862679
215735643
-592974513
-123002866
419479176
-578189500
376379520
-161638700
-41136282
-826229648
-145626640
204662763
-14262836
-139164510
-924642078
-212440503
-409877454
-30740738
158953212
61603016
-451497288
681791460
-102093194
-5018750
-208868418
57189132
312392484
-71023994
-211831996
59795715
75008340
-138254798
-642582050
94124970
-51012192
62152515
-475436220
-106274064
-322117800
52084533
731172550
161606184
-92476244
-89885800
119181812
11477153
156980898
136597584
14395392
-366908220
46140468
116225330
46924500
-98158056
464182432
-603882320
-450507400
-310268730
394088576
125294688
238270148
512982639
536290888
898121200
414231049
-126653544
159230548
-273973536
-496596600
-331388444
-541216281
38564925
-152958652
161414968
-992527536
-47075660
288336440
-527452104
-337028985
9256192
616741776
176012244
-10210160
-224299997
-85229955
-251328900
-73587000
-120718200
-89647623
-376828221
-175234392
-2308080
556653200
612001080
436106112
293895195
30112308
173958687
121987980
491264220
-277887834
-232270829
34619244
-118902692
217673460
-67883989
-177462924
227202924
402534966
178349662
245057265
-356946304
934574928
-101532960
281859200
47966100
-345480
209753828
-74789020
-22949204
83782576
-581520615
-454812920
-285920601
-77037840
-82551936
122091851
159346316
135401760
-85624032
-443958894
-9397220
274133392
-143217668
-731106888
372183771
20933918
277004970
-194362605
47582920
-376902496
-800233658
-13480676
-222652760
2227918
43174296
33848295
8565158
-246278456
536330252
121372380
-109501384
15080635
-37834464
103337066
82177224
7057700
394458480
703282758
254422632
355572645
156295296
-150851610
56653702
229181586
210080196
330946200
271560367
-146044647
-576687560
-239096134
502641903
341384448
-108803368
207527861
229976172
-1596504
467109600
702137560
-473850390
167812446
351240112
-758724890
251013905
-356285520
-53612400
103119000
132675632
205703955
-16195144
-424283296
350943802
-47825494
-5313198
39013485
-6191787
42723250
796167095
-72002128
10389470
109776659
131616642
-328761740
-302045135
30868065
8696100
-927451130
593665200
501401321
-559767767
52349139
463404960
-578649645
7344258
149193486
-203509260
-108560249
-173639180
-59286787
655233244
267525
121711653
-158977247
-135065994
-282013704
-778556085
103911552
12691632
-184219308
-45884418
100677687
153016614
-354385490
-150673938
23544736
-35617800
-496771263
563248185
-217923716
-491173659
23274000
-43061508
-90802806
74293162
-375306344
469674
-631533094
345484116
345877056
372711686
56695464
-532684306
-445969136
214162776
-234368582
665625708
-220203000
-139490494
141724044
-166722948
236853240
-145916218
-125381880
219031680
-137237712
-565587970
465052778
-281855868
28130342
20721008
422250724
-78900528
89121970
-37818440
479661018
-680750186
336388464
-192923660
2572570
117502896
-124502480
432477556
-203309500
-31116932
54171136
-265741275
274657438
34421547
-522406542
-114768873
231549080
183200974
581399080
-903884485
54652476
-510012000
-39040344
-259124592
-175661620
420158655
105989442
287988240
-48818995
142763296
-139552400
-18459448
-170622380
167753090
-223410984
-690220206
329350320
759530992
258251100
-51006504
-25585035
-82972006
181769088
-298176554
136506696
-73797288
194907440
-250590466
-78980804
273558573
315347604
4050981
121415042
369250336
293116966
-284442432
305643297
121639661
133466463
50104215
-7862536
169907012
59644824
-94874000
-295205017
-957062610
763684680
-13968864
-414499960
446777864
132318384
376729305
-661964886
238625452
-132140463
55070455
-121019872
-32109670
-83459108
-128372650
71920746
3000356
-5576818
689128944
-120290965
-729859410
-15097896
-210788620
-270855969
300275226
-288940001
-152273862
835403006
679615560
-278933083
-35910022
521561280
-315618264
182578848
-340830277
342346917
186578771
464063145
26745417
-71322076
6118494
713419230
-887583620
-68310226
341740350
-214313208
1897992
-366162456
-7351574
303698440
-269863848
131110694
-23926716
634129775
-109706220
193583871
-769145960
224794800
-228231738
239839635
-482858346
-359320875
16738250
81297099
-473496003
-255995520
-25921392
612138320
-8646520
-204585444
-615664595
-110718270
129905230
-140782686
-12570744
65476620
726158787
-244634249
-58090274
32080040
-84927544
171269823
-425407150
5344669
-201498976
64192072
532402420
-30057090
-141141
86064921
-514030290
197577922
429777257
-29307400
-108915716
681022199
-799375680
-148277102
289420108
-105955500
182446074
9462454
-32383472
869875524
-426924160
113729685
594526737
-65295967
-754081570
-71324659
704931147
315098754
85834136
-280687152
-268844040
-47769725
331556478
-14873938
-329486619
-381673564
