1000
-166885677
-32338070
603239643
-12676840
148448960
778440
375837
4127736
-16799940
-6563309
40104519
-352276244
-51624356
-666572800
303332625
-47358936
496906
-79109208
-5844649
-257350632
-461081962
-167102080
-263453981
-312690690
289807476
-445267392
49170996
433873729
-268101970
-146270124
792120224
345000824
-92831225
-133221805
150403968
-189813995
19675500
529468644
9907664
638446445
-733324482
-447487553
-356398875
31260600
-508628080
61628
600945750
-204595794
-715973696
-140938728
11498456
-440968596
90201870
639339494
207814050
204186448
632776725
35863836
48965931
40157600
81332160
734585670
-497529928
-271092640
81932034
10399248
-12502058
88992918
13755228
572186488
732709552
-370378981
102769710
243094002
728158450
-278781041
59752545
98259856
-457723656
41723190
267492545
-278660928
-415161216
7267500
-125410520
516859595
20683404
-499336728
47340800
-14840796
226195044
902480540
-149684190
316472024
-230378373
-229865
-274177020
-26139114
-235705484
-366450524
615675325
-512199870
236385060
467466748
-150558752
-55143548
102116798
12994944
-106100600
-127205708
-681992789
-683760372
189007874
-180336399
70766464
-689560426
126541213
239956522
-138708940
-63481704
-128919845
442785348
-956880404
60501472
414076485
142600
47503184
245477792
3756502
-335238572
470383665
-77818860
-433147610
254900628
-81648390
-349163472
78423480
-479970547
373023775
-214793040
-152660816
-132663630
393077520
467889252
-92109117
15820578
525381178
245139240
518505204
143442118
376324
373861488
843728184
33179916
728569800
17813960
205087285
-546014882
-122004390
841420825
-89261848
7997616
-3312720
662911593
60024226
53673424
-571805094
153146724
-13409550
-481060140
-429214807
495741600
382404171
-383390703
-106380176
-88689120
24943335
57151008
-292488340
578287802
765573446
-10589850
201355750
477519839
-64143274
-219390000
12564942
214627998
-55627932
326828910
254791665
-24599075
10583765
-9995694
529638148
-262283106
-284949819
63079720
195634335
-535213686
101352384
56161
135731200
-27322160
721070974
-737539560
450203689
665075763
754033280
21454117
-174781054
-2256940
360505180
213252860
547247379
-138344688
310124540
343964580
41199488
228165856
597026883
92260870
-438039674
-250635476
-80332168
500577704
-423356400
219903622
324583051
20323248
-103907328
3557140
262632268
-575399076
201293430
42818643
-252878370
2279570
-225666935
-257027820
-31252637
-112180722
539914628
118357632
-271485868
89441940
101664970
-25391228
-57333906
504782167
-271573509
404949128
225424640
-52823943
71776125
181035184
167696908
28850048
-242453832
-155232858
505628110
-31432872
72672552
-636457416
-826816369
-97860972
-84353198
33718128
-54493116
-153692847
-556126740
-891732807
629307666
-114479636
-131512108
-754781574
225889366
522578896
-489069721
-694201690
186172895
795212125
23117492
196389965
-939593128
-618320128
423606760
16586427
-46612720
-563734416
-216422076
6979952
1537964
98913423
172224006
235632465
-231241922
10088024
-391857550
-106144380
7640676
-95764653
-819214858
-30859913
71080233
22491520
-432753730
24018304
-298296477
155125530
-323432349
-358683750
444459423
-108630536
565998592
-399600924
611812488
-768444720
522409272
-140909760
220788300
62413469
-118682512
-49539395
-546978536
155020356
-32271000
363472380
-57913000
-36505840
-203510599
621275710
386635700
-141170281
-69465968
-60034698
-379245200
-380038672
801964394
-233517990
-4659018
-91069500
41925
171085316
183497810
285012480
-421830880
-66038565
48785172
-24394574
171254600
16827765
-6905745
213282300
-198640676
36514062
-273465500
620830748
-2834560
-179173410
441389025
-153540648
-111653179
883905486
-462368066
231639990
-122897952
706857552
640354050
41892320
497270865
-300518916
-81586454
-184963197
-165527967
-242104308
-12646251
134179578
-805820697
79325032
-59068490
527088528
247018844
-388709772
-71482896
23176917
-34536564
700076522
-349097616
-37346382
-86987550
-176311590
47780690
-15897000
-1289264
-358801716
-172759808
-129691107
-114042924
252646854
5390802
72001500
-544837944
139926312
-1009134147
-29923532
76215230
1244760
417728626
808686207
-31045848
511011442
-347973543
-211390545
400707000
392467092
-17152896
-159050688
-89138055
-852512770
328091136
70123116
-491704546
713120436
577240127
274877484
487136555
-17349248
-458715648
96254008
-31673152
-29142932
-172546920
328341213
792860181
-8638413
469200888
-564750472
-252525888
-7158460
-59100704
69596188
-17694600
-9079208
5147358
-308716600
-569856000
-1008375216
162205177
-7482485
290076332
40944324
655326880
185778472
274147028
303954798
-44536140
-185834269
863324604
-610182384
6700984
9937344
223940020
-136745759
-364713990
-273006825
15500826
-227071664
-38375732
172882490
-309072648
205688680
23067666
-622291686
-22219740
-379389195
31436360
-161043561
332470848
24645786
375449347
-232135382
-749987502
786169284
221750136
164093622
75421950
-584487610
-757118916
-22688844
226439118
300304296
-43899180
500196408
-121217408
230141991
-456250665
40819310
-73774968
270768874
162915727
-571401376
527881620
-113610144
-78970338
-490575565
58780975
756721337
-539458816
-807533079
-79960474
11681447
340319275
-149046982
175207879
-120486132
126939438
265703472
-7906598
-29528157
68664402
-22826853
370090944
37906209
133798722
-111674934
139227180
389275584
96445960
216614678
-32044419
78620750
-119481856
60757060
19745760
-555167710
-52364307
187504412
40306002
-36301825
-47410244
12488402
844557140
369905832
13623703
457612360
-554650085
-509108400
-561232992
-532119968
312553800
529270200
-281088852
-329826350
63527100
479876780
-259274804
2738560
-118572467
501350999
-98861732
213888672
750699928
-160765480
-329930524
770776116
96604307
-20997343
-588295672
-101361293
-406190920
132290145
133579918
63353016
-426448295
700858417
134049890
109138470
-24573770
12007664
686103986
85237724
-27193166
-28497378
-177047080
336591398
-19129388
36852464
-42159480
18386128
-520979831
143225096
51508800
-56201568
532808656
-511888938
-344017571
-318785680
408672832
-143438974
171953258
-141153606
607931700
-92468160
41504504
17081226
-484211640
-119601390
52547814
15599138
88571394
108368497
-714043986
20065428
318919443
17786736
-238899462
998748165
-103607122
183143640
-589026354
737609450
151221573
-916839000
5432830
-280242512
36740205
-7506679
21660759
813071454
-540284594
23135858
776948320
204150726
384349492
56451185
-407276760
361700400
16938924
-221680396
-225326361
-719814004
497366289
317531112
423092774
379963265
6775461
898068
406278444
-117421106
122302440
276612780
845306341
1465724
781038720
364193775
668755044
-18438732
-554829282
1064141382
365505576
-341618280
-336047310
238988448
-231582912
-912371040
-15941992
-672561048
-304453890
-62749520
605924080
77230025
-124179632
-35296860
1001151117
-388943160
301354236
-464075053
220564420
150834528
22280124
64345880
-16149200
102167156
50911720
-150964515
33741296
-390797946
656264315
398350427
-57490410
34462995
-193249596
-435458460
205187016
-96673416
301324275
660
-18072721
382054674
575240560
448300510
602612430
57656038
365630202
-655429329
130609556
-19527345
-121752232
522216480
-43110400
84169364
-101047764
376525969
-553853900
394437010
-304765899
-621224084
190631142
118402516
-124390777
-405587325
451272897
126918620
-646294350
-581916120
-784159695
-102668790
80340390
-529030458
45799180
-122162688
-464813712
-37095564
508923345
-117079932
-85044529
-516836640
702876772
-176174572
-865129608
-28554240
-740868480
491944119
290263875
-163871590
5763680
245289205
-200255796
-693233970
67997083
544460350
-550990933
-220080070
-312640792
154432670
211286271
20243300
271336650
314436936
46964368
-453228744
216291944
188728730
-175236908
-61823084
-958783455
-501039250
-214388360
660940570
-388693472
-846516468
125331857
-150805342
8196600
-27978540
57412000
102681075
165563958
415343093
430526187
-877818992
-461594658
41629440
-51376230
-502829046
113419460
261784428
120661200
-295361440
-301345312
-99507870
77970919
-524552165
196993461
-466104240
6536793
443313730
-567057920
381047854
18266772
590916048
-24730704
-117463161
-97629880
-344353500
171909456
-422058096
-39533760
-24710130
-68860350
-57004252
90129443
146049389
318901023
676620942
511707945
458645638
-145393300
143592750
-175266300
-6650440
-284855372
165049332
219345154
216931390
-229484832
-67100940
-101190842
-490602630
305472832
-14670304
9318995
796051542
-586514904
-222927362
258723899
314506552
-175686720
-318527649
269193708
-677457420
-355344712
-206455034
-2503802
-253946976
-121301206
-556497900
112975710
-173771760
-47031054
419445618
-271674364
-190790640
-296056085
443775438
576636885
-595464424
-359293363
761298924
-350382576
3530683
-280771488
25100670
450501856
-568276415
-99624181
983929898
124198776
-235120602
-355012314
-47755950
417850675
862461600
-662981628
-731973620
-661685976
229906690
782237484
-616153681
-85226982
33361625
446149776
101093965
196683512
-80809218
11852280
193692085
71235180
269225740
642023872
95678396
259032634
609299600
449946903
67254600
582943611
295438800
-23237504
353663700
229604790
-817187112
94929396
34917974
-415114128
-334037037
162205372
680140032
469121100
37703400
-686617641
117012000
517341768
175657594
-68884326
-18664234
-114483200
128356592
33703866
203247816
451880056
-288159538
-573267051
-110846746
-377239758
545054067
64925504
8204880
76275748
56925120
373699840
664671186
-252261760
-818777488
575355330
529836065
89864802
-181613097
33152
125223435
-77553960
-31003224
166489344
355291560
100113800
-658942500
460535640
-200413940
-220902650
-304465041
-64741248
1034495800
40306581
-45840955
2796558
-13470630
61175040
-42120708
-18194218
10602552
204544620
-63097136
256582700
367411674
-18189504
733824
-81464988
-114895952
516882312
-429400692
-267461664
-136002510
-469596411
29233815
72041142
-770479276
69267330
-804811425
-308442783
-214673812
-151836465
-64156405
-88084494
282616658
65949507
356979855
-53102592
589174732
97308120
25091704
-353894340
481415895
-198948816
881168064
514148030
-187676230
52444194
-114572042
31362325
-150944208
