1000
4270249
-435714250
-551774820
-447021105
456857280
307313874
50816130
78312454
-2849544
-143217360
236333916
292590870
59586280
354612024
-390530490
324665020
72459496
-20416286
171744664
445044800
-693504180
-208678134
47045040
-142553840
132224862
629531332
-241139038
-245775968
930437334
-601817343
-121805039
-70900038
-211509320
29856924
-14852733
59972846
270690555
-459496599
35957632
-218760360
-59835933
-413096112
830114832
54453528
-468307450
140248500
586952100
323835546
-834862308
-61692813
139068144
-49177711
-96247760
209750827
138341205
41098635
-108275200
316120285
-408794007
151878144
681342800
-17615196
648415040
-397305918
215167208
-957923064
235635584
-376669809
70587940
-568034500
-172773232
-303734017
-692102028
258510069
-467558454
142940207
-356363964
397559364
-63424152
-31418889
374129946
167670999
293769924
-683543809
-249776205
472508127
-29662470
-589911015
114420903
-444937056
-83805696
736537936
131614080
165700003
-541561848
-12764310
489463870
224219160
277354875
263606376
50409970
-161359366
-244380983
510803640
109804425
-353787895
-479171496
318528750
536647704
-42146260
26472504
-628995752
-3106383
451187750
290163051
106864665
412558168
-160301168
49401324
320858928
369053872
-81672624
-477825030
-642907734
475150
-260380085
-660989955
-509108760
-132736212
-94721
774709760
-433124046
-165297240
175748610
-3041060
26782672
-12519408
-465623886
906068437
339234858
498764301
285791244
511941980
21955110
383296782
785514114
320715198
-53469169
772811036
160390270
639734290
507809862
-142388928
-385162344
64142193
685651566
-543053865
36711220
46184614
-625150384
170323296
142631360
2798400
570546648
66119328
355465497
201515121
-600047588
1043574609
-148105602
-62953404
-521805487
-35226009
-13574869
-84620232
-433861292
-174084390
40228092
767978928
194016924
2952810
-24331696
-199380764
294654378
-12879846
-218841546
518609755
-372619029
260231392
478986400
472311315
469285531
213715020
327412800
83052615
-263079020
-147784638
-256629680
15914997
-169201410
-9762784
10087584
-249872664
-113952624
31082278
-22209780
-40712056
532116546
16965300
192242040
8644233
-1708290
-562577859
-105369325
-394667550
379480761
-569989359
185455427
143821950
-60078541
-571558900
627066328
11304382
128180000
-273650520
128003344
-643090206
434142584
-187462560
153809175
-186923397
-631575245
130906960
-204030210
73839360
-132765646
-319307508
53141040
-689182480
139867288
-297683040
-452220264
227049318
-193628928
-714473633
-448234087
23128036
-501995340
74533196
150950625
5004324
803195600
-193033608
660604710
198006822
282435210
350073861
-534152094
-72724745
-688361752
-23077472
-695906910
59922187
-567601034
-7713992
-147126670
157385481
265874352
-84038218
576613488
-180424608
111302664
-47546436
7945028
61454678
604051824
563484363
346069
98825760
-15815547
76056552
133905954
904982012
79056887
-1226360
-160147680
227747520
378904178
-550465062
-91703346
142538506
241137189
-267767376
-117223904
-92924832
959745654
29983572
113965268
574972551
828758520
-475515190
4643016
232847370
317855070
-7080075
-1041348270
485604108
-827709030
300431934
-143703162
-270814086
5568759
6975960
-16288299
-738589995
-308709660
-264462637
-652448485
-74488368
-547292356
-104504075
-23924160
-398666493
133981250
105534915
552921680
70119276
-429866987
-55852232
-394768288
835987167
-305563264
111726650
-438694208
16787508
643426240
464232940
483324102
113630972
-101372022
-86852144
79579197
-69903638
236485224
34131650
129563160
-316782364
-294495360
72067722
-387968052
-99510554
26911170
-468868014
218524080
-510147454
-50065218
44068644
639760638
506019696
-174913011
152243494
-244517779
660366852
464265060
22313214
-384353840
-618332200
402217536
637756326
49670712
50267513
121081620
374873895
351673424
-922011980
-464780200
-61193429
199182080
-36460914
-419785332
-674149050
-217511601
185435560
-7433322
-118667616
-156608018
62894832
301292387
2311958
-272157444
-115816197
-179293993
-33091940
-724280504
-28730268
77990715
-600049480
448596864
29400280
182804304
-459731448
-34565206
-53310450
-146899015
274836840
-27592188
10216299
-2624715
141747960
-141726000
-392857344
84230903
36913002
556679552
-474090139
-174387983
13903263
-388950030
186063750
55905251
-240337080
-248290315
-3718685
-733922796
-195214370
703127595
-219434988
-204388962
-33575320
-71380608
-159097977
-70415156
85291164
190701998
441848349
-224964958
94236786
20445018
-638401650
-424391984
-896001120
146210228
-3862764
406699200
-435849453
-363317403
102040871
4341950
-3324837
70783284
-623995242
356135022
-436589601
-589087602
-322449972
386264528
-161415989
-397016448
43848260
348901112
271546354
100419032
25924611
610873347
287162958
42808116
347762974
-369247672
-63665312
-292975791
34928000
-604396156
-109207084
-741780688
20886048
99989184
-198344666
780034370
532892867
407663354
94178241
-445842504
97131438
-401917230
-534459368
166213029
-212216796
789280524
695766170
-1907794
-143775435
-42061918
139640919
240584322
1371410
-38857098
344034400
299234862
-189179430
570824375
-405682640
-11802570
-127708903
883435040
-833478282
124067200
37572834
2009196
-23422136
-777967740
-6733864
439836800
-261195145
136041994
-357794454
-21454110
-247398212
-333015091
695182520
330888666
14479949
-358501716
-429258984
85730898
330138088
-8494112
-244326852
-22446918
351095276
-297416300
-4772066
319667124
631784910
-54121632
-273912597
-46642014
159621120
24486462
495829224
206174459
-264117018
-406678496
-45198112
656847741
121176126
237546846
78005400
-811784160
157504620
302287076
187007940
27143776
-70522074
304643625
420022360
-179246760
-330559658
-780003312
-39459720
211809024
550368050
372993415
-172847482
38217390
13342800
-198159570
-300513532
296154756
47958820
395913584
557727
224100240
446638470
395128800
-75529672
190539360
-17258808
-28759976
909642199
-603325920
-221809302
250038655
-1794662
-434386368
443452720
801829990
648782113
391320
65788200
472286681
-40764225
106180392
118407578
340215080
-128782420
303637872
103966743
713420112
35040746
-276957840
-216628542
302829780
416586348
423647344
-192234000
-41862480
-36130780
533440648
449208415
388163320
-107888025
977680248
-234330824
141691260
211502763
98929224
94403448
386452118
-707749524
-133304429
-74259654
118098450
170319345
-1424504
158333472
-659867370
-182910592
319726239
-969031008
2810920
-346352032
296246632
23381840
64978880
-340053360
661012287
-333912909
-991179165
-44152658
134501130
-398933764
390976448
956516260
784142532
205234560
-82815075
-382574920
-115278471
265262893
-17866860
42224511
151739776
-76321440
272853386
97664100
-117910987
285596375
178930752
150847284
69685548
4009278
544674891
-166894574
-137380280
421565559
-222263654
-671189750
-107632287
730560640
-251221572
550546128
-466959672
162852558
692366885
-174724570
324805624
118869975
366449344
383668824
-532893748
247506000
442835030
-247208165
55904350
73278492
-587079000
-181623182
-25403908
522583957
-672953150
17609060
43052616
-419996390
417954435
-623369736
-100253889
-398311074
-843609107
570458094
-152765640
142948960
447091840
-145339610
448250121
-372733824
-330072743
24760116
837713000
-611481655
-817560357
434746820
1006071872
363089559
46841001
629115547
-197713570
726375405
-54685980
-376520046
-297057536
592691580
378529261
312391820
128907118
193826520
-16858518
56485716
810874440
20650284
-188167210
139685256
-787605468
72656115
-116681580
596706528
-764467600
397830967
-150681912
109903543
-139185174
-783068850
-111920704
135590589
-585613605
75644586
245156072
540033715
-87327752
-14824901
-799143921
182455516
702064458
222812740
131674257
170299949
18595071
441073785
179664732
-41816824
55683624
327979560
-537596622
950571500
15998256
-91973508
-67657940
-311223120
-250615206
-62394804
-111858539
-14180604
-42279259
200676960
327755303
467115192
204278074
301826528
-141453228
-51728328
179857280
19715202
-611957199
409869592
-415987600
65221197
286569765
160574900
478786352
390319656
424555722
475873375
-4708953
-183392077
-152152544
-262497125
104469490
97130481
-427449729
273277368
218651488
124629834
259947792
115484890
-367329045
-154488893
-430070391
65238600
16728468
109079276
-165020036
20020203
326926600
-224911830
-35306586
-492290926
348350563
445437525
98070137
-358308308
133882320
-299570214
592575328
-172165257
-56642650
233671880
467721738
-538791360
-690231904
-83660063
-14481397
-448037426
123303840
33564375
-229310775
-371705760
-217324260
-452369100
578092504
70285986
104542040
35138752
-102955132
-476630
-54129836
517111270
-564998982
-500916444
-196062538
39488178
178092861
-438674236
-432495504
-143364630
55787523
244634134
71639750
777490953
-245933101
405845920
-345473550
-304710240
145491766
-765077376
-545655528
43079444
167140272
311757336
77900778
-748902816
13099200
653108720
-51577455
8656440
-537378190
130555152
-37197228
137388328
-495197625
759706670
493194744
-284332188
-673899380
-116517340
-360899618
660306843
-46601910
29505613
428187426
-200635310
128107505
119227672
776666150
-508464272
584665305
-79920330
-210577323
-72046496
-15725556
117702435
138681568
-336082978
67611286
-109577802
761078560
332445384
-365903516
185843676
-12023520
20565104
56690944
637570983
-210252834
18836117
-398779350
-13206252
65521485
713651614
-11357050
-92775536
-492722212
466629008
-139126845
65043972
-90531580
-268860551
-164416692
-321332544
-148980195
-10730176
174545952
-25576768
-245200175
-264356262
405777736
7402510
-73203372
-300762480
622846224
-209260800
76038790
40690100
157951500
249397200
-395129817
-93347722
-241869471
-238056132
801527307
-18251478
225108000
-124619822
-335014264
448436124
-18587313
-616148445
97616428
-625912950
-31148391
-109854654
-313973478
111311925
-242864244
-60383032
-354471186
634610400
-248805152
-562017288
-82895630
190300
-63303210
124253628
93036420
-277951896
-45627650
-112547660
127603740
228846384
72593832
84702478
-749446380
-1001802185
-7832305
-136769892
1647576
-156906640
879147728
-36471456
-68732055
80650720
269552448
934611962
29026464
-657135276
-50966288
-698374229
111741850
-90536688
-284102100
471752992
-10994240
