1000
-395263296
-116601856
-252068725
-434601472
-773332000
508882475
102767648
293386320
-42095532
-532946854
-94452492
64438682
88579491
-80032668
143494608
-9285696
-14504373
-12528087
130818897
-22998771
93258558
-361429758
-130263232
79071200
169216320
63658509
-7592772
216972800
69670764
-679772331
-357688350
-300877920
-102546420
-805537160
261562068
336782144
-877172868
-584507975
100565388
341141845
-360097179
2218400
660642542
-690114608
-229588089
120828097
-421881729
-30395980
-452169600
-503828520
-103399025
-201008560
-61282332
788165
-45050159
-528252140
-166394950
-506943904
129915285
-167358924
186833922
-31664675
-55164340
-46953190
230279166
515065950
454769474
-250111422
179968330
-387366388
61084404
-319771946
-416222662
384069680
-57992093
177761980
214681962
-64453936
170415044
275366160
-42581352
15435392
172954872
-620072720
287733392
-102695040
257084013
-430637529
-177323445
28808190
617741082
-51436288
458180976
72890517
-196843952
-148192573
-162099616
-164334430
-145344456
21947850
-393633882
119427894
-180001620
486160752
164790515
-292078000
388307550
445988178
411590400
-264190280
-27666760
-86594625
64006740
-14816280
-27907437
-289402300
-235361568
929296940
-138270740
-263228641
-254529201
16191360
-134419988
555319905
-67287978
-280760625
233776989
160213526
-298703184
-153912320
-89549746
-128058777
142340406
34049099
117988524
-853806589
-5520800
62645544
471639040
-44738758
-527271849
-206736354
-20808904
597887676
-367657810
-547253217
-421224642
-60507048
207919320
614979064
-376953003
-102918593
199621002
136585344
81710490
-290249440
2704928
46121360
-7575645
-51045300
80655400
-73838208
-133284285
156562434
210859548
5382380
-666162002
387194895
132577888
21932547
-45645768
173253630
-144068336
126681808
127518951
101082766
417610584
218439960
19209476
-674752155
203476536
131353510
-176331961
59046058
60882130
-749097960
-143846692
155608038
-29840475
625274892
-5984052
19435492
483072240
251989776
909501720
-77742500
30420505
48999879
214166652
-248655446
426089891
468418356
-376824976
-120338944
188332677
-191940448
216894008
196372848
210895822
-724627847
92434415
-205500810
-336873654
210280054
58827398
-83487900
377869002
-985274416
28370719
-239058624
-80201920
-272282589
309665115
-325216458
647723022
254028693
-222555363
-224245413
-224458115
-92152725
-163210608
78629960
-411554934
-179658408
593551464
204400960
-865889232
-742748240
-408689544
678680610
491869014
-608391377
287897895
-5033821
-114485400
-332931585
-937743488
152094948
-632820505
-247754328
630241570
62229370
41085132
408675462
102449440
-261746793
-19924809
260158287
-104763000
20968298
-551865250
696008450
-5992755
-19054200
30853770
346783492
-126863000
-255910704
406592146
-113240322
-323224710
-173497240
297394232
-92327872
161290456
-119646802
247195185
-343511700
-159510252
444278032
-66332100
93528075
322795934
-360431235
-24986052
-1188824
-77855843
-133952217
-103552128
34924500
-87122988
-41334930
204983212
311339240
119576500
110366930
313300688
261749814
-141961560
160151700
-734651958
7411932
-236438811
-715685980
-108997360
955468
30445191
793611178
-222891690
-148394060
-350911552
-689106654
-84114875
-275933805
502686620
118197680
-324283317
-742938180
-270494404
-456398670
-420454696
-536873992
310718686
779084750
-360345117
630824062
7321086
508339832
-165377172
-97464488
106634346
-377301300
408019788
-623849809
498253318
-25850718
-26810044
-272815992
-160928766
79285392
95124480
-541536039
-349574400
189336354
7107515
-56798156
-582550272
-300926010
82905075
-25169593
-441533108
503328342
133260865
-416004584
-291076565
99354675
-350322032
-29255940
96715785
-193875
-99449783
178336065
37410400
194221188
662273172
43936308
-168686760
-81686736
-110082680
-226980672
280300468
-174693141
485468178
5423132
-117867456
-10559990
134752519
-84769125
391579386
601432352
-486905538
375893700
2517620
6416540
34903830
-21070221
-510460632
-94610628
-136354830
62716876
-241839145
-489469484
-127522017
-1436960
-937652595
-797114458
-65168922
136341616
46137929
828876530
182364540
76449812
-78287790
-25105288
368870292
-139889580
-210620449
292111470
180554316
407358848
82369754
-689352573
494517940
-419658617
-405986600
-7212700
477851451
84292620
282732780
-409444359
-423199350
-273927885
-221171775
150537057
386580765
601681108
374585344
-240865317
-214693794
154535010
-279418488
-492936712
92954854
-15217272
419104400
30294278
-23123747
-4304828
82830006
-15513927
-179055396
-63155205
-156457244
-78233232
7157577
612374346
-34454322
-286894598
-513212904
-225967080
17417820
-159551955
356237520
-509018724
118313790
223624912
-224391821
354752320
269067750
259635300
1441104
-541029762
-176906340
-535394110
-57180690
872208810
-80662979
493208352
-171724112
-13654126
551638332
192874386
-941233630
-283090026
22259281
96031765
90674785
247238705
484397364
329294677
-201338736
-197166310
-811051728
525538695
-155269185
-640966929
-124658975
-51865260
-75397220
226434990
-188497792
70323258
-187632432
915710070
250572528
-719954235
205033826
-765755848
406351850
-248491551
4166600
-377775325
-9285656
-29448986
762886548
633488283
-324843134
602842373
219474624
-200124051
808218100
184507650
-291596382
91580990
72303674
325896700
468132293
188222685
809387577
-437936799
184419434
-489474080
-420333366
-767257812
-298236798
229011813
175755128
-172878488
-29869176
-513681102
-722356530
519741570
51439500
15985000
-235149644
171230902
-197883881
-97337380
186520701
-25128
-105215550
-927964076
-50697696
42284557
-65862018
-163873811
962567664
335564547
-1444239
-632992987
-8458480
-342648972
709829655
115842165
43880274
-327539772
84519920
75477402
67101294
27219193
41176092
-69539760
101748944
-556914750
-105731578
15329503
41954354
347628892
-15526632
-536913
560012934
-323727436
321366006
-6672537
73409860
65935764
372836520
838890320
290794251
134594649
-149329041
-70905780
882240228
-294381360
105188324
-77616708
218729280
119979664
-328541890
-805214672
839046
287996610
-262472910
-355799066
280104188
402432483
-162425262
68951674
-14909016
-159579294
375072020
-208931118
-29999956
-348395472
-8092992
679273322
13831968
-307217430
-121791904
420130536
-59412780
466070745
-837270115
-151075868
114528048
937678500
-126281547
248685447
67580370
740955207
-113662250
-171960208
-155925110
325594080
-434611870
-145590016
348376368
-56219460
-51209792
911649497
-426030366
-178714304
-38589384
427564458
-95440462
181616695
-408885688
-949224366
-333762000
99512478
577113000
-357504482
74585225
129874344
-27567960
-72423832
176707588
-122532389
324236052
-652528701
-508741519
210414140
6824259
-279488160
-970319021
40515396
-233419791
737728052
-365784720
464714680
548987400
-394034893
-354429496
202005258
-43640730
-122185260
-216852720
64127246
-327094752
-370942726
-119536992
-251857242
148727690
-6494957
464138316
172484667
25217120
236061440
78057447
653709914
-575276
-3941960
-54351000
47609456
-316295242
-26517330
12047672
-122295210
-303362280
181536624
-46061040
-171794832
-856964800
601469024
-741680576
152193636
-436947104
-3596065
-58127220
686750400
-238855992
563684520
-98692650
173490559
-696051340
7929746
41667546
562933624
-252400662
314038688
88540209
-694077032
617429538
-286160388
188745900
75930588
193222248
-336807262
-20628638
5220586
-701008140
13172550
142512876
182046693
32129104
-63353088
-65261336
-542864631
-384255800
314909400
-982745280
249665025
-58079140
163836838
-170644708
-652315464
24150156
-24143184
-662542463
13849680
-441851744
188452605
457054520
502241964
-662777910
595687290
-66268160
106994360
402928312
382055168
125562238
-124800200
-51396061
65640203
-71788440
-177472548
578712576
-230589828
693399147
-247285296
-457587270
-284804892
140857200
804245211
26931256
197905640
-408993921
673002447
405530728
844485642
-25581340
21801824
61645668
38655870
-621576500
-6474720
464669432
-359749439
80608830
115181374
663348000
-2124964
122647622
-490245840
551297840
43826850
-206707552
5045326
-769217124
89480151
36121152
50264666
-81996018
-45770184
356194022
313434508
-77389434
485627369
-63968976
79341312
100963240
-440412228
218029018
-31916640
100076628
-374922794
-619898160
-424666913
-251332200
393912750
-296233965
394112922
428000750
11031174
-697638928
294006204
11676492
80196000
-62494200
439760477
317456820
-191603248
-240053940
503783045
-209112930
-2703076
27523748
19028778
-98425716
-298121987
415201490
-94064726
240381804
-66410280
-411388464
-46604312
257490960
93119550
313711258
902024922
-558186957
-47928276
-172972360
344969152
-168325992
560688480
-146464732
537299460
-159580692
265991685
-19656750
-156100032
700553693
501957838
419656212
4640990
-82354041
277969500
476742325
24723732
-76415
64086858
-681435023
-375230513
93087802
299419793
74369192
-150403276
-183911002
-383640180
-49144497
239557500
-397218591
-420300
743318520
304770348
92807137
-385455973
-381053114
8606675
797681250
-95005736
-510574515
-76124580
-456591016
704806312
-32219090
239986498
53043808
-286961640
433282304
240848637
-686876972
238175892
106639631
-1466500
106382400
-201789454
-2076240
478318440
113079518
-665178137
-618811500
-258550416
226128672
82827630
-385487586
257415060
-36225552
325022296
-391692553
242644914
-56074295
280372848
-156318400
270346578
686911953
221529654
-474955635
137404260
-4662560
-211159104
-12146670
-264190122
-609560502
78413904
-220976400
-64319928
206461668
-380301815
-383107648
-922574736
-86491173
199327428
486885159
-110432511
554994293
-283062325
472766556
-345940340
636748128
-362090080
-137960864
301697178
-79530100
130552804
-24958925
4147150
-204141882
-19458648
547198576
107391768
-363481664
-50436984
-55128860
-400942500
524140188
80908548
112447664
-482002360
445386480
-427719270
220449922
-89574950
-118784651
-156490560
164049954
17015674
540381300
-28052928
-191762862
-49977266
719038426
-547614690
-159505423
466729900
-83610488
-216630225
-143181588
93480348
-186576520
101668028
312883949
224852391
100022219
202812654
27281856
-383658482
-166314776
-791240176
20407024
-68776768
-816179989
304301952
-860116026
45264698
-315268299
517865017
319064979
48814063
