1000
-100497056
185279182
31964856
248643955
-36475360
530991560
-206405760
-490230556
246118964
-502967325
4675017
-601649235
235101503
137193876
-84110364
231803246
-670417035
-176590260
-305365810
-609779500
211884752
-66399632
-270217800
-96980373
-425355238
-687365239
23038786
-667023456
303045854
128466049
-199947000
3806300
583966835
88371028
-72733830
-84103790
-20036068
17514034
-732216368
-745905006
121078712
394324788
696890526
-196367150
-56894454
-277085218
-99304576
223343040
-339062670
-45015465
74016096
-38234427
239853808
-106859844
-576524805
140634048
25650148
-248607524
-336774235
-307301148
-48456375
1804544
342070032
133766340
-67538688
-63872307
414753663
54241488
562323941
-156585650
-57662352
261534835
745822968
-119287512
-85092743
75870360
-75758817
-558930576
648588560
260604429
55179950
-534621555
-310031664
-694177120
-7873665
39796391
-447707898
-111464871
-231102670
314391784
-515374110
-302629500
334190826
214203744
-227511375
-30468048
260874952
-45032760
509203440
-551546080
-15410745
709067020
-548728969
464826342
242920470
-492579503
246429
210057882
-89978167
81351936
702125766
82022190
-4199184
-121880364
171135360
-254683647
549761056
-14252910
-107792052
135012555
73573849
-852901504
16490988
-43244290
-474904962
150620528
102696314
-128686287
271794400
-253506804
632111175
47246757
454271055
61270210
-115569966
-336740258
417952360
205299150
684113639
672737595
421931125
28905696
575632170
88187442
541615908
-113711998
-381376314
-435795550
-19676800
-75852604
-164844512
69939610
-320814582
-336960422
-7726160
-426583098
-1165500
-134569956
-88591056
411152576
-166024718
2239006
93022608
-403796400
-390359013
140174496
651819870
-405895512
209603489
-33517680
-231689700
187874166
-846056988
349872750
210369521
-132024856
737512020
414172200
-6644961
-105837087
-99259024
-746558208
274408861
14894427
26673990
-55680324
43828016
-35382200
-467140284
94207212
8031657
663725149
121588042
-329931504
678591494
341042130
-46763376
652561920
569458664
791429
7005010
181261234
-10857950
145408576
800274098
278374828
-338453258
727609180
-814890300
308116548
-450224652
87089904
-206675585
233803693
867808080
79779606
-78021196
499958134
-493520000
-194285184
-6163974
-21866472
429332234
118312248
271366425
-827653302
-168469440
250432533
-74191734
-135899664
-44141568
-320742917
182129475
-233976432
-279582828
79134672
-200991741
-131810760
-130709270
-1039301976
36892176
73058138
-500934575
280102268
-211518270
-259629806
-257105007
-364322640
-153028494
215166413
-14349800
-86129980
482423608
-194412660
-142296525
122891200
-66318453
-644025120
-85763366
-101959072
127003170
-7894495
110984139
130497912
131604748
-83385272
-227482671
-686274347
-427968992
9771258
12288155
-16718658
648078300
238261275
-556819904
594297480
262421271
-185276127
12146303
-152279615
-72324270
869660096
6542850
-591251167
-297759945
146384550
-859357938
-674589350
651535596
395015761
36346124
-548533232
897952672
-1330644
-34885420
61940813
-77076363
-14594190
-465115178
-594126624
-302133022
809968005
-8724639
163272860
-497694274
110985604
170358342
-104114946
-236829528
-47794560
399214818
160372537
127875696
-185399452
354227887
13480325
13755688
-350737800
-68086080
523281954
381372504
148712744
719204436
154064880
432967647
-57822615
-229074804
121841120
857855574
-139300692
343154012
-361926356
-63284837
618294059
80372145
916191094
352895616
-172059498
9908184
-61869
31394580
-63006216
-707504388
168422793
6281630
818297406
349456848
12389630
108245280
118919865
390862113
-220613351
-460974094
189579720
135169108
490567840
-38743198
-87547264
817138660
10271733
76366056
-302982255
178074897
-746818548
672353321
805772984
258913368
-4019273
460579646
711980064
-793392804
315382158
-193822941
115195459
-32178980
-503626839
13151952
265663372
-114310533
64049940
15424788
693248829
190398368
293287904
534627239
77337216
-272156651
-376057596
-54231450
-108291898
225181635
131594276
-120877712
671985639
-432529188
672286872
-23796288
-365902615
-245643200
-257462286
-92056725
-309308355
-329898156
-395988894
-313469052
-192678891
-148635917
-893576110
84490504
596341650
-40258116
-301672448
44317668
170161664
-49406292
486938865
439331524
449509000
-26790329
-579956676
-55613817
417475764
137639574
-263209120
-321379908
53987120
179073594
115683925
289599624
-1860924
-279792256
645357
-1030359475
384041203
-563661810
-152344214
-32388060
-4453420
-226763136
81035144
-454537500
-586829632
750516994
-112614075
12156768
600245262
-99246453
67217985
-196917938
-64525032
202968780
-35761642
-19556460
112837770
97343430
35125120
-414884988
38054869
57406845
-253804831
69167518
20584077
-2516967
-7423119
-668316
182349215
-651679938
154383212
346840072
-182210336
-155197536
750168432
460371856
40255794
375938472
402197544
-23091712
-458881475
714369138
141354950
41093367
2556814
17177082
-32197032
81939330
219745200
112788130
-39771200
260399200
-11728800
325148986
-85138374
815927976
-24436650
-126474835
274900366
-235062016
-52085807
-75048480
-407913538
-499271337
360762400
-111567396
711472375
-659153602
13317073
450256851
-554920824
423008
-314241000
316235904
-106100617
-332909532
-237087070
433489372
-14443930
-215203632
-331404722
-729163778
-52371872
-95204314
282842658
-538595892
637314750
25660467
-74725650
-593969184
423844621
-380138634
401110156
741992310
561115200
333645642
-75136275
74866498
21665792
-25193202
-5346576
250139125
-455339142
399749712
-65367918
-511678600
-105312966
-773948800
392229459
162265893
-54826460
150893070
-86258124
-338964948
72175427
552210642
40822040
862876
-246306780
-8013376
42301380
675996300
290202608
-254916865
320032025
-487658328
-236998262
-77456274
-81900533
-241705680
347455812
188823573
779982642
89645744
4324000
-372672768
-18448675
-76901760
10811580
-82202701
161670796
90208898
-822377776
-576060534
129514421
325754802
189827222
-979257792
340706884
113461240
13740552
166434450
428257728
193652350
486346575
181024950
189940256
30760786
616171644
-281103151
-790494731
285691362
156476138
-81065847
159963623
-218828480
-363596274
-183212631
583482660
359943422
161874012
-239220260
-202109804
-3347424
-137236220
-43761458
724488433
-93695004
-618669000
137414320
-170929560
399742509
-207411498
-667882942
170271600
-76965200
61719060
22544278
-3598968
-548981356
-517356930
-7053057
-377149500
-196690962
25854739
-57511212
176064
-19045295
85688658
131821696
-125235808
168714375
-558918243
187547014
83957360
128327628
-67862746
-318387880
-327728148
-136849440
-211367610
-19598656
-506021120
-233096520
-23847264
148841525
-226411271
715054945
15080720
357185752
761577264
-610077052
10468440
-70449000
249313075
46008730
203000828
6753126
-149805674
-527762652
-242581241
93587459
-766380926
764819798
-259106175
481967016
-286233948
-238151610
-425943133
100159074
123839820
284874919
13962168
354944700
-50344680
-231110550
157590147
100481472
-189225843
843313174
14760998
-14807368
112380936
109027704
297941120
897410982
-72708012
642026340
311804514
-24171300
4827746
-6788821
88250760
-677396731
-209191977
-411642385
324397485
331430358
13430123
12889032
-130746942
-295974945
75251659
649916181
517441544
-35910690
-47351675
154898375
11936988
475748902
-415105238
-103428324
-777411300
631937124
-176460277
288138916
-643170231
-35481414
-665518989
-497158784
-673821025
-15891745
261363032
-76941783
-467429395
-47533450
262688000
-3284589
-74087986
-50651810
-480050361
433017880
197701812
50024988
832635328
8477514
42098166
558971210
-91354317
625454452
-164264595
-437810688
-280323536
-235917924
-180260945
-148155145
13706695
56447296
68518608
152214309
-803782966
-197364192
-470570910
626969078
520783566
108278473
234257840
83002742
-444896666
14840525
83201380
-337670386
174591850
-316611110
689352044
-485974356
266077788
106526910
411533264
-409089632
180869340
562397946
84611085
537292960
-673836800
442937277
218433792
287690664
159930946
243254394
652320000
631175328
-45030343
-788941890
-76133750
-205503842
-110287905
283990465
-245469906
164207655
152088282
-215605103
136638758
-4868130
92862704
-658073216
-311956725
-6067440
-224255539
581936784
125626260
-63833637
-74790485
-719777580
-701349285
-5067692
-402123438
592180862
751930315
-356946480
13795976
7776690
-40033141
509545971
350927043
447591672
-226350696
-388492791
-22937262
6783048
208659669
896351204
564552678
83499804
355239378
166757577
540783789
28026926
-29879990
-352230930
903893976
60114880
822122973
-23978859
274049504
-91124748
736307287
461488796
-281930924
-220644616
-196040988
227148406
-8803194
-452618569
-388646243
366626180
513443352
64144976
35294727
697767840
-33984000
181482020
51779630
-810454325
101382057
-302965920
64991160
445922471
-99740148
-89303040
126584958
-266322444
300852798
-66879400
42444828
170931452
-125037765
516758561
29289900
116487122
1430160
-70103418
-563000752
-30819164
305251303
-80748864
-233836108
-200609100
466377072
-2806596
108174612
546282675
236721820
237020172
-150768405
67854688
-24675840
-37862760
259265232
55854330
-934112340
-19044964
60157216
83787030
215295996
-17732404
175380
453133856
-37288710
330531300
-39041200
674017186
733708164
-39696852
96116614
-546151210
46427640
-786335952
70121811
-33079198
472695075
31286810
262172995
2153648
-396980
-63606060
-125734227
-73813784
28291536
90244128
-677660256
-73151153
-116728260
713119
-236888800
-239914464
113493808
385909819
55219032
718355312
20262011
300416800
-365569176
392899780
43089178
113715312
835212507
-185176447
132708950
-142610688
109957562
-34235754
-68178106
-9510650
378025837
-436254132
-38788578
0
181102327
237163224
243887350
51557310
60300881
-311815413
192016352
360079032
750243550
208617024
-29925168
-28288848
-456235087
469775430
-22598048
59395700
108634500
-133209882
-34560582
-563360
-6651226
144520506
-99043480
-363638500
78303532
178085520
216824268
192620736
-727507443
168327844
407845526
177036769
102060750
686983392
270751
363643939
-384951792
504440748
-8079932
-673938440
-8093800
95041580
-29811934
-99779849
590800860
