1000
-757147
-507978500
-336971124
139567120
391749387
-1470545
26239572
56984808
3615544
369042088
118341522
-21564522
675016433
283987482
950090226
70617624
194041604
902908328
257655783
-268159989
-37379060
-530496
-80835680
621597008
-106923810
230342100
86546364
-304012332
-222071040
-102755056
-549646416
-62695451
33557676
79942653
-137583462
-138791610
709031778
-773930380
36547830
-79375581
318773940
416607780
368402970
-329622200
-368026284
106697010
204145359
341001111
133145005
-236348518
-160203212
-213861390
-29331900
28813550
-567314088
178898385
87708700
-289056664
-110400516
-456277932
39202254
-52809582
26137200
1740976
554160984
34644510
217042882
144208960
108129400
719413688
-68513792
-488776301
65449575
437791389
-278570942
-339141600
-407401680
-299339509
-760640413
-437904636
-145992802
236010406
-453525720
-186501222
-486774960
-596993852
536672875
-480265848
-700148238
186901671
-101289132
-123774175
6526000
-479907209
131182389
82147846
-248711870
899317842
304123424
55403034
-625828104
614726100
56829266
-286739240
81507654
-202234017
209071423
346403442
4476635
577486976
398713616
466145676
-647333036
52890319
-625352805
19800256
119711628
-462468468
-1993264
144162638
113190750
126052504
695134188
-523707696
-97979505
-37192362
30391024
177873990
36982250
-41111996
-758987916
-238541447
-211859639
-145329821
-4703684
-43381470
-222807551
125130173
2968732
391464292
850474296
627050925
-1205864
-408720304
160403320
-441998980
7245755
486760960
-91426750
-36905330
-59540375
-491542652
-390256886
-538865643
28976352
64825600
-59821560
153032690
289453752
163038312
134671852
-103134999
67270875
-811705544
103267724
91915252
-331592375
-51228520
102239780
197272881
-455212560
450525712
-103003940
427316100
333243724
-149281339
167787462
-246995320
33084516
-294777487
324308880
-531386520
893010144
-196465632
-272651155
37749216
113881782
555455499
167931712
-128594304
278514985
584621541
-58584988
-359842315
-106566656
364168204
66762316
2262013
230010816
-28761174
154662294
432935325
-57559270
485556470
414942300
-276793293
-43436158
20280768
73435176
4323900
-493496025
316477282
-667415472
521863128
93502520
-257282896
-15185844
404222455
530819520
372197730
393618550
-360225414
248171352
98030728
307740784
-91034475
175664124
755480916
191041647
-868878120
125192277
-71313479
-144640224
-42076530
114462268
-291145428
-149926089
10674163
-13483278
-609458619
310692888
-158750583
-293743776
125394875
-3460866
-152779248
53073944
-238610875
327724188
130016978
451039816
-430962300
789222660
-598521636
-681162224
889943463
-50869921
377970535
603204
6144984
593009367
-7433428
19492480
-52659132
9760740
-275225490
-20246116
-374821405
106872030
-287659896
66921357
122443104
763104868
427963875
-214125304
-170927460
-144647475
-684689808
298342156
791597316
614902312
-498490545
-429421776
-49486464
-738138368
28475325
325241430
-65633007
-32488500
235659162
-288088032
-161456046
271184102
-2109888
51891521
-701617600
-359378844
-757524955
43755428
400997918
-710743572
-418792122
37398046
75112982
429941952
658415835
328437568
169546474
75543236
-201665010
124592188
9836895
-719906253
-205373700
245122155
143248950
-884849056
-31430090
-606566616
773729065
-30415085
-597544554
-434750964
-749155857
204338390
-598164
178401600
41420990
259151711
459841560
-151226204
8596782
-140954880
-326644083
209803656
-74182530
-208388616
-805157247
7619240
-171676302
-598343235
511545252
1040046690
-132313986
52199436
-570752667
-562851680
-109487956
-261690970
30726208
3647584
-70356272
-130821562
-207779480
-188986851
-737677314
-573882182
158164552
-146163476
239776504
-313639326
-126247086
-427663200
-381703248
7496280
40086150
-410915392
513899716
649751680
11136650
-268248800
381128814
16374600
-520702092
-234807444
169037022
369563625
-7417125
166351380
-185087448
432250364
5764770
406340550
-215330670
23434686
-234532104
630208859
-33409185
-42851951
-255311760
-136605885
-526423196
-235305576
-47317428
549025506
63297951
46851735
-122998360
-4213535
-154841238
409322700
149233497
-560098496
-683782308
-297131220
-271358890
106185162
-5037736
-421056010
3304728
667338734
250647345
219372300
-1870674
-273580008
57712944
-107761320
-202525257
153445144
-5695310
152704200
-385455604
946441544
-91798943
69690456
-342859404
-325337968
-1001214202
-173948250
127625022
87718362
704249424
-250581468
227374702
188395564
125796016
-68314980
640898991
-199133850
49925150
16273168
18703665
-350593409
-534198784
708234242
-357610290
-19836684
19737051
534010505
-28021734
-311636556
-15843290
12759958
-254220380
-23608620
131397552
72575154
271973370
-210596750
529261884
853719628
395197942
-204157375
-10856538
-347219840
-366674036
-11739010
-137297363
-234364096
-355213036
61137216
-166214120
11414208
608692735
-3042900
291860904
700764042
-540028800
-126403543
-291956118
45046580
-191079575
-46397956
-39017160
57954480
584404660
-385569072
292360322
287317967
32712660
-432421976
89370396
540852402
-44574876
280343040
66117216
-501169590
165679428
-547005459
401691070
-273387312
13578914
-29753352
224785960
-94236480
-388909384
-25463080
-2089470
-88952227
358562205
-72347136
-138207062
351606750
571418049
66082328
246273816
-42089544
-336491747
51399240
-53291106
-62081886
519315342
-437641164
-244270979
250025178
264504435
-537713280
-81123337
477486710
253330920
82954225
-116484858
238654920
-78110415
-404332775
20494617
383902348
244035072
-139244404
127562071
43441695
204972838
-233510368
-777638451
234773676
-60057192
-344512581
135795083
362216310
193471712
454556176
-389983885
-167334930
-52969866
-111720722
-17473305
107880496
-571477680
95466450
296120145
60435268
-150464885
37747150
-11570613
-325599995
-25241949
59038356
448283190
972195904
215897800
-109067794
-450443944
-493588386
-517940940
229642852
-215250496
-86792255
-33774912
-313651016
370703610
-278116714
378392410
-166820275
4764980
-112754828
63250520
-742023894
310822628
6701245
-223165908
225442896
2710000
642452744
420556983
217134312
220525173
166096482
-168445745
288028980
119796044
-39492432
-75528399
239077440
287534184
-328742064
537288240
491345477
744578208
-289310010
-689122800
105654875
-336371672
99894864
-76995000
-502600370
-19823292
-105920640
109384408
-66146040
-473089981
-258365120
-16229185
97677908
-486111920
-16371025
-207747880
18581906
-439304064
712060624
-171452100
42551265
-116109185
531869821
462624851
31965956
-512047623
-527238999
-517402452
-224554427
-89962416
-315810235
-522692762
139452420
-781786120
525268095
574610010
119247990
66389572
638752452
27008280
-236536470
208633965
290062569
102390914
46077910
-125658684
-63126436
842832464
102577960
-271269719
402596873
172664723
-408435345
-8286795
927351612
-27330615
-303777078
48363588
-32439810
-698546310
113744292
436174472
69277890
-599903220
146842215
49542000
600424494
-473375673
44311392
-781210080
-39679515
-296926416
-57901800
-95176179
315436836
-377854761
581846750
579041332
-151295067
366087700
-30177576
68127500
594719616
548552040
-27910479
530056128
-192427743
48238427
182249903
652872880
-10405605
295119834
815233815
-248816372
312361068
106757398
669102462
19856998
515440782
132626286
-209908200
417103780
565335660
298891320
370505170
-667144790
-98781680
220621695
871162475
137710146
903377734
431046198
-632540448
81679288
79528680
803550878
79497236
246074004
-64084020
77264768
297737939
-580787298
216848412
57176581
-105980470
184772226
-372412890
503326378
22715616
-826945266
-155711136
-103650825
-206947862
-549532412
126744994
13795243
-139778940
515768310
-552087792
919019706
-18188466
-614185026
24333936
339749670
-562569696
200595057
-84501862
194281256
-365895279
-48590544
-167666700
207979212
-442332660
-572961928
-326616020
1017982665
-4791546
-548848040
176391006
366473168
-60008564
132375983
72016548
-32210243
242724668
-431321760
127268648
-754728468
696569970
162999324
465339720
-540698590
373964526
-144751690
468380079
163780470
-190587920
115536663
371942570
-642226765
25761873
528196500
5351675
14022777
-312337416
5671000
-2484190
-460514052
-54136480
-135571735
-361852531
-148421106
-157526460
537085935
-96403520
497791415
-1743126
-132604287
512514216
389761821
-104098590
-804842836
15080272
129852403
-20655375
647320764
29037489
-415018594
-224930295
-190308672
938123524
575317728
-326248512
-610489154
-128853261
174607926
2609948
274141122
-457880
-168317900
-62797767
-180658080
372697020
529282886
164419521
-730937500
-54116655
-619112054
-94201560
-25696320
-138828294
271258775
-157706700
-80649955
-320240571
-617916425
343030334
-55617940
-21801276
-351505575
34160350
-61430344
70939610
169832988
209101438
-20232485
-55092705
-337874355
-14756850
-34157040
-95269174
446988231
-28207734
-370746558
-492927842
588326146
-36181275
719673700
-461849724
-17164980
143907459
62660096
5794618
188641236
687935137
41003472
144722888
-83054725
-415191363
68511036
147247392
-191410752
222564442
-183012460
165885836
103000394
676905600
217464260
88852169
-9703936
107102094
-501569390
-369714916
-500153178
-483033472
537246252
-325667524
-22190676
-154906442
-244823576
-119542656
369684618
702411480
5077352
-229158316
-491327384
130599504
349927788
306235544
-191095564
700730820
11369086
-59972233
13392240
710615932
-304511238
143864868
192562384
361616462
-30453270
312846300
-215205744
-99852539
-422369025
5724852
1063790687
68363292
640807440
-455781104
270322200
305335158
78645680
230725834
167217822
3308574
-792461792
-531922174
59429280
669283155
804406182
1189314
-165422128
96089764
747271440
-143297046
-512976772
313363371
-235427952
-448535241
-426851971
-431295831
420870564
27507080
-240163488
-277198138
-309075000
-159326100
69805397
1367829
-94582048
-755667843
-309254048
17384510
-26334336
-27411097
433546412
103935336
-534553851
494981762
119103600
46140738
8553776
221051684
251248513
181094304
-136601295
89731110
-129361770
48561477
-1023711180
56642537
125412112
74465
-467989200
-332576000
-147120246
96980356
-249492672
503869842
86587543
-487916964
-360586788
-512272190
-443377046
-321611040
3844618
109191588
-654352461
196932078
57496830
