1000
-203624800
-88745124
-218194128
-127677044
-977475114
61750336
-938026320
466649052
146466000
602188866
198959886
-605310464
891612410
641521063
-301295712
-60720751
-6877466
560000312
-775120990
192308094
71842628
155236062
-379598271
-46065214
865152540
123525645
-347493384
-162330165
-453614776
-402289356
-67518984
-644327775
7453593
294896882
-363237680
268566408
-16362947
103394610
-89856124
32833295
388627708
-732314880
-41871488
66138980
-42818970
392667356
398348560
201848019
-52839144
-43399011
-16708902
3165326
-354165825
60548400
306485053
222770170
471009936
89632870
-501202415
219950880
-419953698
-189677802
-23442770
578412630
978865180
734961470
-440096436
228508720
105322360
591050566
152285562
-110265395
84681
262133444
463130320
829353330
-608168084
-185794920
17455976
-55550060
125058230
-155337360
147919320
-229304680
3664913
-180071485
-95862234
-132115392
549276528
-757346184
-145021941
148224384
416776320
283232775
4782436
359982216
703705736
-442934070
-130920075
100407955
-227243768
-703646541
-47322132
-41829392
-662201760
122488740
54515676
-25574816
30473055
-432420885
155600874
-435102855
71128316
59200875
267685600
797302424
-887045922
242235840
29167404
414558234
101077326
52733584
62740287
-20535219
59462855
-541245828
-137869738
175966148
-624173502
2502398
-22069312
64334384
-97535680
299999646
-490394665
810610915
107974340
-410697000
750816710
-26123160
103767340
-585904569
36451587
601156380
-50925375
432556720
-193675804
-366985878
-3024799
-184049320
-100562412
73321248
187752122
76768520
-91508151
-779813132
-62843968
119133186
14758020
12016725
-196853228
-213643616
591882382
467235612
296223774
425153134
174689802
-357819748
-1982636
260433417
16212660
209912322
396408090
285642750
295451324
-134579900
1896489
-292762890
600676735
129516948
-418248600
-35334000
-149060938
-13035482
500316648
821690612
-299725076
350233290
-50452506
41741920
-13056952
-348687416
286769040
-27269659
560146884
231704924
190229740
157261024
68140116
73480690
-522714764
-764891367
400930048
51662952
51271405
-249032690
204515758
348319305
25486272
13245184
77713344
-131479160
-86083056
-63310817
-253351876
-605394225
-538703308
-417837662
-5964763
190890
161213306
545274200
-132090416
349819336
-132912900
665897802
193462403
797905199
-17042805
-1411872
-36718000
-408256156
-276275440
-42056602
-12032780
293495832
-81805769
307445734
-515840
33782056
297019700
-88019108
-125706168
25994423
-19788677
810752021
20239814
-93085790
-585403236
309029456
27205352
20294690
277725448
85204119
27752437
-29355912
-25400568
-268569213
456681240
40995072
153709842
109189290
-286111161
10261468
-283418779
530830080
-12129804
354188224
298697803
56569964
358167792
-463253250
-55434096
-44684016
-620799025
-101421719
287987142
-52554380
-33622952
571237056
8342430
209057400
-545902448
525172970
64309632
-69588232
591068549
110984686
-154646604
-31105546
68678400
445454442
-14505675
-501621884
-76205732
-63723040
565011384
-65400068
7681448
-360705030
-112717861
389403921
-137273115
-301904688
-31716924
-692749750
111804960
48478660
-32402175
-1584500
-361400064
-24572364
-9026780
-28921488
-663657330
158657600
-34768
-661326432
79275687
-58186544
645169545
382781972
-212431184
33552975
149528988
-182912480
49030202
191278336
204242229
-148635662
323801872
-900245871
-5281132
-559131050
197875065
-63827800
620946386
-26775136
30296175
-191362965
-402796885
-530310018
-182471346
-235011242
-324583687
937493304
246987456
36297744
634297158
-280860150
73927979
621927456
352769
-109969522
-65098152
600810075
157953147
-432903512
149611956
-97601760
674868064
338143662
39543936
-448437600
-30630944
192716392
-2671560
-134989947
-552088236
-199691602
120036757
32825730
-452027200
-26187508
176424080
491676900
497078309
191972084
14946464
277571802
-31084027
-145649070
-322544875
697937875
-189486165
571809720
499054506
-5454072
807228478
214515840
-342411685
-101709504
-249059809
-131366210
-106957099
71607920
-57634405
-701542980
-399510540
544102611
-172656610
71897760
-321551115
515353200
-106999876
217967952
-330244440
136757644
-91060344
360574704
-507946935
95540848
736753842
297474800
393323917
-72064720
215055610
128715500
648895359
-142099146
413602350
-529539360
313289784
134909334
-54348840
185030461
-241779552
419036415
342610268
-5256300
474601032
39404541
722291468
-19101285
-678210471
-33770296
-685014750
-845937300
151604895
22750726
126655746
-102318351
102395028
9996701
251106793
-11040127
35579390
33606412
135446536
-10072062
37381110
-243665900
199074504
389618448
-296401446
84318689
456310260
560796480
472505481
263896032
-959400
785245274
235416064
288057084
-132109788
123012072
161100924
-33494076
210741558
-435437541
-8463756
335573631
12111805
108908646
135729216
105775828
147759002
-640212048
-160179214
-71828712
-29920075
357488006
-423757620
274987872
-268597350
230341329
584679400
457714720
-81092310
-710152470
381828628
319768287
255391008
-540328490
5890020
300098190
-43150912
-100118976
-7992402
376653127
-507953295
-309873868
122761030
180216810
4006485
894027890
-57857935
-745596555
290918120
-294736284
375353496
-460491519
297965240
173778982
-292696888
159390344
-350122344
-171453930
469369901
229840608
-5129920
460402813
520706277
38761700
44310840
504346062
-97585488
451166264
268944543
-186288420
138815334
22394372
-72542808
614011365
362020836
80682203
21326998
171505200
-314422988
-723264468
-174026195
-251926400
110942780
164237334
39168792
336182910
405116100
-438165708
404248106
373576890
-49433670
712665752
-47391588
430046688
-513835212
-395708684
16432500
154474912
-61625128
191502399
-347095258
649615230
-68655520
-190009545
232293006
-82209816
-233276967
583431744
-43929270
-282774336
60093072
-37970832
9441039
371196096
-481530608
-51897615
-6894384
-33777120
328110810
694897610
718618801
-540573854
-203149200
270631248
489145633
313117434
1773216
-87696528
28355235
658418656
670458360
513862750
-5398377
-238627354
-26145324
-24568295
107637985
-18772080
-495711694
373578842
64957045
-406823906
-37833653
187878448
57638525
131861520
-511752996
129939920
-20161294
-494064
85115989
12568960
7449084
-116172276
-66877454
-155887965
325189895
-210789622
11125774
404744925
108163104
655499120
-8313192
-600276879
612747264
-715999284
4209798
-100923086
-567124556
-275909536
86552316
85542268
-56279496
-37420500
274200920
56332288
-17708175
-97762068
-54389556
267700923
-107784404
-450435978
-55369776
-521928396
-567794550
-179086176
-30701385
-329526900
-491468800
173522022
81193841
446461135
-474662947
28972002
410662520
836556625
42122340
-111763597
-90226290
-248642400
-64586052
-50297104
267929739
-49260816
-328267160
445390895
-171795567
-389373436
-353983777
69039720
-21212177
-51567075
240927480
-490995834
-249211344
597018942
-404116620
694215591
24260750
20062704
108587105
145768441
-137500606
-469985771
332794890
-106440539
-86814000
-227925088
852177564
2754153
516372918
-58133656
133283368
422490120
335981880
-308783870
-179598720
-57287100
-282754962
404838090
-274361200
418800542
-34344044
458723085
-952474280
-158370776
474691944
-36273432
62787688
-536039776
683388526
-54683291
808528598
-266741360
739946346
26793196
309197350
-57611142
6256510
-427697180
-307228848
539755020
-163135056
-743847408
-18886140
-577201240
-242969780
10492200
-60836715
-162861930
-723608631
416734930
135525258
80508380
32439979
-329961600
-547518972
307728080
208692432
514423953
223516510
449757792
-44992925
125726115
695515310
199918688
152292071
-214403248
-44158095
-325626967
181393956
125276776
58299044
211521378
-39654454
-13465487
-40933150
-303090255
296885243
187294580
1020376
-18475852
-621797382
-29333750
-278505742
-295578272
-295409258
201680155
765477420
-17991666
600756741
-32199612
116991794
500746504
50474193
-149575760
2603783
91577815
-588587051
-160810368
-264722238
513692550
-162228336
139143806
145484465
9583420
15308571
-406755120
-94811560
-194337000
-94324824
-34601766
284819112
123026316
-533629164
154779900
291801829
-561083728
-376817832
-40704708
6423498
-301821020
873749500
39255644
141503712
-435581378
-255153217
626076580
977306883
630529204
-179024384
510147480
100877460
-407506923
-105011978
-248627736
-281675366
-60065965
192587160
-16645780
-401622816
808168548
84294540
-261945528
458070280
151046325
156030420
-928553008
116421912
147338160
338190766
431629640
496101466
-515060896
122138030
479707965
234399438
-131956544
-544510260
-857543500
275115213
-521687570
-68946535
-484756166
484103154
-419451732
3621856
-389642
-46244976
-153417528
134186052
-626320820
-762753888
-24353267
874367466
17753328
-162680160
40333263
55572636
445577532
-654338594
-696128760
745466220
-780982186
-15667638
-615094489
-179657784
-401326468
-489556808
-60256251
240826640
-49459890
42117890
461763156
-189497462
328027324
-146349804
-10845500
106103400
-363839763
-982389536
-284799120
269343300
-484078078
607252209
37897200
-1372309
186091028
-25582851
-527197320
-552825
-175292100
421731827
456342287
-603687348
356732838
-32537792
-29662575
-247284892
628018864
287970705
853533878
454601430
-639554328
326111705
283094604
-276370852
-1164870
-337215868
181789166
472493876
-77174504
85444766
322688667
226147750
418893733
-16286594
49215166
-58654862
-6860229
-148725840
60355428
-15638687
485375005
584153010
85831516
-216872836
286482080
-166212984
-253107900
-638395992
-416100654
-75148500
18582785
426935575
-605108268
-119178443
-260661420
139518144
55409079
18886088
-44827200
-228626014
84457581
78461955
1031346477
-11799984
154485007
-31069076
152887224
-232042305
622362200
188531945
358512321
-195607548
-356381856
-468074481
71781276
260530867
-122594310
725518329
367857594
649041669
-81291196
192495080
-94823680
598809300
448441760
74719274
87336817
13669887
821115330
222235900
31178869
402727804
-518368642
132359535
399177696
-89749643
-285256788
-476791358
-143764726
-118096542
-40394550
630939540
493661520
-80594808
-98535848
114072751
-103286166
21312984
-371406208
295174640
699688603
-31814334
248144085
101845512
947699703
435171615
118345536
