1000
-50474880
-720397972
22724163
94598322
-399824300
251713197
60552478
222298830
-387068199
-416331140
-66936038
58232447
-512524964
557124610
549176160
-32693052
-598056960
174842280
-94140904
-335811289
128076665
-126584709
-759755985
387510426
-22812864
179052494
-16491391
28166474
-55731780
-428840000
67735304
95803330
-55258551
82040883
-190544094
40349129
551384480
327205000
69080040
-199566840
-144067440
21927672
-131952352
769873012
-796474448
-596144520
198455782
-562277868
-2424825
-286245300
232424138
-6104763
155945010
17211964
31393152
-463835051
211763783
-78637230
-4948456
-338192419
-614680815
398851188
-205276365
-437221080
248375325
243308835
-753269620
702046800
-518766500
399092202
-6361788
-486216960
-214678782
189941100
210734199
275779944
-221787113
-141908669
-356893616
-329016674
129494956
89373284
-866529996
-581095455
100632708
-189837135
-542228054
416715450
277340568
-67384926
82612475
453840520
-605056824
-959829735
37514725
549276816
-153404244
251809524
-406980542
618226890
28581300
-14768051
-397806912
-80015481
-663710825
155892655
100663842
102947680
-181993125
111780000
903340732
39487889
70552099
-781121175
-214723544
-605356048
-575290919
-673402262
-62702144
472413906
-116874744
4752517
363156506
441785678
32557952
918132756
-3996928
-12559872
-434141736
-227735680
-204232875
199623216
223717086
62915096
41213118
-5669569
-561958311
-724467168
820748712
-1016328
563719996
303891522
-18643161
9246336
308192445
-196407816
168242110
-45035626
187891322
784941570
-303403818
42061204
282712560
322583520
-79414928
-40102579
439937036
16947636
338528820
-49277914
24820092
60461060
-379167880
191535563
72146522
485009490
-148367296
148931159
-144317172
105036342
-134356662
-874317750
-739421344
465059664
198213792
-77608728
296643420
600371147
-7261455
-120323856
-48540875
-516958944
-13544256
657925704
318643288
277550812
16062720
-353349936
50384763
55787895
-64313704
-246655221
357502845
350109760
95158650
-589169245
436770900
176029010
597009510
416310000
-819184920
29431400
-29091879
2504048
384869208
609257384
247596279
-83547800
-280809331
-37565280
73240212
379718316
-853745627
150446880
-207315720
24670605
-483678269
279222102
-66015108
49417050
-828732608
-180759168
-76692215
-491515732
810821466
233484500
55751502
-610528485
-68345843
1869530
641728
-268575580
-265991596
915957890
37259102
-279149465
-50251716
-360622135
375045828
564079300
213138846
-419934624
-609968469
82119060
-22145578
43997184
31916488
335849524
-505267000
-291322625
256834008
349100328
-186121280
468750480
-567883008
-80496100
-22632440
-270148432
43096470
-95478528
207534462
-322004922
-356578605
-920555856
252261930
-14055438
222385724
-65419470
-86049900
-93839504
-222198579
17958864
-196657660
-167994784
-557702600
47807467
-184016320
31933022
534971988
469889475
-250158039
103523904
559757034
30670088
-652656088
-97087210
-301617080
225599499
3058517
-63745480
436407672
100661867
-751365693
-81438456
-511358259
-145360247
-182345155
501029056
594380
1836780
-207563285
299551458
-178192992
-608949288
-652510632
105991721
103513410
-442295448
-228592944
-126891664
-448692864
-30157535
135771531
363827961
-479142900
-28414432
-36451285
-71102150
-525239648
-12876435
265607726
-416244416
253320130
415313920
-110886139
-458694976
-101180992
-210925550
-144265250
-110397360
-22119286
-471946092
276051360
-556384012
60206900
-36184500
-148628853
76951122
114338640
75689900
589370040
235146480
360044537
149437137
-197297800
300794845
820174234
-440561478
6917187
36147024
-320319516
859472985
-103377312
263350460
-110322700
-369601380
-335478016
-335983050
-38719836
218139768
7912805
-191731950
-325915601
199829032
-299859273
-46718
214791423
-7823880
-544099424
45869995
211537459
28799552
-144813599
-90491613
-574164675
-555563268
-58049152
-64412745
-486961032
-544085451
1875185
265507155
838790901
405492480
-1817220
-403633216
-789721980
859131376
-76521866
-604443500
-148880266
563332678
-129047556
616707491
604113190
-13554336
13517856
782967406
-63118132
-136605138
-402562601
7985040
-338672061
-429123150
-109363296
-43800918
-670321656
-160505732
217074000
545350350
63221760
-500498034
127864832
176248394
307811622
-114538752
-432190203
-307681640
713622
-64090385
136581075
-140992740
379101870
70898040
8470722
16591770
337447215
610502225
-35185856
30757920
-203553320
-153137272
-725125480
-132220208
230616736
281231442
191435928
-5805004
693855680
80861840
731019600
569927611
370135864
-370757040
-419691216
-199501005
-83783170
-119687282
231863864
-598721820
-3827040
-355773024
-109042650
677962571
239730294
119115045
-43000991
393617530
520271570
-614319524
-74030735
406003807
90091119
-59260008
-472201960
-14540345
-173911584
571060362
243527033
400549653
308967268
988473071
538064970
-70286478
-556033995
-601529759
-545649201
246141905
484493724
416006577
141997324
394779584
227810630
145404302
150648390
5779067
-4215828
10428264
197588772
-964583982
458397264
51332062
-115212530
58194414
436836726
-65850696
-334873200
-507044510
103648626
-121275360
-85675716
-454755994
155062492
-45315402
-537482496
254265750
-414200121
-321890989
-76091904
42852880
-103892642
179767950
56407960
797129184
-878586904
-12172208
-280659166
-77319344
592991308
-657592302
544659897
-78495799
50089032
-262565077
-37952260
-245636882
-142006816
-160515355
-179401408
570828642
-283652736
235822784
-54444928
-164918404
87553564
-166081640
239271045
81187576
-218361176
1903693
314549181
-375970500
-194518485
-361833160
-702495520
99147888
-81544
28467672
-425353248
97230568
-218816721
632141004
-390194766
-152664012
-463170042
400597644
58870026
567808715
15298184
-240122627
-278129440
-14426416
105808885
-4566964
403239048
-573547520
-321781120
-30946435
-576720308
374101056
-59878526
454812796
-490325462
-627185115
74349888
882526764
-247669799
-6977436
451825888
-247508035
-526349671
-469966692
-707153438
-408763488
-399013125
-120343968
-150478160
809861088
-97608410
170272965
480587016
15447152
-88100256
-322216364
33466455
20357328
292997382
339365794
-235291570
-4417278
676658400
-169148412
-546607950
115744000
328425048
-828127696
319269080
-449332304
-2336388
12891270
-11788790
137560000
321241318
-201850605
21450024
-850453623
-229031334
50153760
-547390039
-18371220
569231712
697697664
127669150
24191910
-545935648
693249023
245832601
412035800
-161366142
-97429488
576550800
40642140
-262151781
574666794
39245202
-18722472
-102554168
-520425030
102528712
-77441644
102654617
167724990
397240760
-860337770
-19829556
-167809975
432960880
49523436
473979282
91678858
530540168
829723464
575104464
-554958579
738779577
-301462258
-193765950
-209998487
-198970761
-174131748
-407165960
310196230
-390379242
-126767250
16809804
94831740
63006411
-223853365
-100627164
317395731
382404800
-344156368
828259300
27756852
-73471410
-47692616
8828052
441060165
234972087
144519761
698881904
224657048
-225840000
63157366
16988440
113675271
293281161
58873937
-2959926
177949287
416143480
70850110
-816326784
548503020
98608760
158032680
-9279720
-100396392
168748437
280173520
-63524600
-355768000
-567875100
-360118566
-205951944
-201306672
-298864870
178309362
-6071092
-356153270
332587500
-122255900
181526282
-37439968
523149372
67301955
647543268
-169437968
-30455775
-219491200
55347215
-425691279
-977524736
-161915325
472488996
140271810
-12991030
-313531920
265850052
14527863
259371125
6377992
-173145060
-154773918
-410463540
-553047440
786375177
41417011
639255969
-4076920
-111465360
142465037
-78410400
-836821622
-175295946
324379925
-173751273
-287005895
79199427
-293642544
-7820670
250493947
-160273554
-73099760
427771876
-45038916
-528480497
-134091750
214208085
198855390
-25282767
-15708770
6585205
-100179948
433158025
-146565420
80861040
-65600808
451696404
214622200
447715178
-91207221
-677346852
39271440
-59297791
461031162
-397254608
421660928
104840512
-109393075
-244799394
-101778600
50363455
-9933950
-373023980
-378382254
-857722880
101849902
238862520
6237238
535175134
-39945240
213359670
61395256
-61128800
154361970
-696646425
-58151680
-23809116
-177082686
494059488
-7698024
173979702
561102566
-768222180
-41094270
272860368
723278052
146556750
-146546037
135247021
-551995950
965866216
253374100
-537602912
-193290800
609058959
-195841
-224769600
318069440
-122686459
117911352
595683330
26540871
55196444
283780225
-49564872
-336843412
79172270
700118964
630722600
399978740
-44328064
527196574
-796328704
180182120
291602275
-394947558
-710858904
-37273418
-111860608
931234080
334414773
68940372
379641280
-149211072
-9727248
786984894
173521221
-4405112
-157129353
-410936416
-9569196
151276881
33548960
-435856540
683150728
420119232
-226052499
-68127480
8053614
135141381
73356435
-330028758
-178678874
125356592
-47456412
-279890452
-235639214
-644693979
118275482
379307165
-94049760
-336975182
-109483940
341303025
4347200
-104328170
466527080
386985512
161220521
40818051
-385630600
-530494468
-522299864
290381994
70624932
-519753410
-119026044
109081360
-231128293
236895799
730764276
598973314
-176419880
504165044
155542431
650613
114218070
-245959936
278688036
244955394
-76400802
-162634262
-197314488
620131176
-165902033
752377633
17808012
-709714575
172395632
7401901
-214056018
786788706
-357561358
-101706759
368878453
-766657464
291595359
204304662
-361107747
47968416
-180207738
-107616390
256302144
873806736
-347370138
288581193
-111265
-576832148
872170740
-57936279
939697108
-25265250
-115744616
-208854590
125597484
165787935
-262439166
133015960
209457093
-265550628
-350010243
225056052
-242293390
515686680
56515360
477460760
-381274320
-86813050
-338087650
575252784
131331230
-19561538
757916070
78041722
-50892300
-89833170
-27102232
-697196280
-642730594
21862400
-131059639
-262042695
344358690
-397264518
71865350
-770200460
169918112
746875024
-112880628
343812126
-36981698
420193539
-334763847
417572055
-527174896
49922460
20985735
58338070
77893263
-403068368
870046
-376011432
-37012500
-241116652
340289778
-934029448
397102626
116032000
-125665140
-231659246
174610197
60803610
352244693
227411040
348858596
386766410
671188640
-688202928
