1000
-82263160
864189648
398497437
494213755
134357940
372424206
-209659392
245551592
-64958758
-478982400
-407812816
25036148
-487651914
-369031156
311361128
166327196
-365096750
-922392240
7671996
192923816
-734522784
-264219130
-232903044
-62355331
8502032
161252250
-197750670
-44461566
-761257656
72555903
85400980
20554623
862634367
-720372336
213405696
72770040
567824145
164553270
17269116
-246522970
123693362
432450563
5322390
-77214860
920172204
-35804412
308821842
-335824440
156324350
674045064
176810256
109600468
559512811
426623428
-6578102
22501138
17718400
-230134320
285572832
-22157144
216936006
71846481
13577590
293656974
-217254458
-233723012
497473720
113595220
257274710
170799076
-216185824
-639502896
-524494204
741229376
129482664
-32163087
-164498494
-31414916
-705533286
-144297400
752599379
-708144914
33769735
561002280
143223615
-128093625
-237374130
-54697950
41492274
-424735960
-87350064
4901000
-187070988
247760850
-153082280
402082171
131790402
-307996948
-4951518
-389812560
-125544990
-618547314
167173368
57202082
-574045918
87034768
-32857088
635598336
-377025467
282126186
-556908100
125605138
-260299500
-662768694
348386672
-11832912
700356276
-12401781
-631116660
420878500
390105957
70166250
652493664
4887176
-41861232
320209729
-65346228
654774120
12706948
15404567
611287283
-582700335
75706554
116225892
200465810
330066168
646637376
-5244844
-475708586
-528199179
-776712634
103696940
-248435594
424449080
105256092
-292677840
170285250
-585442555
54115438
-287014464
280197978
-185793720
614373180
-83451130
516435500
47341833
-206729904
-731292368
-186428392
-575112386
170847428
323336195
39233387
548338725
-190284140
-65755440
-25221892
-446235042
-597330000
-30817732
-339717642
-748861376
-81917112
-630248944
-53095440
-602844429
186489624
539316870
-236650596
260171400
131509760
397268100
-192396358
396585552
-613025280
-44027160
-55391004
269914764
-210401516
-47564946
-599503795
114923368
292556300
219901122
278320432
64656207
-8581508
-114787860
-755474118
-171035430
-450898330
-273596688
146980472
410353566
-256687165
809112360
-53785882
-136184584
126508365
-41398064
180041516
222574749
-309986241
-302439891
253140648
88625664
19058677
-183999500
-87661332
187746042
350520630
517426074
-36216796
-774866736
-479029662
-36985193
-84152992
-85739676
-65812487
-425519530
-27705546
-144274448
44651706
-90270000
-42890752
-188480204
18137202
475159578
-669096720
-544094404
-68106572
-275577372
-78661710
-928054050
30505679
71070900
-4809202
-249402132
5074330
210087702
-285233964
-366303225
-498844480
178834304
508181616
-187807500
-122655570
77951640
-156761735
-1002758022
-54893850
106813402
144383707
-387601748
244109376
-435175741
-145331400
372181985
-994284276
-54064500
178896494
-539716911
-34791894
19045556
12351600
806313990
134107488
167105762
56248480
-60756609
-732187932
445142085
118706868
-88324977
833573232
116079642
119579204
19009696
-807024000
197849388
364128825
374902464
661480008
-13021320
59754240
333255573
319737984
145618200
-149017368
-97592355
-163518589
-87488136
-52802735
-296130023
59328372
-387113472
53286272
299451633
-109179273
-426692343
548247949
-179861916
-635237494
263795038
691344056
-211075358
435170879
-97422292
-110238890
318260000
142816388
129638120
-465213852
-994203425
-308100
-690879
-45147088
-701721448
-307575254
-149116008
19743480
258211140
24922870
-115415761
757201284
-332054964
-471468816
-103272984
-98587632
-133888062
-393702260
167620644
37085367
595420532
-797668200
271803503
-694915375
1038514722
1026374016
128062116
898515152
-987623910
-85644878
-192487113
-346513426
382033860
91566270
-192118955
814414590
249054150
214645240
924699776
-28699952
-575020579
9766419
-635124360
-143566344
-26758406
-104535865
-648142692
-27082268
79744812
268823412
-578137626
169220302
-255074820
7676746
-263428638
-170181009
58363451
118909965
337948286
85428704
-223909920
289909967
-40339079
-258677400
-84106464
-566049536
-404855000
-955683960
-25974315
-542412
-108670482
-37845150
136447210
-364211640
366996096
153881000
-60540274
27051328
171944223
112167000
-153395200
483325920
-425904066
144460220
-256369380
445747276
-14933726
431338194
222167520
539746464
-79371225
-83878774
423569952
-6397818
-710249904
-125485920
294075575
-294364212
59811676
835556835
-53534880
321084588
-793133800
81949008
99338535
-239734999
-78480354
290647588
-362738796
-576442902
-260095766
-189077615
155421075
-33547632
-109535985
318539052
461589800
673786980
-129137976
-995882166
181903950
-453310680
-90576500
-66834874
388351060
-504202230
788332908
-575734080
-322135920
-402044292
-99881766
-248061200
-749386560
-275083050
-59195520
24909914
-44368584
510879614
-249418719
-416538762
536202610
-583955136
-879207756
-48968172
-141081784
-528538827
-53478656
-389932011
115786047
-79757755
54209688
-25993164
-265309128
285188360
-44356870
19843733
53603333
-235510000
-20119741
-300297192
45789079
166128384
-398645533
-93797109
-41981112
95779008
-75833054
112633560
32652618
234438490
-500240676
-114439710
648808416
306616992
740532
447800255
79994756
192141222
18873495
-504493520
620933530
360414096
119520981
1420614
-122643136
719814095
-127216023
406845936
310195676
780539904
-114918874
-262529414
-91939848
-128722550
-123285811
-696178098
14693616
-79273377
676648000
517857432
329057014
-31171343
57029565
-465135690
1041257308
550413810
-117008994
131267320
-92669540
813405096
3620430
454942724
554673768
-4061743
11132955
118878127
-561911814
312909480
399227218
-103309074
300450629
436044840
-346958312
-411565460
7041104
35304402
179123021
-695221537
141812865
179846814
14952960
623023938
-13807710
-198748140
-11750961
-411398988
565082198
187886356
331528662
-124785000
-391548872
119462256
-171021004
-79337713
-253395810
392595472
120388950
104124069
431800488
265849812
-378365643
-248636223
142957995
159035115
16250156
-194264743
166152900
-20633886
-5411880
-474561180
-13580673
-246013887
-141112505
-106811425
-855083520
-382657639
122602740
106481126
-417003700
312371487
156972538
446234736
321550965
-104264230
427686633
-580850745
290131170
34062990
-300229738
139941269
-51893275
52230474
-482901453
98039744
35629044
-486077372
-252006837
186242
-15197302
-16843407
-118054125
-1787634
-452643755
92306672
-435338640
-360442784
129565840
208213698
81090165
-440310325
-417080625
219592828
-35552022
157476912
-291861360
137560801
-181909572
151054782
532718410
654116060
-658931705
492831261
-676326546
-830816407
-92989878
500472901
360387794
-480006528
-195733020
-54705784
181568880
-41106788
-461253192
197515045
123280230
-89829252
-155640
-47247200
509020889
-73192812
269023644
-61290693
-534184914
245132940
-207497133
-716896570
-314901742
-11768186
46862052
248434560
753634650
-375012084
-246121398
-376787264
383672460
316469610
-148810629
-6111450
52484892
56194248
82486878
126024519
423462402
-122710960
-377912482
-270713900
718519034
1025624094
-145761855
-406172864
62988534
70508690
-79914752
97678651
-535039494
-174727739
214677052
-48159210
23575390
141011512
-254237851
22770846
163992104
-16765735
804794289
-95262816
-49666890
-144446757
49715616
29572865
-45954953
-566621960
-50976816
-228148360
-272049540
210957760
70632540
-494964954
34774500
-4788585
48215176
-668078976
99165529
-96702970
24117856
135357014
408461508
-841967501
-157703355
184242032
93032772
303695730
-28678106
123467814
-304811961
-309016658
-14266660
225018231
383505436
-323365664
237379355
23615559
48310028
-407119482
-242132550
-445181328
-243970946
-135628680
-166936875
-80395465
469645773
-24000096
207341888
51861288
459614268
-115053516
277347680
-530990676
434979604
-440151985
503009756
-75186160
171020738
136501800
467858925
22024284
-64488918
277233852
-194137977
-384087821
74589732
-482011353
14554490
-184739760
-479921352
-96692902
-44925076
35305716
-648799977
851220368
-88112632
348466009
-166913384
-325663638
578515986
56286412
-644764575
-328140070
159476065
-440602632
115612368
254789010
-51920990
154115685
-18229680
-291692205
-123673683
23131554
-257545100
84016702
-208822194
-11507492
-9916032
-437730912
194401993
-354477552
-177513540
-11796156
5956860
120909481
-508315280
351672827
-939710734
-482282355
209660640
-316354625
-37642801
-288547452
-201156570
275793880
58102407
5478213
92512992
-244589765
47539250
-128437740
-184828902
524234364
330670424
-97789261
-45310980
-26995694
109048695
299687382
53936630
-728691496
-248455717
-6081660
176770080
-446328594
-204747725
224341274
137684256
256677732
19812900
-175575528
-166667468
64843380
45959810
120660741
2285676
70965428
-144533025
972798732
86118144
224887816
199712927
-489518208
-1032273618
-29327787
409293183
-726947160
978780
409821975
314782210
485927064
266720600
514757308
843620204
-165400521
352020264
-450247398
-176932712
370641854
340021929
10975540
-194575346
-29709630
287065616
-506601576
4195168
738523044
580411392
57386112
-554586111
-287002478
21353990
-218972512
-455330325
171912048
-67546140
529095210
97956600
910733560
-373935438
517544924
86855574
-35722945
-126509290
-135295644
-254691520
-622596114
-472957056
-726656896
277201500
456401820
750876224
359988894
20395342
-99316908
-379187728
922692771
8080589
-814759855
89479676
-16444608
-802504192
-52536060
13041783
242229120
-73448
-121113570
-290125473
69585472
-147098490
84115680
537049270
-354594484
-7826623
-21204997
117744546
-256061358
-444824310
-61869830
-331855494
-30411063
-340071870
-33493416
859138833
-343997316
465920607
-107617020
534461200
396343304
-116327376
-2838483
113537024
-69912594
-431999592
-143315925
-560471318
-188467593
30144400
785973888
-23190300
656912678
388800
-75059712
72545120
216033027
180915780
-433272630
-172278850
-145295424
693144327
705944700
-202973040
-146970261
-3210340
-148859425
531263538
190263920
191059127
311696000
546195027
-23641584
-985100
751337580
382056472
127999872
-92719075
857757780
501609696
226126124
-256744217
-649546239
-591436674
24673341
227031125
52725741
-338775048
467153880
439503336
40745044
-584915235
-137404183
-430176880
-702881088
-486021666
-270606800
-25042463
-325422360
113539820
405722860
-86264988
19080982
-414398726
