1000
-600690411
78332736
134825922
6915013
120782040
-602826354
760367751
17573652
95928787
542954304
211819278
260265638
-13913984
-25282792
-160514850
-43434916
-337627641
-116623776
159884392
17175333
3151998
-175264292
-357502690
-814719056
233347680
-399479229
-21374325
-863860536
-4842319
-48481284
-234917160
-34178848
101915944
92303183
195733424
-9484800
449322615
24215268
383221920
115437312
183722812
47197704
-72332403
-566176864
-381081960
-410929867
104008025
-793472141
351371706
115449312
-495342830
430949205
-371970664
698399520
59844575
-121531494
36246672
-254717100
-618643080
70682029
474425320
561592275
187427058
46556048
-233417520
-318563289
-279459168
-197030680
8315460
-404280822
-113962890
-665995262
-330783264
46940125
185204290
491813702
47470563
-923335063
-313616326
-224671960
1022542954
-158534974
94239636
-921950432
-565760490
204812244
228294703
-433969176
-49298060
-30975909
649782630
-4682340
100801194
8612304
109521860
192047526
68501801
63797376
-882719785
-369476304
-28501830
-13874294
-93149885
-141084976
126959622
-156684753
-402928965
81196380
-840857848
13990920
-445546608
-372448488
318614907
697383570
-222676132
-601449615
140497512
62617611
-515381237
-542297600
-81167832
-523010192
290677471
-160040784
94836563
539320187
156619557
-230337360
-107359200
19306025
193433842
22814680
112126254
222160224
52461693
19244012
395115
192180438
925638634
-540811957
192785582
-32901768
558448708
-120467374
-550369542
-298073172
620308715
4671544
-114291280
-35353522
2829450
-217130396
447431517
398155035
231851640
304742053
302130678
215964030
-575350290
27558360
4952626
-440272896
-217778341
48853673
-123677476
310750880
-157833003
312303915
-236950053
506070090
716413308
-81222549
-705760181
-673816114
268042368
-355326577
-203083578
-154254345
-792601264
-234616225
173087404
174118764
-344370065
632414076
-46254648
-79467360
-148784988
112887040
-80063060
-97261956
337677900
-545031274
-77386550
67643030
-287061869
181935810
86968320
-52032462
166789788
-334976040
-328902900
-154159808
283593507
255632248
-634671233
-310980025
250181628
276698194
-694622256
-253812420
653342872
258004956
43755754
-160857432
2207218
38746260
-33474360
347918204
31526874
-423560370
173460780
11553060
-141891345
-160427136
-214812774
-158552168
26727908
250301700
7005690
-22371525
12855304
183687616
-891494520
402765400
118783227
943189122
-686855344
-452516892
96129666
109836625
-138911276
-2084200
38517440
-166117452
-718882072
-776127824
560461296
472163120
125255474
-7728084
708272971
-74559348
-827641844
219949128
884157417
-207735192
-28672848
446796468
137809665
9625770
81032979
-51162670
-379949232
-240986404
164696383
-436345120
222957296
71313616
28019628
117634472
-16733128
-127063790
442206227
-653908382
787744674
277104680
601869996
-233327591
-532606704
20077721
-35368179
182424550
172415404
-17780288
-137219104
266917950
663659591
-335398734
-295205298
11913200
-86665530
13803072
-874378944
734804448
-75117165
-155841125
-400520344
-321120432
-315085422
-31987312
51646716
-214753937
-226910877
-176538473
-55272445
41870295
-510478800
-249405305
32735290
434791722
-675504452
-304334712
-582428535
-264904530
-31331748
-244580204
143192394
-367891196
198257378
67117725
455519064
1080000
90337600
167621817
-101505714
-520877500
-236270160
-10295080
178564260
981350139
-242246577
-53292270
77237030
-26421064
163681184
103023857
72006528
175521485
-676709898
32924580
-2662308
-113624070
-478017865
-549358964
-61521966
-119829889
174842694
13549458
-96428179
531375324
-346735400
-498215900
-627443906
-38870560
-70266726
343596222
515488735
179916000
-640329570
123090720
-485013090
-167208997
126718398
-158970350
-38975340
490184681
-39543218
93532239
61603436
515102808
-86890342
-117882920
273107502
-107978860
187610346
220354488
-522563223
-704530592
43216338
151663545
-260468720
-184228251
-130115058
-440136612
149162481
2109054
35083800
66245685
39312384
671736990
-290875500
-61819692
257780579
-888438606
232150605
-740300395
-256301360
11970038
530659404
-591248376
-565200382
-623896328
-203758516
10508067
6167743
-18295684
45376822
-467119899
-14708320
-4179192
-166628287
334198127
225913272
-107710416
3642080
-147115673
220635162
-52435488
651621136
408068782
-114425599
28503860
104335245
457158560
-239749760
-94359504
432126909
-242156832
-157963927
-224783910
-151810780
-66134301
244627046
13452722
-156338440
-532612741
341932745
-192467448
-101147892
334211172
-21383944
453093322
-734766760
510767818
-173581280
9105382
235390078
-481662720
-261704565
236882940
-191920961
-128287440
-202375143
-75689516
-302460468
944142985
472556684
477310950
-132357960
-130352316
-142435543
-109447184
-215948656
545568933
78140096
13355628
-426685618
-338885862
105108228
83721230
-59016384
183173584
-234922470
328294820
65741328
158278491
-422080568
382800261
-31300400
222302472
101554500
-411683742
16573388
-91030749
128971808
171485444
593032075
40350464
215207373
713123268
-888712801
-480457935
-21535670
-226100112
-31592064
-193888768
-597485644
45936570
191596
30194829
76757104
-155622468
370311963
125991546
-236274048
-904004674
-92910480
-13494324
80008073
362970
27319320
677295810
36544164
-986544635
-580735744
-49029435
206715250
-61260486
-111852923
668511252
769103067
44455636
227905306
-103988970
309162570
-398879232
48595008
14476146
530653734
-16384153
-492906492
210494034
-70416910
-35318075
53226284
748590072
357224064
-169196140
-42404125
-236280240
232485808
-158108328
-307245016
-190540012
-22353519
388262180
214463576
371308127
-359482208
-503927160
72895676
-144397980
-50127660
487119585
99746102
135973167
163265205
651698400
-272924441
-132114885
30268569
7261276
-109612112
-292475664
1511622
-376203993
-414218208
-479056003
-3840375
559149008
102714303
-22300704
-119121917
-90964416
156071916
-11352804
496459288
500106508
192825360
676538800
28689960
226567480
-261640986
-211072026
-734452902
18987684
843061591
391015382
-64236508
-322269195
-357377468
844016103
-582305616
-109465200
-142993678
-5139031
-210835768
172463792
604741860
485133222
-151804601
-134734696
45470698
321517092
157624860
157047888
-819778167
65524928
266955472
-738487900
-50921728
-223076584
104404495
-463757746
-195731632
345036808
-408342174
-206822505
-472582656
142033640
-566650560
-124926862
-72433791
-37290960
59420020
-224949384
46613394
208582515
-253121368
-147831201
186869235
52314768
188874
173725776
-47886288
10634877
-584972511
-62986
-32881811
17669060
-114322296
-1040553940
264386075
523870550
367563402
3997056
-495437910
138725183
-144100995
478727496
98354214
-703831092
-201293290
-323265284
652181741
120639870
134470528
2282280
-125595400
308565180
-319380243
-393180160
593567726
122436801
389376
10911922
557610480
188064870
101112000
152739594
540382566
-35808318
-14395960
-63075
-124528430
-75294720
103441040
428158907
-278673122
491882908
140913220
-651882663
200717974
-92274997
95358850
50804964
-123183424
-19342721
-339565341
95543536
-267557772
4785377
-48857070
-509231502
478252698
330879241
68200990
529048728
-139757350
-75923805
160350840
174162655
750185960
-181802270
-35585148
-115087775
373314645
-56731551
26486510
204787880
-864704412
3416203
-755115402
310143533
4340556
88741275
246677184
-219002209
343611600
-7055034
680428260
-182956924
-440916980
15430384
1107928
-67905084
-397255170
-3490784
-332630036
941252991
145249698
298890900
-405196938
100757143
492551752
-38240624
-331262248
461841128
24959319
45104956
-75414604
-327203712
765814
-455114494
102237303
66672396
-20408080
-74811387
132262884
-469730934
-720089857
258824313
-80573098
-129452055
-411929040
218535008
-106798002
41170688
-429596870
-169282758
244452384
181223262
637371744
115799936
226829988
-465473925
-244980460
-242398560
-487224080
-33348700
-6550025
-159923841
222263132
441424138
21723768
992058508
69734519
-212689899
39807980
-652089340
-858175709
-19943290
547602122
264018474
66000858
-387852960
-401722139
699732480
58980251
-23085652
91509516
226748916
-2789713
394059170
111306272
-376150880
211978128
43122457
-215732544
109898646
-389012986
-10120929
18657153
531828531
123539645
-19556347
-368096820
-338745160
-163056158
818347908
381832640
730071256
-592449012
-94682912
117554877
-322498305
-432628053
-27400032
-525004200
5321214
225141352
-191703976
-42301343
-2569248
11640464
92004830
31732778
113906106
-916291425
115906644
62085413
-753296556
65202348
-50897592
-113393780
-483482295
-33497577
-132107250
318276000
291499500
246828142
-95957600
-82406814
-183346860
-673310711
74813670
224489302
-342033420
-124119072
-532072110
44744364
71977334
46324356
-412986254
110997964
-417808467
-378563997
-14093016
353655970
-40888937
203204000
783620320
-17925355
381452483
355002600
40860132
2797440
140234514
-684306
329968871
-24681076
-101410340
30875020
292243005
-34563958
11326120
-71332480
-702218492
143343360
69101571
151332818
-714860992
-127331490
55890024
68298480
290066454
-69150432
-247949214
72594528
14134925
694676514
44265542
300879324
57668268
78718976
-221836186
597314550
-110435760
232147350
339098056
74217240
130327110
528658676
70307390
-122726110
130228140
-461346480
-82412524
94170528
-1408750
333692386
517166975
133679850
116110368
520987104
33332304
397839655
-222381777
160085607
183602356
-659553264
-698836255
-23352659
-788845713
255010881
-3500784
-90980682
-636224820
-841214412
-79518480
-177567516
-216333655
455490394
182216190
221958016
152231705
43969591
390388168
-14385195
227707084
-581793758
-42126980
145475340
-229069165
20689369
-57480159
-388994165
96772325
-1465470
143230164
30306045
25030080
575003517
-343704984
309804124
137293524
61598220
287045880
285164250
413484475
668796264
614853762
-834321024
474275682
-213592881
-665463680
340388100
399993396
42963750
534085526
-292884900
-596024668
438125325
-38045334
-58691380
-7039028
-53440056
-214102041
-74801640
-264277212
741328440
13859236
58104234
-163057605
-40028850
818389166
414899931
-41352246
35824467
740239134
317974842
-22155785
-768607560
-552738375
214340890
65091366
-86096204
377255922
8702240
11331128
