1000
156093101
46163920
-397549838
156225721
-280814088
109650442
-455940816
-152635027
-955920788
206450784
232382520
604848022
-79691760
-2739880
683385528
320998139
120659144
-118026000
-614248369
-768732225
41302428
-254990886
-310942002
-100323900
453254400
-232653202
195706665
599970085
-585786448
-369071328
252988288
-76184542
399473100
811388816
251451480
583627946
-43174807
-571529970
213640578
-177664992
14479971
13579013
763087320
-45403832
-178647040
417306050
-4437804
-721371190
-264766644
-256863427
-391864265
-28801150
-59441934
-604964304
-169866704
-241525121
-195100186
891640117
-301647456
140714
-232486448
-7745868
-359799668
-431533321
-46038401
-61509513
-319613151
518240223
-59476599
7042614
126151655
-318588388
208295400
474386340
-190608804
31925890
-476376614
-39564928
-121779810
-95244012
159445395
-172143819
-47125936
-45439120
-383256120
101989888
50747970
348142904
388269726
6249744
-440681780
-474623135
-119646391
-404481762
102149355
38921290
-193930272
-112473246
-342801264
12587520
534483462
346695025
126958492
-48785638
-66141630
202291776
-63109364
136275000
-84372301
526927544
511352975
-471002400
145813238
72498360
-426557976
-62245680
-433843689
-301222779
738777152
522174086
396946215
-145059980
-156379464
-145726900
16598670
316162350
-33837582
-681275478
-896960884
-8610280
112740985
18394717
-141512238
-123959030
-305443604
189521280
517727990
-103582350
77326115
-168272208
204672040
36635782
257861152
-647440920
-950824635
-603651044
-71477283
65642927
-289530216
-121547280
-249030942
-274420545
-405467796
30325822
62136984
526087608
489596065
144752860
441217511
721601300
100199812
-4270248
-151223787
108879512
326675301
138464300
643763982
-73687248
523723200
436261491
-36684180
-54635575
-12468276
342906289
-323738074
-405630540
243546948
-64364176
121420590
440249256
-95907733
-224619246
-607962652
-77720000
1115700
21390690
449909568
381108574
79141275
-476184744
-10323870
68930571
98814144
-345464676
469604877
-585801040
-130093512
-4851120
14252378
279059284
-76340869
816931258
83609621
344446626
-467852139
-210738300
38145008
-914520395
-18373582
679375130
308168630
161418901
243853254
-144580016
282750160
65432192
-35144172
1425090
-152346579
-376585110
-84387952
-418894630
-716129148
36503538
-1981870
125676090
-111099840
-72132468
-462682560
-599490384
42373458
-63590844
241803015
-41203954
-288344896
542209968
147713418
28945072
462717824
-1779960
-811137320
-211738872
31860402
-296180200
-565422036
340884680
400327906
521546680
-792151998
-252712086
-52429426
-492073800
-128098722
-150393584
-81824754
333737835
11045657
-171053716
-496620
265840312
-111281254
-35600857
-374323152
469835478
89965923
183522352
-63844704
22564035
879248120
-89336973
516595393
-1349441
-325324800
7185696
71989440
-181021423
283947742
2309952
-71280342
-33809668
-387875875
-788821740
-743008240
372841769
-281109843
57030411
-31344194
-186575140
53493075
-169822622
105192720
726782250
294210378
822124765
267444884
-668741296
-148633567
44084480
359763120
308846984
-16500350
-349348623
64341312
-140564961
-13846502
-250469520
30084054
849917304
247322910
183551930
-4944210
-344775125
-286702230
-489924220
34400696
-137789665
257372252
-209750024
-691016750
-7671471
260711616
-170631216
54515792
-65800900
-432826644
-85144194
-342232740
-717503100
-250171038
429373780
4633215
-131746412
-275517654
117883382
-389290575
138002736
254536331
-465296428
-368608536
72045726
493711200
12141904
-253561384
-76321125
28867461
169188248
175998250
8407170
828488094
-341731824
305495030
121224600
-222023265
-674575020
677059415
-51350676
137610548
709749704
205136910
354109998
-39688716
-143643150
231174884
-93338
200854126
-29453485
-56255432
240768642
560678958
-217925495
-29504748
-681572544
143816634
-937753700
154093419
-182495390
-774872484
-216469464
-336942074
-58360476
390317532
411681650
439099380
-223361030
-118684540
-324310194
344004165
347491088
-25287365
49735246
-809743235
1365791
2149368
-194637368
-319705870
-144427818
82804318
202217106
57037556
-524589300
558790464
38528481
122421520
665510745
-837380730
134293668
569315662
-144856632
-82601610
503138624
-75287632
6148896
-104385588
372152875
-816232898
199218960
79838052
-291484800
279446214
-386346150
-7833756
523750760
-106428996
-779671164
-13093640
-162045264
-631372036
-265116735
-91992699
275625574
-101243931
-434908440
-444822315
-57655740
188009400
771482556
458920745
-75950
-21845440
-590581992
222304191
-274988736
-616525080
-56051746
-434700380
279115650
256143448
-826390962
-407142999
2195622
-67740714
795297906
-13442935
-491398050
-392415240
-447916310
-454960688
-475382370
3347876
-17351928
-207223144
37543464
345104505
154515118
854005360
25946784
324362286
-68538948
-499425048
-53157276
97646912
-440762248
107021860
540619522
-164220525
330364720
-63198210
110584388
-700053024
123120746
-509631738
-25283800
13044800
-124921440
-98313600
-416130520
-427437290
449152740
97805872
182538366
4374720
55740586
-433344717
57320445
-82090476
568129936
-863487263
-151036368
-184460648
374342512
389404214
29995110
-215871928
-315585060
180697761
-326763300
-7083102
-232296048
-470257642
-85109152
397270776
-298873496
269251493
-281949579
-268460962
-259430080
70726240
52182485
-600611550
557489970
747497380
20664806
-880376805
120207056
133648152
-270381993
166391896
-221524312
500048496
-422260788
-256870489
-314914992
1322761
-681127832
69260487
-293526568
-240687750
-135177804
464170590
463655610
434580166
93815865
46752471
-317882577
-76120121
-303448638
657237654
-62045792
-80271798
543590484
-881438298
-481885524
845650554
831220341
17351400
42103872
206041090
-184498968
83201104
-78068880
882624950
157049593
452809280
202333815
166094938
310499835
-37772376
230247576
-190954608
123420990
468168630
502472253
-332886700
33119450
764562078
-301915362
-260228857
-566050464
-246513092
68840640
317902325
-70952500
130796640
-117756181
-236459660
-341561484
210857834
91850024
220839624
-12633720
336088512
88519765
598528622
-148701922
-21921648
-114607080
-264759
90095576
-109512429
-142425990
-158480070
-469068872
148410488
-354203373
3186666
590520942
-162221080
-478053081
213177007
-432217044
234513000
-306860492
24290070
290701830
20242430
-377502164
-297256469
-423168600
-76629760
-185459490
-505840788
-442944450
137195473
-101169210
-393753600
-55576854
341039322
-161132160
-298944162
106350720
-67351722
157645113
295395238
271712116
106208448
-454068120
7134240
-54755666
118866528
94229537
451190404
251748
-201096678
12116644
484476000
-537043316
-547104294
-337599325
-340968110
-145055281
-228514689
-10732479
-409417856
171679725
333974424
24275997
-64203810
-383392888
-177567
497186322
-637010090
-122916798
-442429265
130853720
607794600
-276436112
2267236
44485479
461142850
105963170
44971080
650166783
20461980
406349750
389963470
-343865530
490070076
-104208388
729451980
-307344624
590062368
-248466060
-81171180
387694335
-337704620
-264589215
95444028
-244664495
-875010043
16951032
-773180844
-11269917
233147565
260616320
-104933248
-28174288
82772750
-661848264
-116179112
198395450
3173742
-727309186
418474150
-55905384
110412984
39933232
-664814920
-321779085
-720886530
-895739274
-286448028
-582446760
18787224
109889352
-175150122
-298025750
-21768642
-31437237
-194407110
294687645
135287200
430119300
330000642
527238782
322545132
-173770336
-71179785
-115076456
-152784140
-127130750
-274033350
-15036800
160785525
-83045988
-39063870
-519261678
530554508
-187647642
19438552
261241092
311133744
150945125
-13821024
-44583490
484063099
20746199
-9377500
-8689641
731945571
-238133410
290675376
-478719716
5567130
13359233
112337550
44140149
548851254
-344322060
726358773
272682600
-97429992
-843759174
-130875840
-309034392
-78551265
-818930640
70587259
252224928
260797425
704348581
-164537615
-270920846
-3255243
-494109441
-553598917
-48335854
39923840
12093000
2334402
451927144
-148206528
-21589940
-61157887
-337624150
-188045790
286495412
127895460
-67039005
179018019
366383096
603030302
-117169044
-33859254
-627303930
-453479850
-725590644
98911950
487075640
-88166945
-445982512
-76456272
874048948
-910259937
-19114788
353388288
-157007982
100303077
-551371644
-11162522
-77230207
127817438
-101439982
131450462
65662177
270676056
-79326121
172685260
701157875
-29964716
-184167270
-809344914
28225120
-323492190
110042562
744846168
269442862
-900708612
-253890240
31776591
-74572954
107825746
31612197
-60699204
88017343
-100033576
478228200
377793078
-254386980
128014992
148730176
389483792
320528124
573648240
686083998
357494400
19844539
-232447698
-757594460
108188288
-101883442
238067928
-23624346
328244546
275888620
99200785
77727214
213628128
230559790
490875502
774276384
102637385
-60401421
-18587674
85529813
-511661164
-121067884
-80703540
311029544
131832675
167776323
-379940
67734720
-643820352
235060224
370480628
708461328
350456520
62086479
556070592
120967185
173991528
42531109
97041417
471499318
-33879375
-31095360
182088153
625572720
-703232790
61867259
15961750
77371680
454878979
-3951198
-154084260
374719356
318391758
-46138352
-12936858
58362663
-263440275
404014182
-532732680
-66809304
-170814663
-85826875
61558146
-83108520
441105560
81596536
713322995
134298687
120597600
25461995
387304680
586653587
94370256
524547345
-231844119
72769640
401369748
-590789472
44601699
259322491
94293680
480021000
-823215526
70690284
-261992440
-234989810
77852126
444512796
-355437272
738544971
167375988
-85011020
-841781149
365117577
-94231008
705040119
-630028256
-85607926
398062820
-153997696
139404618
48640
-365576887
283296560
399571425
460001997
-225961092
-662244060
177895340
331181200
245503245
104604912
-371514768
253914864
-965796744
-133594500
93070059
503139000
66529458
-215580460
191597280
66675845
339538815
647919720
-9102222
-205824546
-192294585
5567575
-806954122
60580550
33963888
-174144600
404485328
780695883
417848386
751149420
46552755
-394153312
-200292792
71795636
339797835
686632780
245856528
-381879727
79902450
438250454
-531493177
70831670
-85736272
-79749600
-386304352
-141371780
73566922
473185315
-40487839
279280430
