1000
237162087
-173825140
-544679325
73077356
-193442346
491658354
-247723159
687249483
-637268190
28855386
-630717152
193625781
400533585
-543292218
483407436
384761232
-53229465
-138097300
224566016
-582003500
-564398208
480574912
-85131840
-170677053
30142008
79889460
-718289632
197044536
-326130371
104025936
-551155440
-15525558
-47170720
-45833265
-130814200
-635548158
-174215472
-577538016
-15794540
-28285491
-339863472
323306938
434494582
164444391
476129472
314558970
-88988704
-234588743
317437005
-380458254
-871117341
-728130480
-278347400
23447644
39429500
-304874008
-614054064
-131468468
219306276
-717927896
23175669
356547541
-25097877
523286904
40071852
-533579904
60698350
-38612310
37257480
213231816
56856744
-450370224
-271418460
556665136
483427672
-104461070
-255032200
42474188
-171839621
-539557200
-789258269
816030721
-68102832
95742565
3956960
-343980525
-69056213
-62103312
40682928
-135136323
-288539571
-74774908
-328560540
473995106
298471716
-821685600
276713202
-93737721
-100656048
139705860
238453843
109072400
15946335
-256874199
17626773
457952820
-130520266
-712063303
682331514
83100000
319754396
48752838
761462370
-209113677
8365384
152773502
-898131024
298922745
-64102192
1684236
-198926910
-489918600
331296812
486630698
321681244
28494180
-327399566
-30430800
999546388
221040394
812305536
456653862
-955297408
-43274820
-453121344
-348572955
-656695890
252165644
284149900
-372218760
-31081787
-111794760
-128005359
-336220325
188458092
-541541766
357897038
-122148400
-90127131
192138410
-956799360
-1883985
-99073207
33751179
-337978006
-234736
-47332578
-35018145
375746508
-85687375
-73927825
-962333559
-246165638
-194078292
-55863079
-336231880
48728680
4949106
203691808
-5399404
27972259
-67862782
124356492
235660482
54989730
76408490
140666355
60028059
-30048112
-36378528
-42602400
547038240
-781160940
290463200
-126973664
-69507900
266703360
653048536
452705688
-391610146
-124244200
-44356098
-176008131
361460308
-22168378
-696729882
163194848
-20511359
-40864511
40937400
605082627
-192341952
-230393295
-351704001
79092144
462802941
212328135
137908224
378721642
-134361216
-656544720
39038826
-522017600
66589796
-40799979
80305785
748211752
-101212650
60763056
-945639090
11870961
-177147855
-7281920
438791456
109806824
-848497525
6715759
103683905
-121654100
176572880
57761330
17319866
211131738
-210961359
-249589176
-59106537
55001912
10510182
-418975956
475079800
-113965743
454144536
-43406605
99201600
-39530050
-190857474
-185937435
-26515044
124417740
228342096
389588976
264634734
-108188853
-374892120
-151089421
82050246
-576790536
66464288
11056860
120763272
-198263946
353221385
222387648
183800430
-1834012
283310724
79455264
-198617168
-554422180
8772645
-895620816
119142150
-183670074
102174548
683403048
30150860
110470425
-15385595
34707608
-13821017
-298134534
-113197041
-126679308
-1288526
-91377168
62050848
6906423
-2534048
-210949662
-361503972
314668580
309818832
-189459162
-302290869
-78564910
465758704
-47381040
-215790829
38362095
-222396200
-194328985
-164797624
-168874736
17664725
-21795032
-764367695
551350732
86867970
-78613199
-400263981
-669334149
403109561
227258403
128316488
-433162566
1620038
156700288
-117269366
21339164
-21300207
374349160
-455115199
695118174
19155737
-110684928
141046880
-425309240
281374788
875253456
-8564464
1336965
-165394656
534663228
-67893022
-606443650
157256820
74674892
133350741
-57771024
-93193993
36933333
-479843290
670572
80066175
20378680
133067718
216332055
-436275502
-153081472
254125570
-607449388
595411442
-271384048
-80511732
260718048
49448886
66853592
185605002
-167251420
15237410
-393354656
-177461370
-428846340
-42319816
173656704
-514309840
58089438
324719512
549511940
144351616
216378792
-62515740
405245775
-364612452
-11150674
-100841848
26409024
-195261024
-280231328
817118128
-15717312
159073915
-134685318
215792504
-24601398
-31255308
-545157999
162106217
29257638
-896602434
-188873470
35600448
-84371235
46353164
-4331520
-72887192
-79905150
-67673820
625117794
427570884
10036864
145101094
-75286960
-141504780
407728440
-287500825
152213614
-126259133
898140243
390041610
-8897406
-131679492
-867495314
-261408378
26013326
-431137608
124383294
608960740
-71489726
155015208
15617547
165896743
155043666
288007553
261499535
76784984
13866675
-476309925
-211332649
79378136
-91599930
718992288
-109814400
-113014404
268338922
110306940
114433494
557630943
386613848
411577045
445820778
763049625
-200771376
-72290477
-354478611
334015745
-47291448
124998000
-21763306
343618688
-833299200
396689956
-77169290
-162398726
195473850
-67045407
-800150360
515660730
-24083730
797255312
54346380
-408137488
591062802
-397836428
-17566725
-94753200
278804160
32244150
-203166938
46241503
-781004
-268016848
267942437
-337133584
-671782922
122860836
-207185926
-69629787
240075129
-778922928
-197854417
-50901760
-10096788
31500570
-120725553
48969792
-77936500
-720414394
-17440328
-36701536
111150306
329438020
127217479
52719790
-73678228
-1727025
-45441451
-10386478
-32478520
29328
15708987
-166485274
-435009438
158094000
343324440
-362618160
-82583010
667986096
145645993
-70431974
-46709988
91395000
399100320
-417627154
-60477621
327435584
-60934120
-62875284
254531706
373169161
202323165
946760796
-725208714
-14223400
-61019222
30941722
175751790
94115938
39462940
-311838738
698470336
126849546
-343956782
-369042806
-370248388
-17487925
688196432
-248087000
-557861876
-12770604
-199372776
-572734944
560514174
-117903973
-42459336
421405750
94821883
-423746206
-777412352
118955820
-831138594
29403220
-75125580
366976576
-298023011
-308468820
660422088
-735768012
461066858
14970000
10302930
-389240712
-960609936
5538341
-66384045
-72500732
112645828
97152435
-248183845
-926241888
-545220141
-725230836
91322645
165551460
389062984
19995270
85475936
-199771935
6838290
-962314280
112785250
751401040
-184814904
-767549522
-196992056
325690300
177674310
184163050
294029629
50933428
-186973220
-606473700
-381937472
284646105
106788315
-384224877
39755025
304722
199911950
-129080424
40391703
18317358
-22144075
464332316
812462777
-46187544
-71451036
-38509864
3998203
2243363
404582520
-32443054
-135490191
-762380320
329600516
-64869288
33746518
-38441772
-68022724
-37860921
23589020
-204080992
-3205710
-457699693
294934746
-249424788
213864771
-279417360
-319748914
-78927150
-303366120
246680296
903440871
-592112294
-481285530
68524316
572225280
47346036
-26179208
32535135
700972896
298720036
478205160
410432927
295383270
270834267
345258906
819836094
-463732488
340132068
353371239
-110206720
248982390
-94975471
-557265384
62193150
21193216
106751260
-128155138
702368750
-682535022
-499465063
-868664376
-16271201
-311613135
-33791484
-171475380
30001524
56711530
401432416
-90748723
40394211
116157979
124972533
21949788
467445714
508849152
47367750
94612372
647705296
-187561185
-5116132
-59611368
178503644
397288560
-58862060
-434137550
-145959501
60986998
-283781682
-334999089
169433604
110706460
4880876
119899545
-198520660
70405556
-26975960
-298062540
152738258
-182130284
-41752828
458115548
182388313
-154998540
208643040
-335949282
-216379008
602328945
-43451745
71873552
156618852
258138324
-79339000
-136528065
-12189324
-448389793
-60796580
52596500
251201048
405010851
-290780480
-705454114
-370599438
-471526920
512189469
242677968
214011281
1036728444
8384457
432175664
324686124
15513375
14375088
126947104
574811484
-24549450
79822800
-607690608
45240008
248505088
-283074768
238682943
133594058
486809622
572257686
266729316
666936000
296312610
-216142242
181804770
148158584
-298020007
873889743
-534754802
269355003
104447256
12112592
-602901376
250069388
-57762432
-127475360
-127386525
79122063
-193526724
-588183646
-106068
-677350508
-6451596
532393908
229455360
493180632
-854972900
421493310
-422765300
723763512
666357120
133077480
179870847
-492841596
85141020
548037855
-65799503
48573060
248729836
-139167030
-372619143
-627600366
140279130
557537022
-575728664
-209054385
-43346328
-107050250
-52195650
74892321
-208207036
-206856306
26919522
-144143090
819892058
294237090
372753144
-417905676
520968762
65812052
-687482292
60522200
-468687960
383530072
653567319
1115856
-92919871
290961726
115149928
121475295
-583519410
212924544
2929446
-760075260
498470292
-94110032
601986115
-614911904
-313865118
106944815
79894992
491649528
-129858198
-291372878
-158392592
68314737
40986420
-576576144
22933722
44112738
-284927030
3192928
68080029
715801240
128744725
-823333536
-28997400
-135862236
-14496332
681879546
-262364612
24823812
-311620098
-254410925
-695087048
872784206
-887355462
655995792
323395740
566513123
438924360
-44249645
230711036
268764408
-383794083
-279021860
52943792
305444546
60408473
294386244
-56733276
-745146840
91833456
169190970
-640808016
135767835
-40369368
-321592000
-40162230
54136115
161004872
-177861072
-1659392
35750760
213808059
-579701514
161616999
-114618952
-276677840
49226020
14890602
101480875
737962302
-31227568
33784980
109408752
-310939440
-130496736
71375248
-326883370
-187347359
-474271776
-22991283
80977388
475809698
-470800876
-354766551
12324196
7967808
-122046097
260647550
279851685
146160608
451740537
191150596
115145134
-3386979
-57043264
-98141500
561982542
261959712
4769820
-296384894
-1113229
87963498
-228369680
-254195392
18414309
85280832
198761178
-1740450
260521284
-753350768
-123887855
63236094
-278297331
229887940
-317406176
477784008
-231709224
-358466610
-544277019
1058927170
-785803460
-635052850
139954038
721211150
-228380767
-223614314
-215414592
105109588
-94153962
198511380
-686501700
-769531711
-2062800
-256083776
162231531
51836502
-221731188
-167931820
18885867
-180451029
-661853790
-67986864
95017533
-104687520
528546972
-134319143
565809295
429739565
10187296
112061460
1249050
-24950343
192443507
-1994597
334323360
235238850
-204115542
463013460
-239806144
-217378626
146070050
-398392296
422252352
393192954
-319715396
582604685
-561109005
-12838154
-329327026
-2160893
374825000
-137642120
-220374312
54768866
167671008
685425685
-735555384
26514345
-737052948
-182212356
-160152225
