1000
344969625
105456240
60539616
171863132
202364249
11856456
-34120332
271753476
-600949329
453260
250342476
243294258
-274053348
644126560
23622400
-129349015
412114590
-270716220
-250911206
-268877242
-13024143
-339993472
495833391
2240940
67066832
135569616
201081342
174929631
-1012980800
-254474100
528928008
-206101080
601031900
153789244
-107065
-615286071
115089618
-74464960
416982546
-685040642
322573860
-134144050
-967485498
-849755172
42414382
144485310
-423460310
556109281
479674920
-130717503
-520412925
85133834
462807452
255530740
18316038
-779866000
-248276256
-405282402
593698140
303987446
-149808654
-327859835
437570532
-143074551
46186875
384680
36356331
591909000
-247462016
-86549605
99855008
-328768480
-136530000
270807296
249542184
-248258436
-684147060
36472404
-741493056
-66281578
-117255860
-412131135
189601851
-224138358
565661880
-660932418
-256222466
470041957
249460266
657196701
-8622732
207179550
21893613
-245234262
115480050
-46019988
63127739
-271935075
-248726400
-473311200
-389679032
-968516622
-526521175
-399622326
6766706
523048371
-117777246
201171571
-21767174
-159818344
-758344226
57015646
31171095
-135996408
188798294
-211733136
28189491
366184914
3997456
40893402
-296515440
466793631
59973305
-659330280
809232200
358569060
191256040
316756518
-442985031
148072594
75172344
700923048
10101010
161844008
-486897788
-199194072
-88991175
131341557
-17315236
90786456
213352880
684773304
9147410
984648561
51715625
369495434
-723674698
354134820
165242390
444333568
-673736330
505569348
192171458
21958518
-9897750
730325024
383695884
-263103200
308280168
-503218581
483603588
-153749158
684440940
23687469
214738752
-628114188
173249606
96846249
6858735
-158313120
34048864
-93638022
-218820789
-62017494
871605194
-31059502
-779551285
314805583
134643675
-415221154
-639007421
-777313100
10385232
590548683
188436285
306770552
25829340
306477730
629168424
-75946708
-492822650
185476326
-203528340
491498920
-471370816
-156423364
278655660
433888840
909699615
502340475
-192725192
539822661
1021827950
-291518675
-575967370
-918990620
-734493885
-154447375
183500133
-319731183
347553210
-232957660
224629500
-30406733
287759874
472803575
365017268
-623906225
-703473354
-621092812
-188813072
-895499190
-270971828
-341258682
-168400278
88405488
100718235
38640886
228816060
262598586
277158456
367565780
488866035
10179464
-69436260
-492404828
43593032
913481751
145582101
50757795
-175407520
300679230
125289208
596481408
-291711134
-113730193
-88351116
-599498714
-4492655
-21012992
60158020
-696036511
216538399
469433910
748465932
-120028976
-68519572
-561790632
-191148797
7093845
390985956
-115345494
-451582644
36630
-19930500
68866560
191988122
305793000
-23777044
50916819
-255379023
-263831436
455060382
289815900
-421549120
99044772
9993178
154897890
-894130167
68166160
-154262520
1037161617
124680192
161253195
-53143515
-787300512
-262139968
-81930763
177955193
974341230
34489028
265823424
-306964854
299712432
6553407
-160688768
749993100
288504660
-39731624
638115324
-442707805
-89240412
123043836
143524755
-441952855
-325436645
58577340
-49711891
465122870
165027720
-27362320
-41645568
-1908930
150447360
331683360
-806551020
-35245665
123064474
-774414480
-181368576
472501272
201722928
73428243
-150701870
206810952
-36159435
-221991896
-8807805
43236960
-173468810
80164305
30004486
119700418
-68688532
-36781038
87872728
-43191120
298946179
246068957
-790929384
210303470
-199942500
-39075740
-153050400
-131609145
-280370593
555286736
730437966
-75574044
811401672
192286781
141164922
-35488332
423534690
-466902300
-412446918
-182638146
-208133204
-187461106
-481443606
280429455
-607169484
-544179330
184758329
-314704400
-662359600
-746361720
243572334
238349115
-23856386
224438598
393395699
-514208640
205639678
318421350
107096665
275325456
314752920
156653000
-394394280
-112711270
606931575
356795309
25783681
376284744
-61097952
-322624975
-455341600
242444315
-93653345
265595382
-140545240
16904754
334919980
82477379
349682700
-1423742
95640670
-6544149
658180415
351630720
-528875320
-78039794
44530915
-262575456
-69353627
50623
68469590
-75627771
-191949991
-18909072
48082928
117107475
-160406807
129913322
-237199854
81427314
324198615
-303598680
447503328
184904454
-689345949
87071460
-6671214
-226193500
-73023600
9610276
113979899
227376000
-18721150
-82761504
215881408
317075772
495131362
-343831108
89478
109787082
-356567045
-740267604
-489907184
953383392
121854768
-122734857
-121135192
482047119
331449438
463282560
-245690016
-1026950400
296403354
-66067740
249567886
65239020
139323420
198037518
-67760
1504050
-567034920
27026888
378724626
-162258024
549291250
-209339136
187869132
-56534080
-7076391
693094168
5373990
78936498
-614390394
29974594
-3463200
480483107
-778870818
26665570
489261552
452603445
100082538
727652256
609644492
10488740
-516750318
-11335533
100471689
-433454356
45922192
9545465
-339799266
-15170370
546571016
-119723716
71484864
291531573
138591999
-422431516
3167644
-493975762
-262931969
-34424034
311398248
-545240948
102736824
-164496000
183451622
-576665125
-224026170
-285380472
448884994
-2448747
402563408
-701854944
40062130
722448742
411048680
27095564
354608287
69518920
425723100
697888908
-772247304
-616335680
-259733923
-190653576
-222279864
524783502
246090897
723448605
243873728
-220876486
3322740
432002018
132936065
-85006441
-390338025
237754231
271761912
2281320
-21147396
86918733
-125947479
-6319825
95873232
-140792100
-35027828
-369423930
-17192910
434276108
260141588
-918444246
700289427
665083452
-35062636
46337942
91637172
164962098
-64639200
34715304
-62571288
296546868
884616196
48226864
279987360
-288660111
151985049
124321072
566131967
190712106
-68590151
162479948
34373638
-245162964
57304620
-658908000
-17637678
198536175
119745380
26221266
174100869
31593795
308851515
201920285
-341608288
-615526450
22801478
-80753760
131539264
-572462847
-473329008
90131811
411778052
-34004414
-118371340
540947925
259635783
-40041750
225114768
232738455
236132991
65778020
193621381
-640186000
-51445706
-37733319
112062860
138603312
267759030
-667323240
-75218150
51848361
355020249
134783018
727214664
147509630
138083628
490105605
258485866
-610621440
-634185648
128100670
76802064
-633008518
-298388940
689991099
-414107001
87002559
651565440
406022001
248267530
-43708896
-38708390
750148756
-93043290
107949380
41970825
-224754528
-306965475
39124503
446399100
100569849
324751583
-8810901
108454869
300816
-77710408
165761368
28340030
-886562316
-464896570
85221972
48311805
-155001858
52863200
21172697
324164942
559821570
401915448
324088800
-638981963
-398745183
-38940280
881951115
877333662
149802723
215549100
414668227
-726008128
-99880223
-612789136
-41413826
499861625
528301825
-177858202
-676510640
233368761
-705727008
-126291726
-54013960
317811936
13341854
-249313802
-55576498
15263020
-36813777
-540843492
-554023547
269944500
-94035258
472918360
-284316957
794396264
29477949
-461760236
284329087
-49915104
577179642
-107536512
-843390720
-819676696
-222151146
911371054
-447565716
-701680510
-253922245
91090267
-325988224
136334373
-95883468
-230450400
-122138896
9327042
-78430070
45666852
-325858574
174926808
687535505
-357790300
522592896
-304556854
-122662372
-358158132
496449748
713930967
-333326358
-82922175
22793460
-290074516
386553344
716981803
374188568
87966648
-144921166
634468746
872666287
375952985
-878509688
-322564672
608623691
-12894440
23450674
523392245
29622160
-36260236
-98671342
63052830
530945173
-376440328
-154067632
132960170
249300450
480224767
-489183885
-232662804
-186543720
76027718
-154950070
10910269
548429794
-651255970
-162094856
-67740816
410100090
-111324694
-926991934
54132600
866146743
114007236
-352089980
153891218
-393068160
-494989572
-406957045
4991558
81046394
-124597135
671005335
-576356725
-24738099
-107519040
358299861
-822411897
77262295
487214120
-669542392
453642917
-1036994686
-104142241
306252432
51999696
361564160
101886570
2027311
326861088
-20368984
-325894926
504623660
-220198946
-373663290
297916479
-126762300
600243500
-262721035
-371346927
-64944662
-93161133
-160568450
-131366592
29922048
-57383391
85692128
-29310624
-366977088
22136625
-421212624
106997898
-327482044
-437896165
-33580683
489610968
110898720
-455765240
-564754905
-198228512
-262105376
282569370
391900200
-642636190
-511259980
-164527698
-665154990
525231180
-188669138
499679266
216896916
70892054
207575131
-183353432
-95602243
-437417145
612923584
-604407735
101858520
-309130248
-174558176
-162331830
19755288
-25661285
-468246480
315664896
-221466096
553504315
135743251
280229232
383466159
53740893
37551600
-168450108
-165846641
90804456
51476935
-200305888
642258
-85266205
12398230
8765214
12443958
-559816245
132571809
214784460
132615480
418875318
-272586406
-19485645
90936384
-709830856
326609280
2874586
-250243702
58837388
806611272
199323732
-354082035
-514212346
591489437
238008721
716738052
56336154
-2322339
-230635680
-169599339
45831507
-313575720
-67148498
490641935
308293568
295628720
-24020096
217625164
-682846438
-40288147
-858841104
238158000
-510159000
-141074640
-458842020
715810777
336932320
48943184
-834373824
542324160
-565151552
-222384656
336669588
-64692486
803800392
333660368
-400029343
147849625
502228342
-52624455
319577894
-509843827
132261088
-17148120
-243044928
-304259136
492106018
-336958740
-533301956
-50676790
-761406582
-35989835
157268020
-279272134
382685358
257581134
-105375519
-51334491
-449350290
500583253
495002664
340089772
-246530688
-557040600
8343552
-139997088
538401022
-545866554
211737617
331052968
-61109994
-14041245
441538872
-296045750
664237812
249825520
-501623375
-78347790
72447894
101173610
520067614
-266739660
439411840
-267772960
-323315825
250809548
58949880
-771565978
-573034902
-742553732
-83812836
-119399670
-248909756
60987680
262777200
-54502758
610344813
-147401320
118770975
286927996
-44363592
6036884
37245456
-447322593
-293871408
84847
-51046704
334408400
-380059125
-91099632
-370640733
926870130
39772856
-358928430
468007050
312518428
-285602712
267735618
-33641244
170136904
-146839280
