1000
-49496370
195525308
334837008
-32067835
-205065960
-50828934
-148329544
-433462104
83181479
-28434336
111267555
137237434
522879291
-343627641
-67191600
-25849632
95042500
-59357082
-190449668
799738680
-928370618
255848364
-520349382
303072399
18470704
-15258762
-480618600
-302126132
-52612560
-24511500
313745120
154634324
-263162152
28364820
-571985138
448239960
-251765375
595067760
-113667840
166477800
-200743738
-194182504
578960144
-191472820
127994730
-323648581
-386499794
69678882
25497573
546687900
144325512
760635960
-27880048
521693977
-473395330
173784160
69254962
402746355
378821047
-20831211
1231860
451343498
574573380
209685344
13743200
-45419296
-237775564
-251789455
-31430196
508337856
-339948324
92480824
5033504
-506207796
689189336
-657976431
53235432
-132726924
266596956
-101514746
319495762
-94574004
136508262
34155569
-79396896
-310750944
-280223720
-123410820
7964800
399822183
241675839
240214653
-714059514
-29589384
-484010802
-371791992
-536015370
-360158832
-99571740
-402695546
-431897568
-2374216
-501165448
-174944205
323368312
155953404
-316262682
13628808
149895204
161040710
-347225436
43950144
-410742196
-441055314
-29324610
485129792
-124729590
-21318408
-70170055
90617906
150175680
148001100
253166202
45130171
-465286590
-899944080
-7148868
-202427652
-43963780
-608773426
8389926
34083440
-648335469
123974816
-382011444
-76593072
35262597
-142580728
236051200
888962565
-63884457
-449140791
104007150
722293740
354490301
-365745310
-382202730
194378188
114793316
82346280
-2572050
-373141920
-153823104
-627827849
-235822880
-170420614
-490791779
-334976688
-216453144
-337774320
868381744
-33429818
-20627100
-338845056
219824400
201142548
-311410416
-126491760
-195747552
-44695296
-272600752
-266009168
44655163
201616336
-4001356
-166449570
457375240
135060536
-724333818
-388066689
-153686610
355977490
368221392
-201899366
-124279288
732864968
-87671091
-691779768
-19146972
43231188
74449791
-555634320
84246424
-700600677
-73373886
449212185
-417749442
-3382706
452727296
-664938315
-395264100
27782794
21242782
415465468
480674090
652491288
221618040
-88896697
-157396150
92957405
1933392
-52331265
555732912
101874796
39508482
39428170
-9255510
388169600
97417361
467665900
122061456
-80519826
218730132
573139813
887482400
244952208
-126336168
-117519623
-303522381
-231641424
-802635787
-92137155
112374080
-91936054
602618904
316052361
-676276185
-37242003
326790981
-298367210
-280900104
15541092
1383466
-167172336
111084715
-35309130
-23503760
37324760
27915390
66742000
-77924742
-42069201
-76179498
-255579979
-172804340
-324438888
-192856128
-183817966
44090958
40453430
104289696
-93399681
835479126
-682393600
-255514016
-488019338
-71725296
-2412500
-82111954
378454272
18462291
173259422
-26327406
77602875
-446280507
90810440
638223138
250617090
245456952
-251490700
-186362500
-450900625
-47857572
387909090
385174500
-893518239
81408344
168417900
263802456
3284124
-594319134
-496459847
19378215
-310310456
-91140570
-2484756
-98146665
-199696406
-25273838
101534400
45841202
-46221516
300688600
-751539510
2987748
-213850728
-279693113
314392495
520730405
720407784
15934136
-117468792
212462187
-300579907
-435908466
-192598428
-6631742
-130192496
-199221456
-2691279
-700223986
-437723820
-869853852
607892360
-59898150
278724996
38086374
-659788920
779961204
9892795
247391808
-90300300
638576304
-315817260
30255390
-60927654
32596662
-197010088
296926980
522030738
258677496
-20683073
-1178996
696661768
-208326504
-177946440
-83325552
121258819
-397612330
384515810
366494007
-78729084
67510842
-110237512
165656210
87981091
-552779331
-79517368
756167040
-670771002
-419951820
-25280352
-175657611
138678999
-379769400
-526093417
277924770
204964448
260445458
-691149150
-221773736
48461816
-60544154
-15420496
-412403340
356465232
-10311948
215943266
-1027825644
-225784790
-190704822
-891886056
-147478760
-148704750
-78922928
-21645190
744087832
-80657706
79657880
-509547675
-698672380
573827508
-221746972
-382506400
-228529606
-143807888
-57816511
-158429736
-616409375
237922875
-5887455
161571570
-657659726
-543490782
527266066
-283925768
212588413
303756405
-275170050
-167764069
-439664600
177539555
291236836
-389564197
-352430109
-62069298
20655264
-93717800
319686872
170460500
318786864
-107661918
-1206500
337387756
18778878
805671360
68835003
159794800
53244524
713708723
-233104958
80956932
199789514
7253637
338196500
-204465716
182204683
-35423075
75180226
567047358
556914300
-55602720
-184169160
-482335722
-98132260
-38404935
-295354980
160419342
-127495177
128439968
136935634
558112368
-175081147
885465125
-3638504
347950304
1941016
-68757500
16295630
-393772544
813464496
291185180
406670870
112411720
-472066875
100550095
255439019
-54203600
614324152
104784620
-244985808
40037949
76214178
-40557450
-575538832
475079666
786767020
2277933
-53285609
13447161
10744496
64907220
2419260
-820679340
-388343870
-438708201
-269009730
523356264
19049030
711628680
-172154696
-42559726
292128932
-35996870
-201723249
-547953440
9589986
879593200
327455621
2288250
454516062
-447818319
-187330635
726869119
242480943
653792698
-103664195
821314710
-77581476
-54082210
-653117058
-438487409
-605313675
-325993569
-69182145
-77799300
-4011235
245881232
123074424
-207670722
457411003
657340292
343515102
736036037
-580840568
28305969
-243555921
628338760
891460
-644998800
359766837
-531741071
178062000
-713292469
223589646
31083714
-373629312
-604067501
55419116
-31815684
-339076155
-284018325
-50499996
-263360783
497072290
-329822918
-73618220
796174386
200386636
357434381
-105184341
-47009545
165032582
-147819672
338829060
-249299076
309533153
-225763440
113025860
193871232
6802218
-701056377
918066477
-401900088
-229809731
-460594104
262830277
222806808
-242107728
-513857344
-169050192
448023300
-874608246
-351773520
154470117
55873300
-669558400
-21952882
-541836810
399660513
-645591968
252485216
-20618437
-461872488
752384832
-9023157
-85735620
-673390152
-261491824
445974158
50148228
40215528
-120391702
-608193860
-906314472
188510880
401698980
-85668829
-770995008
221645504
148130488
398027756
404797283
266768684
-609451530
-197004976
-26853930
119509800
3036712
-911895259
-323057620
375710280
725129832
-126792612
268462975
-236086512
-517430079
593535402
-212613960
368869720
205998646
-745139855
592630596
70850808
-31019571
71968865
-558044630
-507848476
-40734189
40974824
172668257
-693292745
-66023760
-129907512
-253699680
-373987568
34685904
7432802
-133524700
42120240
-90504761
21774168
-72894308
125165625
-867181516
153841072
62041840
43551472
-189564637
-648524751
384274464
233600766
137287808
-146523552
59812528
-308338713
-481157700
-82413696
70178979
110444320
-338002134
13258575
286661859
31352198
-231032932
-3641400
-230387136
-7211904
-34626456
-372055951
-474731073
807544621
-562179120
101718810
108860206
222783370
-920620800
27415558
-411683202
376731600
-164909265
191551584
-388944336
8494200
240892246
84620469
271341486
-95343212
617330322
-97959609
-307581925
91848178
-494093457
343502544
-881996740
-155957890
-417899208
-893340480
145940630
-68500009
231401722
-61018650
404830953
-20535480
-205883580
262292368
125353056
-91383723
-165005696
210104625
-281150160
3463122
40968480
-6393128
355122757
-760168634
-157602949
-91828791
97392716
-50853216
216163980
-604749244
-297192958
-559234380
-413851278
818487657
-268426980
-194718690
-89490720
627738826
668669721
-165461240
49102559
-593069076
-868973479
34279000
-293321217
-196225769
-309580254
-358997888
82656294
181421219
184140453
751258166
-367513349
421752240
-90236010
-242880968
59659470
199391094
-60754789
-449635970
-239660496
142017603
302676840
100128280
-22127138
-276158909
-493416062
83399520
-210927984
-579272981
568786256
39646240
291697050
217134986
-869008210
-167821698
121654130
54926492
178444525
435110550
615510738
-386763513
5425198
601672670
182387840
66621115
-176436012
-691686308
-596672511
864941883
-185143560
378506570
15257475
920794600
495064650
291124962
344442336
273828800
-412593409
90404136
-883889160
-311525544
353199056
367082001
840559838
-385073556
-921011616
297835008
-93611250
427714254
269794718
726450740
369818108
-409546923
-25353900
919155580
-863269100
-191591877
127840680
-657716992
10164284
221430950
493770992
-121659608
101096110
216516664
-64053257
-102617332
-33839658
-76947444
-190633276
-11164870
-185980284
42178190
200756010
366292314
360047188
369595240
-271921330
-385064082
534533991
202496525
-6242843
17237754
-65921418
-37764052
-73857600
489880755
28148868
-54793942
-554597732
-57885073
143851820
-154475700
47348822
26373732
-674490880
-174485835
-752878149
30541792
-801180528
-22022652
-868459068
-132023024
-422277251
-738530280
-861519776
765230889
-765890790
147389499
-158333376
71640800
322592424
-95399416
-131663799
110249780
-4609996
-97167330
-643615133
-171228780
-182914977
339054450
153550564
-325463034
522684864
211712732
-25490380
160488984
636820999
296295040
-649670424
-25435788
-52255840
158086851
615226
-362894916
-35657085
-461317326
-604636649
791927352
5614360
363552675
331567470
89199623
-492264080
-252456750
12656640
191991200
32047324
-25913623
448352256
787662720
60230976
-104712281
-420626907
-27271944
33076533
46277037
141261469
-486783000
253562310
274550678
52181696
-204108615
-507310195
-48712632
-30852808
-427764540
-611701760
-164162475
-543268440
63706834
613769530
-407192226
143939592
-77363356
63077802
-206387995
360576508
-156942496
-330386160
-23397984
-381448250
-259534674
-577716279
595785264
-48828012
-1934712
-48031720
87911440
172664496
10738210
-369324837
920172188
519229633
814973160
-43477176
129593472
30839055
314731453
-565005810
98733579
-885505520
423138870
-112637446
381158940
-596445144
-400762194
78171399
-96833887
346339141
-17251797
-678816242
723365349
113130015
-545607666
80436588
353185772
58235601
-62120981
-98908950
69083939
204392700
-570141592
107541240
-15047265
-553665097
-802779959
182189689
2030952
-171510192
-73864384
228329360
-197770266
-1221750
-151585140
502634074
479191870
278411432
326941120
-26714356
-59714928
-512240267
575980165
667025720
432541644
-121136610
96352402
