1000
-118257370
126167112
-620689728
-65467272
-67123061
303521426
-538843500
11854557
-507015380
80097355
194952576
50960250
167213952
-507320671
158906829
156120390
-135757023
316679326
521542538
402933849
-8222910
41282196
193223776
601200002
580237146
131886524
691545136
6364464
-321032280
-313324878
337443155
12897612
42713139
173527904
11046504
-285390812
14482908
163243080
-122254456
83862229
329626036
-493287564
-473439120
1050307611
989686656
58414720
82226210
-674932170
-165066020
620278822
-510009579
20526484
9510068
172338840
32384559
6826092
841136141
-37913900
-179202800
-65484226
36334526
440919370
120388110
-332890530
60033798
38078579
-52122515
-279676320
66046752
-469109130
-219542837
81092979
92153930
379677012
-2059455
210421212
-937660
-36736451
790466040
14907684
-116709144
-616618492
-77416320
-156883121
-98511546
-192010662
-553208512
-659264375
34576209
-960417210
-141231224
116396544
-419729646
-57878472
56145608
-24440097
-29415870
336489186
127213573
-126288008
9233304
477416928
141627408
235548120
538248048
1009965460
-88773741
618661695
156805096
22926400
598883532
-444558250
187350982
455300312
30316104
-840483098
513227950
60307731
38219550
-715786650
596863706
-45446744
15644960
-262906470
534619851
-208508946
100285888
94140408
7041591
444349008
171763715
-412616954
-56111042
559841798
27515040
9843680
13967673
-165538287
418799732
535435914
-168817765
582804271
168342891
439923484
18861056
180746400
147227744
-316900600
574825407
443450549
-74360588
226757430
334645752
-147701505
-140281883
729607748
-216611248
-937625616
-531512619
631976514
484044416
-1221200
-89631990
-113799054
328262009
-289193982
-5979870
-386943896
72083676
47760129
104554698
-759081510
-463622632
392202097
-50472975
-358038732
79326216
25666850
248807240
-443433690
138255456
116779170
502513351
108394800
-61786713
-40414755
-300029226
858590184
-511696460
-282917376
710269442
-78895946
-87821920
-87510960
-129257880
-376448955
-126168742
18407233
-21361620
600818346
107946581
-335301408
-432149694
-178949072
-319329600
-694918605
54213650
-356001408
-53359832
-801550855
-564077456
-209122668
28300272
-467934700
5100844
482128548
-180022334
632896992
-5606415
-217708205
-720069636
42448356
26110420
-333594760
621366198
-807193717
601529030
-2561295
877674639
-313830471
785812126
-7279986
206275838
-329291270
197650992
-221556333
-145877610
57817292
-173070330
62202844
-770332629
-130153720
-5705952
497336875
-246159020
-399370832
7494711
773605630
548003274
-41642220
-434974295
-754345060
571310445
4607039
-461143770
-941621898
786513312
585614304
-246457806
-339464396
88301826
230252514
96059392
-3344220
158924986
422865534
-323817543
5585372
139912119
644610795
554822268
70726810
-983467
-170050434
47754090
161877896
261843340
125637120
-275210870
-745797488
-226060900
18106296
-426011766
404757220
-305763666
-151394514
342903926
-30281288
-218479552
-11146050
-13856976
-758562770
573727571
-275210768
-298849993
18272737
717452280
-81633939
306101565
35067711
-11361465
14232464
-540895977
-254466576
-578624040
-922590816
186787784
516620342
-272820928
212148450
39418515
36472656
-110611081
-140558160
-63063798
272019536
12160234
229323426
60459591
-551590668
-9323991
-311333865
204675562
-420158333
159126756
-97002840
-349586130
337187804
20781420
-46721610
71826755
-168713104
84964475
284109688
249534792
-338216560
271642098
598977655
63541296
527251260
-207845622
394056102
20121456
-128932600
227977608
-76903194
-74170008
-574172550
-327342384
151644836
-164347488
-136692136
-130684185
71374725
668315169
226218
-172925574
462238000
267687052
-8136999
300831664
-607580160
-608640920
-110340568
752995320
-79330743
140085630
92426250
-268698402
32864400
671430637
-112646268
-4084241
-511553364
548174928
587589940
650283606
82400850
-190767168
-37042500
-93451360
-73486090
-307002629
-135833975
32862696
-12965265
-541949494
653450413
335944800
-228765264
534667770
-30648094
-1170792
235228800
83523200
405894524
-908929890
21397071
333185672
346339560
175812819
-184592
186194412
-88123896
-22578910
56690049
-133828086
414957258
4251132
-346461796
-727308960
17564106
-9812016
-159066740
-2834022
41742492
-441069363
113446872
206083936
-175480832
-81756540
37671480
-1835568
527871698
232822436
20943684
-799062918
-84306815
101796611
287154402
563770065
-87382197
30688548
-191336768
390564190
96468224
-286720307
94497354
898554335
199267488
741366965
-102712472
-807803810
1035443097
-70398647
-436359312
-76129977
-136862852
-39159350
-77807163
-31046141
-408155544
-119443450
46898574
-387148146
-559586709
556257890
371625644
124988500
156511158
69990756
28415948
479269882
-30097060
464011838
-217082592
615316900
14256358
36229732
-45608508
-791415740
12075687
23876996
-524152430
-22952952
461051868
136441344
-547339000
112468848
316117535
278993700
-81441030
642699988
119379258
-49438086
112129880
-683816193
70575701
-448586480
271048180
280776132
-13928634
-427944218
-366920229
-5551296
-46735588
72155895
-19358864
-850304058
-127691343
-858132660
-880074392
286622744
-581376054
461626500
805417004
177234750
151579596
-201172000
227206706
158132052
222070612
528946030
-461304965
1422678
-533331260
-402054938
-569790119
430352523
651202335
364011624
271483212
-296554396
357025158
215872794
132559031
-428367765
-102027835
883591575
-192789584
163709861
13138848
-20386128
-46937100
-331777335
-376934656
-589812440
435734784
-360174004
722314971
360394984
-562433372
-11229861
-22210734
345705745
175410690
-630410702
-227447896
332208534
373060300
59881140
315702936
-84347612
-68282200
223783659
-156358566
-53512230
-643929669
20444942
62991703
113495778
-402861655
148449596
330240281
249157008
-427242720
-185624311
364549436
352894612
19096188
-103573730
182897321
-90181135
-10823397
1515096
-374861084
-60756072
-4331520
86467968
374965474
-280720000
784865778
-616606184
31142
27824949
242805870
-123408384
25595255
-926773788
-63186016
-457249112
-4400400
125300274
122478606
-639995200
-655881760
2427240
723281285
-80110229
12985648
-21425084
335389592
230756735
71569054
-475934382
-25420249
-71582880
500586490
-9283960
938147696
136483797
-271583401
211270827
765595660
454760496
110515736
-46527000
-53497312
387046446
-455092810
-307800870
684970850
183590297
-125287854
25414200
780367192
-272154351
81646274
-207762605
-10477512
-185285193
-501434700
744549265
-738742322
113424408
527828960
-521379341
624976560
34864272
256800895
-53670080
-665967220
25218776
164522673
293550156
92628240
-33558408
985435222
-316512672
383911000
174977430
414320872
-539730378
-22406375
-557257767
-29789856
528076219
-146138481
-71241412
-286556338
-225019700
-56236461
-30531816
-293623230
-122282616
-241419363
432672050
-57407336
380000456
-108017104
-42128196
-27547395
10704816
-142142304
106113280
-201899808
-171909724
-109284296
153197354
49935600
123750494
335400065
-58705092
-38893440
197802930
75408672
-18369546
-561611880
272530711
-166177685
-97965725
335595987
55636686
-56101950
-657781340
473701860
258397321
-401822382
-596531624
-842911245
-451769548
447018180
-100675127
-592878125
34083725
246895550
160909587
386482300
-850689730
-282691470
-204201816
-412118928
150549586
234455455
-54213726
128903394
-103040684
138844914
-95782414
24355768
21570274
-205280240
-325856311
-583069608
52622100
-9128663
191865720
-790743117
650550968
285194406
174685656
-82636800
25313526
252984123
-436380087
-267113028
872330655
-37841175
155709886
-419559652
28719106
490184325
-353510469
-364648380
244451888
152190450
275144435
102841200
77434749
150912656
271195254
-14487456
96492032
-424015264
462285505
316512462
-101735936
33014628
273754704
77884684
236863942
127998960
-74137800
34641125
-46451520
-630775510
-856698663
-124108952
-176832012
-22786856
7965868
122458160
-97095075
-249087188
-96653970
3854864
-483566713
-477309064
-6646986
-41029104
492268336
278144115
-697293632
159787040
32791635
43780968
72733041
6125175
-68545872
283951460
-261943200
678310917
32451976
101699576
540191583
31326192
-579027288
-246545763
-119611569
662794352
-288069411
-330259482
80256410
-128853668
44492430
-618057894
-35323200
-33611850
-4870260
-284328927
-181637050
-113986430
687520094
-111698604
-133051744
102512546
271176906
22926456
-75049940
-388789808
-243737454
323571726
11664680
291627120
98958270
156256431
-270034468
-123174109
-5213724
-31689616
-745304372
-212056768
-117071605
229433292
110363190
-11536254
-544067796
42491352
-357284329
181074016
-481069711
1467185
269914752
56234418
69050838
-53426410
-197897800
-373526230
-181435904
773574912
775139972
212034680
285841966
542728160
-407171448
165800772
-174003340
-118844562
637704509
-166669776
-362834628
27720506
213599829
356661204
-666667420
523798392
-351206481
429964644
-310397265
47202176
-266076984
20350134
17779554
768561072
20198009
4559940
-402740845
-164500688
426039354
-276954014
690817004
-659704752
588206072
758985612
-896679420
-315222765
-386585562
639740250
240804200
-145798050
247218021
327853695
294107079
220953110
-198693967
-336399096
628037568
499562875
870338826
344741880
-533434473
135534000
69781125
371031968
916835652
128100105
-227473831
77594478
-97141953
-744521239
-45453408
476695568
24356683
353551380
-343267668
-87018432
106553976
19855576
-6061314
-218812698
-314578380
-44457405
241794784
-27378690
-407234136
-834258878
286990438
-109837881
-573521872
57515690
-3438590
-300285043
-596392924
83373664
185387013
238424486
-649383007
80367952
217839045
-51189068
-368442290
360355668
282901184
-57231850
-116750645
232704108
-121644180
-125977152
265819077
16919100
1007395750
302280108
-297642784
446667132
-790342280
-24940377
915767780
396930504
-126975618
-169077596
159840960
230874021
56924160
-609813566
443238556
-477072440
-669695358
-307458296
242949097
-1923804
170320325
-8125209
100664207
-154473480
-359802195
18520320
-809304540
9622680
101641505
282551458
-114605960
19372224
3734577
-303301016
-194532870
-121887909
344402748
694976850
325896674
-563773602
529535754
-789298798
1517895
-587549075
115376292
240431232
-302949842
99898623
768945214
-104547275
