1000
5330160
127146558
-433054710
67240576
-259800960
-409443020
-697428460
-580389330
251914167
-495599103
-122417512
-288302804
-42187152
220788740
439971048
677342050
23000208
75366312
-11686194
-286495339
-193326515
-331311092
56087375
30558112
-600696688
-30736368
-618326370
9008020
405704664
597737833
668137526
-14379152
-109769440
280585620
-44928598
2436958
-99729245
317291040
299910523
-178270050
880704944
176037330
-318458342
-667825224
-260876665
-176408943
472428980
203311096
145000067
-186357150
-656619378
-10865232
639878116
485806728
-86978268
-359224776
-241927312
-255267144
26976009
18926277
-346989960
-124390440
-422306710
24964164
109796388
-20119860
270278775
-19055088
674781198
856319136
36059964
-72998094
-690656335
-207405360
-195416199
488705963
-418288808
-603438772
-1703148
-214843569
-222784704
703434024
49690950
196417258
117123873
3065706
62733315
208891890
577956518
-5880722
-479951055
2576558
71242925
703772014
242756124
-602388
128159160
58789575
-195356304
-70361091
-3041178
39930081
-538710920
-230837890
606940208
-462889658
205649892
1691802
-520718685
-630340368
-121874238
-551679820
490656798
148877956
289172754
757736720
330760735
-296133630
-377681384
112283215
6965328
-146228874
459185085
-19680948
-255813810
-195475118
335593284
54905062
-131746405
56185264
315367317
393164340
-128064175
-496888126
12625956
-13939487
-75534300
323532420
845969424
4185285
252163296
-259469028
93043872
74580130
-56444864
38287980
-149983015
-629138412
-398382896
-371859768
-9158218
601634468
-465002928
62163900
-527951002
-769192896
-190224860
-243512854
14396436
-436765122
151869571
-110913680
-175819764
20010874
266791320
344315358
396319530
-494801384
-54360390
-98998258
24553260
-89001000
-147813870
23250240
50328180
93631050
-209431008
-819769320
-91521564
-623510530
-253609872
-84768768
-645021412
19246975
553187017
-146890240
-545421120
668344686
-77299452
-75036417
-788958036
19034844
187780791
79516068
-30791280
430966935
259658520
-836645621
3838817
-34486897
-774092196
28033000
124316500
-187554699
252512452
301388450
-464516316
-373062074
-95144023
-260772910
-126695880
431402577
-3431271
36923103
-847711164
-702638640
201909335
-88647636
70281456
682697892
659430252
779137029
261982462
-71617694
-326097387
240594860
297844050
128365600
-924765360
-571846731
250338284
-7407441
-96286852
-29007414
770982360
217562072
4253480
617892600
-84479904
-691339341
-713831060
-352722006
894297264
-278841433
111959110
-102575522
-178925148
-722476251
430385940
-109466224
322157528
-1044022306
-25453770
-454515460
-28244790
-129408150
-36101012
213821456
1222299
-456249088
-529611940
546170260
-98276475
91711296
45807311
-208365600
-342350640
510642612
377894214
264922832
-237934398
-430328981
6718565
323859680
1239420
158342420
151382040
-359919300
14688816
803873214
-187824521
-541370048
51452115
-252177170
410735502
169350960
473719212
98098980
-300426016
-359944288
293392496
-81942300
486156952
-683560053
-1826838
130753972
310562340
-773293875
-214752832
-132228600
309531708
-122893190
353717199
-607348956
-776891904
-805219624
-51690840
-303022314
339046400
604850004
375561918
-181184592
-3015200
-215296880
126424197
19270440
-457866829
161552520
-72332183
300980475
214145160
-139148394
-405874784
-371070700
9063684
152506980
77228544
-760883886
28863848
714678393
305985288
780577
-93172284
699621518
379723840
-695996616
-80807556
138358830
-278033240
224061228
-37270224
875922255
-566229352
370367256
287460030
-236416598
24568936
-170097816
-879650082
459141496
-119020848
-436584096
-611478576
-186214824
-18140370
-430297979
-51262703
54830356
-67986655
-353638680
-448583663
-637540146
130802472
122579520
12564417
-132554460
-32219796
-596557914
7981051
-177584500
-283800
-28958580
-14472352
157221428
741588050
-146845984
-516551139
295377008
-626723640
726287736
-326313603
-342698364
-142818000
-392223828
-726189798
-251217720
515029846
-536631744
-218402442
309272950
212339793
10718932
80857950
118883868
46714192
-10876270
-301285032
-158110186
104332610
-55155672
424015088
20320260
-8107645
659626002
-101186088
102880430
-145111084
82067220
-890300
-45284250
51290892
-183769500
-258892900
-128451904
-101134872
410981726
2332752
387250548
617938380
639915000
-394867421
519283581
-11932768
64005536
-314538987
-690167544
-99470538
185357304
49199892
94631184
-5791152
-598684842
147486345
-87354310
-204062628
-37098756
-255481996
-42374880
519896910
-490707570
104646597
-260404207
-203447420
-103238700
395973900
157053869
-668982108
28468596
12779330
8803704
-427685805
249633940
34322400
-414676849
57154230
-202014000
68702214
-251669346
-515054313
-275272538
191385945
-61100520
94584243
-15640992
-331794288
-292959290
361047288
45097700
283245876
222775609
617454915
-300429673
-154596465
-301156360
271346856
-221218270
-775679636
547822066
-15002084
-70569034
89649364
324658125
539685910
72089200
324165036
-392878458
324781434
-20260532
740732140
65604897
421682508
774919731
251045148
181786943
-148365248
55979928
-145618014
70627872
277990596
559073029
-164012608
418713464
71964132
-690093160
-162226737
-553275948
-181106816
394625290
129097141
-526798650
561030816
-902405
-296015680
-134787258
32313888
594790170
1028362290
-266820792
360623454
119403045
320735000
-63088016
-177468600
-127444000
-85368355
237994010
-612463005
-642675212
-26480592
-33208770
242398656
-334949013
708884316
108033620
-664525738
-639518305
76830059
-382225872
77916600
-112082274
74143776
149009848
437072240
-137999974
-2316981
-51527850
-8486220
-72140112
-5386240
-7693700
97882705
-547346868
-581633420
-752652200
379948140
-224949382
-147000784
14641020
-34562268
236829465
761289904
180193874
38653032
-319985640
278244406
-163070732
260913654
488999769
835779200
437483430
-8469280
623001856
954704870
-178597008
-922078516
-201509021
-129071000
-990131497
-842249633
-820514427
-237581792
446121781
232451018
179155685
-97296164
-252405790
-4513275
316107792
-176274300
-932464712
-103182993
107849682
487586550
-552535762
402361214
311621571
208196640
498995556
32469984
226732219
292932370
5016008
158095224
-136581848
525515110
-152826234
449978176
-198821700
356573000
-499543686
-530725806
120410619
-136158848
-72523035
306365158
-263868555
-62834751
791685442
-191940000
-16298277
259613669
138444380
-469449430
-635122552
56722284
-639432392
-46142048
619783940
978520900
-633100512
471836960
-124357720
41168400
101337298
-34734968
-180233997
-269222400
-48191376
-16363680
-50004958
5443410
115841080
-32468272
-64755948
-333933160
-450059597
-600905592
870221925
20829148
303723504
217135036
965683416
569116800
-552475928
-614752705
-253622838
-166433440
-450777128
-31551540
-110980512
5328509
-116864594
-115313904
-210674400
248300490
-113656812
4181240
578125696
60551190
162742069
-23127754
-601393536
44353551
302480323
-158985546
-525938985
468376263
-335157188
416990910
-128461986
17195492
226311889
3148700
523096845
426848680
-16682982
13232661
567847864
-371208072
-131700716
-47749770
-635684400
-7049225
-366142608
13137439
596959690
462584401
785095221
-22490955
-40926600
-537301023
-29984985
-272962725
-718203072
6454530
441081160
339144640
577970856
-514359552
-181585050
-119304427
-361732196
-81986240
218208550
135798528
-139229221
408006807
386351238
352222836
-730729502
-272297948
-224352740
-64857744
-238580110
331204368
250117776
-335930625
-464203750
-54799992
180837474
-205667049
-44815094
118174420
-19163208
139670661
-145118666
-98191324
-9973515
197259624
-78606372
12422564
266403769
227831454
-2527441
41748882
549440919
-168293034
-610025260
-20493020
11479720
-259939504
147891744
631473744
170989060
-429899954
-14037920
147026011
-693743500
371973504
755594325
-344058928
9183691
-98528122
166882482
549109200
-220881918
315175398
458123344
127890352
232216578
22280872
626982884
149926230
12416895
-725208140
-204719862
182424258
-708756600
397269536
-516229700
465269596
151083072
56041937
453888920
193981338
766981880
952840572
865765836
190570457
-851675405
-122205704
73555405
-142230176
-189090464
-939176000
359994406
541855575
35253975
-119948346
330187582
-591982908
640841712
562908624
549577560
120191470
654398555
192291856
86308449
133934328
333639645
91962049
129162492
-254687547
-21144596
9593001
583990980
-218337108
856538607
657981924
632353692
626203527
-90084672
-169579760
296249330
319968528
-142119202
-495753484
143111635
-250090215
125595480
-585148014
-576021200
-239215795
-746888799
210636888
-458664230
159149144
176831440
148054759
50517675
430812684
234322671
83332216
502237719
782544302
587163521
-129345155
62164122
163087110
-3075192
190527095
227479023
170260298
292607488
-119785576
693236718
-91551558
-346420368
227939448
290589366
-154173152
111341615
372066112
-981498144
-156054893
25896465
-292345504
7460355
-184569656
-127369908
477470738
-206893960
1405800
916164
-317143539
30326634
858205065
334101845
-39853342
-61533450
593125918
18797250
116804325
689695776
-27576520
381250122
-116895570
-238474368
484577247
22069662
12006880
-301109622
244598476
46692405
31091675
730064874
-811696776
-212520060
-101523345
89837571
-235592836
94317048
52511078
-802305624
407267764
26662335
154218852
455887200
44217927
-59761116
-697497410
14314320
199473823
345402144
194990298
-27472635
72028160
663428796
-222790089
81654984
-121538040
-283488018
-13893138
-455200690
217429184
165096967
-92793915
3915136
232141950
-54754047
40055490
-573045348
-8630076
-68345100
112728000
161546784
672734284
532350104
335063310
5715561
-185051493
-11801088
-186259842
59095026
541804604
10283083
-4999326
-441725775
-26165950
162935160
-104888232
21501640
736790509
-92423996
-3356358
-138161880
-1317360
-1840773
116374450
-172297146
-389528874
438605280
-509537308
177857349
460527980
240460367
-499913775
13228332
377678631
-233133720
-280763553
179130875
23603580
-595671052
-293335260
10667985
34418972
-151548961
-180013134
-257675851
-49607964
492280188
7504464
424342268
-602239770
-497863418
-60912954
-57232292
-34006665
13657392
105480033
-108028334
143847120
-37020240
641393181
-16099524
453449436
2308887
-3948870
-388859463
