1000
-772847046
75137669
97624548
-274418042
23563776
125997630
172943280
57796056
-378681116
-10612030
-137351510
837953808
-187184250
631298712
-101512035
63716976
60627988
229619962
145197867
31153542
83608884
82788770
-98192848
-287016600
277348425
-674300288
-551188131
44869741
146034437
317380950
-606033250
86173520
277255150
-79376472
-699687600
48995100
-47286066
-136226398
37257890
711312576
-407491812
-634828375
139191568
373985040
36515526
-53789822
609493571
-287178120
-468294715
251535000
130618862
-817836000
218891180
-106528156
217404675
15234674
-232356942
-214711740
53621425
125247276
-981864
-210568616
-24615125
384449182
-1230579
738937218
227557165
-642386808
258367714
-27232975
340194930
78324708
-118175672
-85343950
-314984565
61126876
-1894446
304854363
132706800
-315578590
-59014372
76244142
-678286282
56443814
152378992
333521776
325471480
-122042206
323561037
-269742600
689751055
-62781642
106617056
190998612
-34906086
21738303
-847862562
174697534
769111655
70792176
-58227157
299194764
-205313183
99538810
367924410
973953180
-32724070
-2800932
239240475
797705790
821531520
69515565
-350558760
66110661
559545140
-320384400
71454653
16917582
-560409493
-283727809
-138577794
92425344
407430000
158396544
-17451272
-592982748
740866080
202825084
96274510
353294740
-677627993
-302502291
-638924462
-350513248
404885238
-3164845
-40236900
-45480960
817746015
-33457840
-552926958
-241561782
420742446
-123515310
178468900
-452842656
-67559411
408079302
-761517735
42656025
-252860174
507941148
4493264
130938807
18129078
22462515
-114251704
-510972852
-968664440
-15563016
92632188
-13908690
-251012225
-98863523
-54808506
797799662
-278605866
128787890
3375894
-762374992
320153537
701291311
-743866465
-113180727
301981174
145027650
711140637
28579077
58527942
-298723893
243537210
-110017234
-92455121
107814564
-253232920
314540160
88307158
-561406912
-130921644
36227736
-477431358
-689203620
307284096
-959432866
332540110
22095760
-127080056
265837770
88745553
-731723382
-263064475
90386527
-327553875
33425595
-265103539
-175202784
444364040
-493782744
707907134
-425664940
106741492
-55030276
356961792
454318401
-6848808
-22386348
510058584
-220973948
-32425380
-67337222
-169488515
494248495
-12260130
201158010
-26347272
-131571618
-252007840
-39959880
-9369280
1227370
-26791865
84223851
-165768181
-214287164
974447940
-643026013
-111546773
219784508
-713899060
479184752
-102610930
240997741
-338290814
774232074
-26920929
-397246404
118642146
-291450624
-113284575
122748549
-142730747
730192247
-225781863
349770795
214809424
179332080
633560264
95386681
210413328
-645828244
12131392
-490047610
268278860
-588960563
-848756440
-265802350
39646768
-143834601
224498092
410460940
838149620
-52894680
-354373656
241854000
9084146
209253302
-5846577
-95415745
5675565
34170444
26555256
594104630
-194333620
57258295
93467000
35177692
-14360000
-155978240
462294600
-169853325
-113311836
393242184
-591718639
16335865
379126500
321433
79194987
-19270317
-392337810
125186040
-203258892
-318071080
252209802
38268876
65158760
-429701604
-443274370
-323023680
889621920
625035191
-122318020
69898075
-41010861
-290122920
-196701696
306282558
-528947560
-276454410
29112720
-2421548
-31754934
-389561040
-363069810
220178120
-6455440
14530048
44320500
265950060
361688976
288369564
-134454912
-185690408
462308610
676427416
353729440
-49424073
-407027390
260054064
79060412
-323944060
950697920
104834055
317765214
-210885381
4671498
46286610
-17888535
308873139
-303988356
5074809
-786771409
-272100400
-46009980
209014875
-198826345
-227900288
-94282731
275825868
53442972
214689480
58657140
-489415885
162695849
190019762
256158376
-151220628
-342326784
-44190775
-209186712
141766680
21336362
28804851
-257245546
193741881
-68981481
969301728
17384035
617627898
759915350
390361881
-540894672
-136550416
220748346
-113217832
-647148194
-515673036
-982362978
-200865086
-211931091
-410456487
144867030
76997772
75873945
-91014462
-5741071
-105470200
512770729
-28608722
253779429
213224400
-774658181
247307984
-254990828
550224192
-369643256
-152061045
103638433
-195312636
4576520
297122349
135693126
310203329
-62871380
293958636
324100935
585622596
116277876
289521240
-744334514
122499009
-346915272
-844482924
376472112
-305868825
-536401464
-639066198
432250360
106139976
11344437
-51856882
213753597
22648400
-291215255
-924562290
-211865778
182291208
642292478
212573356
817934355
-471125346
87564042
15935900
-10542972
57107016
-480680573
31654149
310261760
-439047621
-384167957
204359254
171924048
160792217
35583600
-15644895
-52946565
-471582168
37235003
342765360
-372380184
-334700675
-430939520
305273150
32381450
-31134240
-20299475
481825530
778437560
-214009134
213141500
267964290
-27170700
-401551460
-39540050
468016880
292788315
229045515
74843100
-776129680
19656624
309900240
155809500
-90570975
302874572
674830905
-48517822
-446003184
13605696
438399588
-615380714
226268340
-579238440
209786247
66206700
-408827402
352084460
-26320942
-48455806
1664712
-373871444
-342517668
224183960
-151498025
-387463374
-970352948
614182635
116142304
-73865205
1237464
-113850399
5467932
39311020
-351151024
-578741548
72840365
-272602500
52711858
84423276
-60872535
-216320182
74336552
-74434227
391512162
-118635000
-6710500
-269954808
-95696232
265377940
53974920
-323357811
-128607786
-226371440
-166419880
-268353024
-75830662
-766262208
-266481076
-24678510
342314490
418277874
475807204
86179340
191467518
155108345
-321867392
408771846
152303112
55695727
82811092
806113188
505821557
189053295
-74364711
6867120
-926365752
-23519355
14986261
513891828
-267868249
-98371054
240549615
-529954620
67001580
4160676
-221669176
521619009
-889065866
-149694908
284145883
-440401280
-185831843
118395936
292111400
202041759
744933523
-118133652
-188604864
-29558254
31364460
-895491
993696527
373050945
-24385320
-9441036
-319284
-537846680
967545205
-234447822
-397831848
114968226
-488259069
-174122460
-39763440
-145036892
-49985042
34741194
-404944575
-268466136
-473292
503677484
-12532825
4843938
-108943374
805287252
-395635464
396828
-285160320
-407629877
-208595208
190798372
-156398616
623827030
235883947
24707120
115448130
-715453872
-22856680
-870723968
413403710
33102191
-30982320
72679452
241310684
23965755
155572820
-481254304
11599280
81243428
-386146334
232468404
643287015
685921878
103586420
-77979715
-175235936
472077760
-243538950
400980216
85723358
273711480
123789182
178574654
-247644100
141966807
463804002
-655938723
168930002
340816752
-751823045
32279120
912884640
393619844
57470391
-283183450
528289776
-58144960
-279400616
-298398030
21293883
81115848
393404880
219957803
-22425522
-607239248
855132810
-44039457
-594201240
50280147
-162101040
-167953176
621962336
-441112128
155168640
3366864
-508338977
-350998430
598668112
556560960
-238289002
117473144
121925394
-186458265
-18179724
-534822590
193665285
-119532633
22322901
583155881
-404700628
49116048
241595250
13586276
387528795
647202126
-207831552
80329392
-261658474
367066700
-621424773
-243209462
574783966
307703512
51911055
-113997912
-220426332
-444355163
150277688
-110427840
-529495380
-152924996
24455568
834833425
-142990734
-186928035
-114879795
-623732546
-6777427
-656648088
92452456
29408268
-197872743
-218236112
952078704
-71441004
137207117
161421312
-392680104
-209699712
-113125166
-150346215
247208778
-235835879
336338000
-28348250
445666307
204970506
-319868892
-12377838
-36518772
-31299228
-21177474
-32897391
-290651360
-61324284
16334600
440269126
-511612283
-135370440
-57751200
430649190
148240125
-477036677
-309126720
-480114152
91424000
-194029500
572574717
-19575968
-283001488
-829437555
99038748
-56655940
-268239328
324630710
-81856340
119457216
-190988056
558789413
17069496
-56308875
-488755617
489232080
-480634804
-693160174
-419176656
-27216255
-175800431
-74471352
-333851759
339759336
362621193
96889230
221125108
-1259296
-230333762
5851989
-32233872
26135606
-64015776
77651001
484195600
10236855
450566
242034128
10104480
356978490
202662790
197043297
350799384
105509124
258237410
-291542024
-21724998
118176006
70899455
-34981173
-7162785
89432925
-392644672
-97310028
-76444631
269201280
433381536
401368268
-67416453
-302875378
156102040
72485138
-19776846
-609236924
-187687092
-246907284
228673748
685148901
-35657124
135462712
-332332408
294721308
176665040
273548730
158747940
66944682
-55391175
139013850
160762574
-193756136
699335584
-129597123
-42318772
920740944
-222206252
861618796
231806700
-340397102
255684012
393274650
-53372670
-162648820
-563665281
39582081
-14189312
-192948196
297628464
-595834656
-103282100
317486200
138786528
320507937
-411895240
40463242
-3311601
-95517799
286182273
2990769
-138948680
-151702293
-416483790
-369206255
-151683978
253096065
503480880
-198752400
-307870262
-690131664
-112062570
-15914584
199762212
-176013530
-506393207
-48639696
381876046
-234649758
407632127
-72117122
248746792
-226167216
89278196
100188368
-651083132
7882426
223830152
610077313
237168994
83626144
-253487640
131574354
-127951040
294738486
-314985132
-8514888
74235850
-282671802
21923694
-373697961
113859200
80007249
64433126
-191991842
813110850
51388047
220807106
611240458
720257825
316595250
-147048430
307699990
-146538016
-42104520
458188830
100150610
-39795536
78600732
-153212262
-362730898
-631580019
-53936256
96898144
-85190436
-23577477
220730720
97143999
-21225680
254391960
-294277132
30764734
717901090
174256848
17964399
-28204000
-81578196
666521328
-374714662
838271585
26370258
-12402000
-577198950
-802606574
-314545204
511706825
471836979
-115808040
-242916570
-8261669
492832704
-199168800
35605647
494395654
103765308
417573908
769663125
-326631165
-678558036
-296554800
-30615262
-648016185
393245177
272512864
113826789
-332323320
156668580
-155107953
-548390310
141493992
2575044
-477641556
-22426884
-788154060
56157585
-335560614
-210458875
-872739036
-45476486
-459259850
-377866200
-108640224
-245903768
-400137360
-180491238
-382546376
451983896
29449488
-505142640
-804360840
122274256
-734433448
32240025
148883100
265415416
-353483925
-585782566
-117744121
