1000
-47018160
-113907942
231327624
207495547
-101677450
-136829268
-218084328
-23441601
-65546067
-141224112
155167651
-477421771
-203233717
422696589
11305800
-1826812
139426650
289757520
-596078271
-55034760
5972638
-541698397
-483625046
152960830
-31291599
146089413
-367649100
-57266016
446925675
-468469488
365100460
-189674463
181685097
92630582
-175150780
-64440238
-136508076
98744072
31128708
-25394226
-168069330
233911629
-149341737
-82260864
-518168736
386481825
-601099200
556262436
266618020
-166747392
-573476612
-256130772
-109845000
-646818193
208230239
712963416
-181623728
-203327280
45139278
-960120252
322815306
292658049
-141343772
111183744
206858176
4668255
14713790
267921075
-72817542
-134257500
826268678
51126008
61850415
-191515555
-295052396
-207102480
-74157111
-98873470
170109465
-144436922
326570140
166349580
40493195
127951980
-829662792
177259644
-856871496
-74608490
-151259784
169024128
-606196154
446490261
741790818
431565450
57049704
-343859832
244612896
-32707040
-430147748
-738434151
598121433
-717141744
134197920
779548536
8541558
-48452300
-358636278
-270654608
135321092
103606680
-497043446
136038357
-135703008
167718114
277698578
-562153713
-370367678
-806946
123519200
535466736
288596088
716417680
-109866048
-1899940
-102492972
702450294
394224883
523681800
414130296
-74691540
235660453
347402289
-194559968
-133990744
-637809696
-108912138
6016800
-338726552
53655824
206932432
-125256076
-81680319
-664213186
239037480
-122969157
-343562440
-478585234
199522210
-155320840
408423855
155595510
-6480880
322073136
-296664854
-29944032
168374700
425915420
-649402292
380338194
-13612716
405371939
-22924539
-48300931
-32531370
382262388
522380016
-23658300
572327764
-16668585
881200650
-267680644
45684573
11591790
-283647528
-47971530
-144968583
-643771727
79772355
-428361232
-536275482
-11529031
399716772
236547480
-456034278
483580065
497675619
327012840
603796190
-157379664
-174567878
14989134
-414887192
-14167725
-157968650
47267553
209465560
180697640
-2263649
467797810
-52415324
-578198500
-51658908
296096
20954219
-288998294
-443148160
-43599696
110602240
-121987515
73591566
-240992531
-11298375
783807393
56605068
-606640775
375352068
-109712104
196400841
-619501878
-30624000
-287180370
114882432
74679528
230779098
926133120
100152766
-135149553
-58001400
12419316
210005100
-8451356
-690200820
-7371148
-150251841
-166207052
-273928640
-51317004
450517907
-111562608
-572316874
963619475
65754792
7430850
59140215
-393275759
84909072
-25631970
134295172
-216292098
206984586
-166399250
-518428869
-559438932
-292436664
142283520
758286688
186744768
160456618
483201600
699605544
427823880
104434350
169038308
-182189325
566691552
121598940
693558608
-117665194
-31720851
-68411802
-87778950
833865213
-214005741
-38542264
15183180
-314734698
-220447564
315478140
-305038034
-55051920
-50330950
-91918875
324502264
199912515
-10340736
235260975
645167050
-253265025
-89978292
213361355
213784126
383520510
168814115
75296910
-218692855
-219494232
164481460
-137769576
-64873182
82639254
-201243696
-333124494
131823810
-237477726
213701958
-222072974
-206609644
-73518501
230925630
-437370990
282322011
-702102816
40127584
627912264
103887208
13717482
707404068
920866635
-378467964
-10359800
34650224
-298230623
223823816
-561012515
-80838250
-816975072
-13000294
-170057728
571406680
31084263
55167572
-709344672
3117954
-201442976
-86656500
160563832
161088434
-296575851
-421781250
52998195
524135843
-70901244
165040120
113111544
73212354
3752300
-266486444
399428419
185478220
-146716576
410160011
77422176
-53456382
127796664
-43898658
43638912
358374240
343590
201532162
14187276
418613472
235579344
-1071412
-78162084
-366861724
34668104
640302504
-99484476
6713616
-20477256
-535311758
-143694375
-67533570
-111996336
-456386922
11291800
10606736
-34358632
187886255
-321334848
227104334
-488290506
-124260609
81770715
226585114
93575780
-160536320
57594624
176368213
585358821
30470112
-145642798
-174239340
-416103855
50058721
371041740
323521682
-61644094
-67259740
243932196
-223466025
-158422362
-423412445
-277515735
-456834504
137239650
1367055
-833379672
161003102
31787064
268206712
-22904272
-77409492
-46370481
105222246
41840892
-910265642
218821797
-488328993
357001523
720106764
175368550
23521959
411494367
170752107
-109689490
-248936380
-297946050
292646592
175197750
301241450
217283136
-202159575
397043772
-98118246
-1890196
75902802
98483484
-745945050
-348802863
-651594450
-15693328
-59113636
-79535401
-722920704
296548296
99352548
207169690
-82977374
-120339715
-28151820
-657888736
13294832
56215488
977275750
33215910
-109405806
731101944
-110538072
330645256
77131304
50168892
83899959
-222190248
462988848
-516871212
747406478
9714519
337600532
-40903802
269529050
-297924
150724125
-970205912
-325386500
-326991390
-291866370
474062160
-57993252
-165478950
661402800
-589477500
-75736320
-335731968
50402580
-243001176
-399916872
-340522350
-432420838
-675860328
-216048442
-506334983
356261466
625369356
-174551040
-405057625
-44607136
-112549305
-272023206
341157985
-37449060
-87731746
18829368
-225273936
-318114378
533598390
102859911
-238162512
-357729789
-19421189
-392931000
107609172
232531790
-427240940
19172016
-78631830
-149196050
-113578558
-483613992
-9348009
-102810420
42373305
33643903
88579524
-54650576
-60856452
-364050012
43773312
-192985722
-79217104
5356200
276026865
-628142673
308488468
185349444
-217260368
-525106212
-284083656
37617552
-657198754
452134944
696995640
-4782755
-447524594
408880990
102766588
502986771
515896892
144347470
281803862
277430789
32415600
-22203628
288793428
45948084
-30164022
427251286
478160480
-46022910
561806784
380327562
-201003280
-48984596
556054938
-701576323
-273979395
-182201364
-31146066
-111587728
-599320420
118275108
-691682600
-282345595
-431981480
-296473425
267339332
-183507606
-323428535
-462975198
24143022
-470883308
-267821848
-146037492
602180190
-23601960
185744475
-388448679
357848442
-121602920
820460826
-34994619
-197313594
-372322288
-296777250
-346015440
650523830
45302418
-233296700
-635869513
-2336931
-278824000
443964456
-12525924
-49696698
361338740
-200426512
-483033088
-504189564
-146532472
-457562505
-15216539
157847442
-344829312
-15638400
55977889
-164143500
-23082600
646597792
506108632
-615199557
3436454
42290634
272775264
-5704470
-25506460
161983731
149451768
83051068
-113900864
509874750
231728614
161388546
-72156130
-249535740
-528318978
739053406
5811739
-614961984
918669696
576751033
-282144655
-10283034
-97081143
13332570
-13981975
-347304414
-231372224
-925667470
180343232
44218728
79362558
-684993820
822915569
19814037
-97476270
485974770
544344906
23401260
654104319
91671648
989494500
-127636960
987524088
-28505862
-60698624
91555299
44314318
453057605
31422531
10287984
-15410638
198911601
24855276
303280416
519784440
206942656
-32504759
171777642
-192620382
-520184877
41530320
-110765929
119519400
5174064
18115720
-100190966
-776660325
603104436
-261913176
596034420
-357460320
44698720
-232962720
310903800
-474019140
219285118
-100546064
164066634
-125866235
189324864
158856390
-331830534
332912314
-635807100
204199588
26143127
30688627
-125812576
245075286
466243250
-183382240
-174291334
-114564432
81822026
274397232
526315680
-893299204
-69726880
211740474
337258460
-338917041
-382426968
677409460
335819890
-189722610
-10084350
-16653637
122789508
-311307338
-782569026
594077664
-118682530
-261918072
-4582968
-77589545
-180570816
40937496
606114208
-2754052
-459662239
-96089266
-403151781
801883410
192683517
648300510
-450313794
179977728
-181970517
238757004
25536644
-7232166
780822895
5532810
230278290
3918640
489566178
-305310920
965016997
295429024
-333012864
-40310568
151375344
-177165520
-687939656
138107676
-144141039
28804764
35864775
492170822
93639348
-671323204
-158902974
16175765
-213249602
-267157440
-123210005
7629600
109355294
35647500
-93197730
-173400220
-41255310
-37487736
447729224
511018816
224532000
-105196980
11599104
-80276309
14043003
6784274
-52724225
-206600354
740649990
-1179168
59099582
-138518680
-65779379
-227022627
322680303
-418491150
-130259304
-770067146
-338936880
395671380
-81871580
-81126780
305353180
-143818187
261053500
430403240
266216800
201277002
-39885466
183009267
621708075
137593980
-18970580
-12894700
-181414852
210589784
-141085437
-483779796
301701456
-1710995
342324653
596221678
82428831
-158786539
105236424
-754960890
-304779576
10422570
-94189095
-229472980
867494176
438034624
299059965
-223671021
-213480394
-34741710
-230726720
60451915
190654898
183370710
38364462
76406180
314634240
-183828619
5904416
158820934
-444854100
-459654250
545555895
-242409006
437065398
12875067
-505227385
-533858082
-14998833
982971300
-254915936
-178587175
-778035775
-190018144
10167060
-28393160
100748054
183073410
-705126588
158088108
-160586200
-323619945
326198314
70338065
-116642824
54103143
57880877
45316818
-132184350
308120608
-27687366
-477245880
23064909
394898212
-83606796
40756995
-628849140
-17093853
-540139181
109035220
327056336
-131824656
-10261188
-13075308
1085952
-129200157
235829281
-11519422
-297706795
32393760
-149577492
-143792064
-715079450
-132275968
184015730
115213844
-11962944
81124848
67856811
369108732
212204318
479221336
491609360
76573380
536786866
179969900
-301840968
321757300
372658704
-418333058
-395043545
-25228452
-9176250
-251138580
-873337353
-126340250
635491290
-86749084
72069950
-791481354
-214573128
-718248456
18060052
14581609
-48897840
-613287373
99610056
380037430
-136707750
-699238505
151575411
-762786424
-231933856
-2573186
85279354
-78025822
-650734516
519610014
-639618
704356044
-176148900
99240687
-743173200
-400289378
104649648
359370
102021120
28172587
424333005
-142583400
644738875
341409362
110319528
585826605
262799579
-424460035
285923108
-85147816
-40744393
-54701804
-200801142
259676292
-684714920
-222386469
-46370526
-131684130
319401600
-40504630
256755425
18705720
65476296
-81134856
-516305328
-367042855
-94946852
139602424
-187483090
-150707970
-78231816
122576896
74610800
-375866248
14927432
-95412500
-474616945
249548877
360234508
249375656
246998362
