1000
145945206
284626080
92230592
3902129
786723096
149048938
-50429930
-3022604
-348044006
-199653020
30391268
25400940
154829088
269994292
-105881090
238940420
239360532
109288058
669626566
-401931640
642422115
-453116928
-156134654
-436677576
700216816
-400108612
34459047
-234911060
43722128
44649072
175503597
212727669
206675792
208876758
-525684987
21608302
-591408994
-353538290
-1272392
-31640856
-493559622
145148136
220012264
239758039
-6231524
261483629
32447492
-184712108
314600150
170378775
849818310
198019890
-846758235
378488457
-249540744
-689979598
-207560490
-462738587
-36261332
-299370233
289077400
-531500065
122083500
-326630480
-533735631
641463766
232907805
-121941294
264316772
-678314112
-396550924
-235262354
219259326
-636018200
-405386190
378771096
287616742
3337804
-78050250
-21437647
323086547
331897652
535174560
848567827
256639773
-83248845
512688465
214728948
513039376
298307544
-434358596
-522338028
-150162960
318196700
250518275
503105673
332530400
290701968
-100281858
-476685972
-241132544
-85750812
261529515
-336681463
7099350
-532011827
-737066976
102280496
1335456
-4271360
549114268
-220086216
580448916
-98063568
154594830
-304274224
-215668575
-478060362
44743851
126595759
140186081
-178893510
1471500
-466128000
-6843386
164702120
344722427
-188765664
44264380
-24146775
-492234400
-106554708
-535466190
-249256232
30873226
135051176
282854319
194232636
-605981064
257231590
204732803
251364673
-72135
-128121501
37066008
4986285
564974424
859232880
-309517281
280093610
-116568660
305719808
-524239023
297157624
742834946
-189794265
-202014230
535104
40263103
-13233472
948590800
-174619589
494290359
-5025304
-560484583
52847408
-297659130
-217592886
-854395300
817344140
132585706
389667956
267207235
2870608
-163751832
85899572
614809268
130899075
-312531579
-289162460
-329137074
-438017011
-453970778
322406868
157005560
-88679160
-556436716
-872292390
71351280
-4401756
-956901925
63696990
436832055
-350554784
-635720870
24927912
-515692752
-769950300
57549490
30911504
-192466692
9662221
125221928
108713572
-342224360
487013931
-106516644
1741824
146609300
306565456
-62096442
-73361152
139644416
41014306
437240650
-310059852
577684049
-38133918
407674575
-12842786
681162345
432975985
51716804
-63031500
57006958
-15140934
-437737500
232323589
133815186
94521600
-341163900
82500040
19982600
350456272
-32301896
107734942
103537128
106850550
-48161850
139900458
9140994
-6815718
571271064
79929278
534241786
845605520
410938454
21615732
-13831818
-802626500
871902290
192497844
123618560
149864146
-500057217
381542854
151408026
-349762084
-336232458
-356696181
-384753216
120261985
551487513
-527249088
-406016510
-432927300
-171188875
897959748
-651429757
-73780812
-79566082
81843330
224220480
-317423011
107148848
658266762
-244579146
122309958
-28206343
-285554215
-46130320
-68513990
-79166945
313290850
518460038
63269537
144919726
128416024
400354947
524465012
-42854695
-508430760
126367560
-428850466
-20402200
-52752480
371499590
265560570
-240850350
-71488592
-32588510
186194820
-56650335
172205511
552876731
-143713962
629692452
-556039536
-67647186
-351942756
-597919968
615012672
-782460
-358979676
-149860440
11923046
-9538690
-44311242
-215763145
-95368065
79372227
-944128528
-75274090
621191312
-600778223
470428640
-581713750
27745800
-141589000
167272522
68288997
-6129918
245042588
176982444
-122432136
580104240
424985034
-24400350
-2331676
-918509520
-50001855
324145350
418744869
-306167470
367258490
594861635
449810472
-734550414
82898235
70332705
-238120292
38674248
-479777714
135097504
-143150038
9594000
-20568906
-141488970
-64851192
210644
427853320
632233197
69401166
119191720
-77907672
35409850
182475464
551722233
14614161
-19303920
-121432194
-571026057
-574178339
187925472
164862279
264321312
-92199250
180869731
-634955986
-600723675
-372048938
-474440120
228642588
-753589389
571962658
-269972554
268953431
-245494920
-30354688
-260559680
-54132417
-109291395
28028128
-558912744
-196973304
127953630
-178454196
-20419107
-108046911
-252399617
-9145680
180951232
43525956
-15851064
-157283706
1592625
546093450
47412057
-132240584
84391920
104387148
161082142
-449007910
-11059840
289633750
-969296027
66181958
-146987126
-675541506
292215000
871482494
-367870800
-234917099
200546522
-18578052
287502083
-143600856
-229301304
55436670
943881993
490178794
-70642754
854282786
-159373716
50265074
429728585
-634145444
384731018
-548934833
569729790
579559926
-193977881
-322371034
491709456
-765769009
-246219308
16202505
101691024
-1304271
105787000
-82760601
-160174369
-48893956
467474854
942552432
-472167360
78551768
150723985
433949079
-54506872
-125930014
-632382282
-105407666
-211818201
775880244
243638434
120516968
43617172
23326110
-706478775
-12575766
655339625
590037139
748237704
-172536416
-6536376
-95313732
86533588
-332953632
-349064989
-410771655
-869649688
198755168
187722236
21252476
-506473792
87992229
-98322917
312951000
-150397452
-157018125
188894672
270630565
-353674008
918248138
-39022465
-135794070
-40621056
60162752
124713441
3643915
399374475
183149408
-191577152
244900640
185212188
-571178036
32365858
78618750
-284207076
-1294110
104119620
-344992910
-836445650
-247675791
-402972120
-195020621
415992958
-28544383
-65758221
661582350
113172554
-980817670
-406931994
693123210
8185824
260300727
867198652
-75597732
-167161800
278647240
432385872
-152041648
168215712
-6880104
-428973937
-67395614
16839032
-191508784
285829672
-78676928
-245920158
4986700
-318083355
658630466
-394636020
94099875
121825718
-42958025
274284528
50317416
-23575566
134979668
407116046
310038300
20554884
54910590
169972000
62876253
129704558
-317458817
105698637
-328950
-624843750
-253322328
637574178
262856420
554060311
-24025956
-244594025
-133756952
-323447488
499772000
-177704891
-242255772
10625382
-549650134
179173592
-133246980
-395749200
-60806871
52461620
-3912000
-16744896
220672494
2901288
381186360
-368590464
-620503750
262688430
67036508
-62304963
47948406
-809116275
230116089
-601887398
-455335936
-167466662
-130870272
131815380
-96264450
-364759667
37677120
174632194
-303565600
-477384288
118096400
-452944504
-188709010
-103913598
-235022372
822157866
-847072536
-279837500
104718215
536135732
66598406
-62152416
403383886
86365379
-40128156
-194256000
2433249
-625392735
-211284624
417720030
-184063312
-51174504
85077447
168337800
163671274
-639701610
357101979
-669200856
160112862
-87461150
-667619550
133104840
-72480524
898665768
652010235
-700157934
151943510
444779582
5504627
-248077823
372773250
-55902024
1015915728
235630458
35147565
-39398481
444277548
292096128
83765679
-644378861
208463808
-32137540
597563775
-19244304
-446691482
-29384068
874689578
79449755
107943040
-758326974
-253249594
186110726
-16030882
-149114316
617880650
-427602978
90358428
437204096
319615420
-501971684
-344943441
66542310
75546359
190943948
565450314
141875225
770998830
87251256
328143661
95841252
-9784170
-25889990
-306023012
147315564
443819574
396720660
1207420
-108753276
314067255
-253441320
33235000
-90155085
-231095476
-247880394
445151447
-100781160
72635936
-259648497
426212490
-405011600
-377015863
227194436
138891620
555135585
115960670
84950138
777251890
40547613
-247587521
-12802944
-4722960
-789842648
-166120747
332655620
5032530
-17503564
-86461433
157945950
-206128944
-140748080
110333287
-16589685
-528240810
14528304
-269782480
-182840680
-64256329
-465733700
234577847
568167420
-175470624
-760322316
287741916
54775200
627409407
-320797680
440708384
-102262230
398843424
-96500112
-97285410
7052490
-57617746
-29292992
322438124
-135876738
-660373035
-287989889
-303433044
8131704
-148570891
158842242
168695025
-18227646
-215854405
-81595444
815348
203565000
164456703
612552069
616593272
683508870
-5440157
-165072702
601654512
-79587920
433188390
271061651
122616832
-214662546
15291738
-445905270
-72549225
-156114216
-423951143
872676239
-400340955
221540850
330263136
-31736312
661525242
-863686250
-50687985
-213916268
213522980
-15955540
132351936
834263038
-8147048
-272113621
-67372445
-191213568
383830833
-26012700
-297810436
224277480
-663986412
-364063674
167963738
-82727364
195917656
442953042
-134859672
-306876100
-445981536
-487873080
410908680
-5461703
-52577940
-594321840
-462921032
-441283304
-191754725
28225866
-277036796
-94429490
-793840469
-711043550
-31672074
-264016341
-53619780
-594727600
-162487226
304337901
471197343
-977141880
280536830
-56043660
-41824849
435741768
334762640
-591494
-220721250
89565366
921601859
772466994
-733948584
135423678
-80215350
-60640120
1718500
190341120
191854845
418479831
-54414005
198649260
352098624
-238672980
177268623
-578902074
-58619128
-541513056
-157361728
36306176
-126374934
82399712
-31115880
401903180
273073645
-248172180
41786388
12303948
-197309452
97914642
165213198
-75112664
4537456
-12811008
289681822
-319088484
114218815
-435687120
281833190
-598087360
-514500462
12729976
15637392
-8876415
-54855090
104502798
-105970054
-10347715
-66092685
160921930
4398680
-160347645
-739789890
-79431006
46651917
78164943
-147099912
-1428432
-237363845
55577760
370450504
180955621
-170344251
-1070080
-511099024
-406767914
452393834
-227143936
-142702644
134974616
-165590487
-21852689
-31249152
-720173023
79696856
164838411
212631952
-758895928
162308380
673454320
59617404
-66713328
-400759590
-46934408
14469210
295737860
175809375
-13803629
533023788
95704708
-20113530
908264
20662200
108070092
183393747
144862424
-373396494
487838872
-379160705
-120978375
-838137196
173682537
-249210873
-30679684
-18368064
206124252
-274268435
-260680620
229942050
213481860
-84504360
152696313
28536
-139263670
-44007066
-144626472
-200437678
-73586130
226637040
302844756
184868480
270814380
221010504
-10190874
491514208
-382852236
421638867
-30294720
-263584895
-207540641
89895150
30962712
-77450039
-272686246
14882560
-171284841
8722636
174359704
142493925
-36418830
158288886
23680784
-176112748
113295897
-609061557
-121176000
44198089
13351324
599707544
-74420256
-218457594
-147505652
306035188
169925039
17991460
-470559626
292778334
-430572960
-403399326
227414610
