1000
-614334346
6948816
104351364
74098284
-645957927
111508012
197670843
97585353
291315240
-406920701
-1028694751
-216808920
15651881
274130154
-130267320
667440145
583712850
-23008956
-701803530
-581012280
-266985940
-2529527
446107584
493863504
-445874268
-19226670
541846492
120493590
-16836390
242876832
12513430
381068200
1615536
-406478863
-48453024
79484302
121277184
503627618
-158965185
67758230
-158327015
-467001225
-384452244
-52835934
-66977595
-13059606
209454414
110770506
227254874
-112545061
-94192272
-307598734
88350228
18483080
313531673
-331920160
15398991
10300827
124816874
159121480
227830991
-48128620
-29982373
-307212962
121375100
618564303
-38328540
-7347978
-907138320
-49821479
333765912
-734200838
-257823543
18858330
516318849
31613247
-148774280
400091894
178676117
-512469111
92357838
276491424
69070943
-177645135
419038681
824647950
38659984
358634571
-71081784
656267535
-501397328
-539385480
7711388
726231744
-454174800
-400530435
-344259234
-685105927
211883555
-222515200
120446352
119123984
406401840
-134741958
90184031
423353262
-720943608
-582561176
-471028962
-32343380
389081250
-30531336
153849800
-154699516
-28928900
103593637
602670728
21304230
-105564180
-313118850
-219533769
-182407191
118186812
-676683313
158741928
383092383
-37694376
-66661852
-114287922
-31267800
-81637263
-517486926
-446759082
-9801480
-217685170
348831198
13655940
34645896
56228970
129926864
-55541827
-583773168
119952954
-12758790
-425888901
11107400
-53192456
312675344
-169251630
-277100197
83817653
202781952
323532500
-57515907
215947217
-612023616
672383700
678570180
-782808482
-462034380
-362038352
-301337994
274844228
873391104
-131412156
-296593752
-81205107
641726310
156296400
838495896
-163422720
46213200
-54101716
-69531336
527726857
-22314096
441264576
-658046192
-119334033
-46377840
-214015102
123240128
-143590926
146641880
-27886680
54493226
387739710
-71399298
-156032724
169749090
249182482
8439066
94834194
-93173664
-19866780
-195266074
376420612
-185570064
-510235308
64588125
10106859
-245708064
-108758112
-216299985
50927810
98276421
-138402954
182055528
-1902160
-533732012
384554720
710564968
-156617532
662769872
160827552
-130694028
946490202
4092440
374283546
-432819441
49185316
-213531788
54541692
108125050
-438539475
-89006230
-391515575
-408150081
-367725748
454922496
23708178
50010972
500641827
258215968
184370144
57301244
-39907054
-473319518
-162189264
-156120720
-17045600
43187560
-9125222
724570609
267415316
198010588
-407543532
-150126774
-169550864
345220110
453359760
-1241145
-370197160
42049700
-355832092
-19932276
434229792
-258460368
-241006737
24836687
-457230728
-514890880
21357602
-317550464
15324452
610933500
-661506444
-833813032
-42761172
21198072
69013301
13586355
896828842
-119169813
-422413875
-181084687
722559218
7176414
-250102656
1022455740
156785136
61931241
572820643
-900927228
-228098191
122165358
242779680
609016395
-482433830
-51195096
-341284264
-100745150
55331340
-628033125
-17594304
60994898
-109791972
521101374
590648812
159413896
20831004
367487166
-565737721
-643303570
-6242400
621678963
211978182
436024505
558810240
-397944360
-233797474
329655641
20184569
196595070
-73264353
-92279362
-277795658
277146540
-29532882
57253560
1304100
673268104
-21081656
629042700
-62970895
-493128585
188600760
-1269600
-154394160
-362001870
-58787208
-232917280
524336766
-423715104
178958648
51653360
-271753042
-255758676
95723790
-399281607
380007229
36784305
-700126599
-113207288
-667489320
1820467
20324556
-605685119
-666356597
-255246238
68078025
228526848
-405335385
-310473072
-562895520
-302054236
-366782778
-3529442
-508424457
371740890
-75736320
47193405
-132477092
-192881975
-772216074
-506565234
-24077874
-50318890
609714858
-19973916
432280215
524957244
-79068297
69638184
-760560658
-49753440
-187867800
-231217257
-97251975
-22070811
-171003472
881980
-6537024
-117247746
342153819
544412856
288148784
162176704
-63101088
537402282
691852060
14545716
93255822
141340875
554668281
238871528
-360354170
-392869010
-743773
-35457004
-774426696
-15355251
153660272
-199474665
69349416
308893540
-324198225
247364016
-60852188
745526792
615854912
-76349776
25496928
-187107549
-614951300
-566072605
-74569600
5141259
-673455304
-94705044
-47993324
-15318667
-312510770
-625387080
-382541482
-625045876
77743071
-98383178
90240812
594138987
-305272125
-255148806
-213866510
-170882730
66317580
817489050
-154139920
531547534
26773461
27736701
54279115
55144896
4991266
37806256
-4844098
-494307876
-87129728
43148160
212251368
-22426220
-2760624
202819200
-690246928
-65583928
-598163070
345331360
35883579
323409624
-454398686
-54659462
23245950
-103579776
-321490887
-733921650
49454205
-265623572
-55176328
-54728960
-332382294
-225795136
93533373
44658405
486285527
368021330
-38236176
380569300
-100250596
792961456
-466663008
-83814438
-191340450
-248621452
-234106276
-20254440
378996782
-301349152
-4263245
-76135033
-161723500
-271400402
269745294
378157520
-261385312
-55138090
-345975178
685042300
-292794008
764028342
-265984210
328300700
-133983178
-923595912
-725993391
67081786
8113375
697923534
-91770336
-75000090
716085520
15705088
-284459556
709329540
-123246981
182562565
-188954832
531501296
-4725728
18837584
-58748144
-244977488
304695773
480064725
174571848
-126495008
-587282374
311797297
-70986607
82291552
-31380006
43973576
-172075351
17625222
-99776440
-315654890
2197244
-84912496
-375884606
73067160
539194008
-65058134
-183551808
442718360
-447775631
-691407880
-38908480
726867360
-24204855
-644773174
-67300416
-652101120
-318434976
706049128
-183968066
20522414
-127790520
-68879085
-82926214
213706064
-351984493
-448370055
28757820
79013556
-387954754
-114699430
-238711575
-424948308
-282306816
68735691
-189950670
-19740942
-48847212
44796427
-242516712
-435156480
106414331
441279972
36313050
152135454
-198872896
-264969250
253007505
-202196730
-2258256
496593538
153798000
395428670
-408670639
-66451968
95013661
-128602298
163204490
-93896000
239128083
-155878080
-230111613
112206462
458383566
6804926
-46661560
184457975
-192191250
-461932372
-100163459
-473684256
35705319
-57995650
-163241716
-9853530
241071840
227061010
-420123976
445658820
460364072
-110685216
730901842
-685433880
125014341
35160543
170622900
706941506
-244918017
26547488
-95762456
308124234
26205652
179945626
219377886
192150000
-678262200
-767207441
-290317500
663251554
158400272
-565635070
56948750
-336688572
-164225808
3285744
182074632
952800
-143174925
-302484315
173219475
25823720
-375670260
-144918752
282622600
-1020333048
400359376
27508328
-343260056
417328665
66772362
-338226967
646413094
78142421
-357273628
543780950
133322314
-6725278
-48295237
203183680
369311950
90942912
38873220
36238280
651359961
41498688
48222720
-491623922
-389433562
-606004875
613918260
280690476
-242455670
-55724422
-332517840
159210308
-154788698
-22771768
-89375200
-24013911
-330613895
90736288
-737932175
300341888
-695113449
205099086
392390906
231591485
-9762707
-476487776
-76579850
670461274
57026771
-521547012
-29653780
-72949862
-204412896
-4897596
890595270
75838072
243111648
-205224676
105637848
-193382673
-234063640
-706371
94057852
-164794540
618161145
-3218332
-153584442
-120152400
59301768
545196960
-114038145
-450930468
66437028
324831744
-281641375
-163546368
103188735
244899952
-288702248
-724870359
-779221740
-109847584
90398706
-14486625
6525320
213960225
-24302802
326458800
-146471824
256733292
40628773
17506251
138007448
-128021752
599541150
-20346780
104818680
728201734
560464162
-47564214
659435438
10427760
-121589014
-222258153
487344282
-42595200
218302200
-22294855
-104563584
2594208
-26293728
88536000
-436973854
-282127738
236296260
181810292
-320153228
-519791328
82084104
52500800
-138694062
896760
-178295943
-318420122
200651097
778873824
-3570704
-106681410
-434300784
-684829158
-273653900
103544100
-213596208
529738392
180748908
234390263
954564
841134510
-297035108
-74315254
25758612
26930316
166465799
-131904783
360647428
-297379980
468060
-966330
396601711
714702500
45908688
-261807492
-17743885
-118180380
-149832135
272007380
32324238
102175584
-183263836
145915902
-56878484
128136261
-13923792
-76582341
266828571
195249890
252174464
-282122025
33593473
-430841565
-248136950
242578888
223882945
605078940
-104569913
-249218478
292480492
95344704
-73496406
68830608
189392414
-447505320
-162416324
493608537
-896762760
-31309563
100202076
124890273
185702660
77751900
-105460472
-840059043
-174684565
-185498880
-351312052
-122684080
-65493397
108851058
-355722750
355150383
305985750
35772573
259820500
-53335620
-159398435
228324900
528982000
-12150407
-105418187
-35645344
-111421190
259127880
209233783
443453731
173654352
447009492
-46466270
54046872
-547138375
63429160
121422660
11011440
246010096
197694938
-432584551
-361094850
626942800
-411655604
186555474
236314412
-24637600
125059092
89924172
149256359
611274250
-161776697
453992197
427443062
65576970
97537949
139341202
40273527
202031060
-128647983
181241760
-234848838
130377060
122214070
5091980
184338
-214408524
262441356
-97905600
556444380
-110020545
103054070
-386864875
-565456329
33269619
83827548
439017474
417572589
67040064
22845640
-310234815
70241308
225419355
-505414832
90611469
57209000
21166258
-666498032
244192320
121267392
-4830455
314591640
407175890
-541616768
195600840
155944080
348337314
-726933832
12192120
-562778681
13787865
9557435
24530968
39104780
-119791659
-200952172
-340661470
437091414
-542961144
-444585318
173388228
-108837159
453441533
268796732
4970364
244297530
220298232
559829088
163021684
-9048204
-464943616
-332021104
-184897056
133624318
-780648000
629917930
234596648
-802380
-29968082
131998216
527822160
-26478180
-304298768
167732523
-125832980
-173047952
158867613
155468544
5253920
807657480
5183400
-257484850
-619293325
190485630
905953200
-63948108
-3093376
128579136
222552225
195134888
-108373120
-911707110
-63175365
31006725
36681672
-177030117
-2441310
-263064472
639595528
-435289
645918139
-46044068
386210944
1403780
-97256362
132213796
-361665003
155733480
-168448286
255017532
