1000
-133879240
-303146010
-5685834
-34070268
-45018192
83482065
314920019
-196102752
-157921375
-641536350
672689160
141603347
920940896
-80506458
-20511920
75341805
105604935
243299765
-232303538
105384267
-162928320
59457486
-87477897
326169486
236557185
215651345
-516267414
-580181888
-107680825
94508960
24562023
-404246700
42892785
808175644
312213741
-543919758
485566
-126805092
15437850
74120972
194851592
222923561
754123019
200436288
147322048
138349709
23074650
-413674044
33275355
966176220
-100525455
-246958992
-299431240
-253233792
-144634716
-114694468
256568158
298765044
-485885040
-92647800
216112635
-421245300
60137624
-113432956
176340004
94488015
-184782172
62125285
54612328
131142259
3432331
66380238
439447932
-211613498
175411540
-771763223
599473200
770393134
-616976128
338594820
-9654294
228888000
-251477850
-161876130
-710292440
11330289
9841086
823821375
-91755032
-485544321
-26223142
5849100
-297860970
161730016
-312655745
373125792
158436130
-311651025
459067929
235516567
-199223728
567439680
-331690150
-13729056
-3858952
-3128980
112542696
86135532
-161512963
19876474
273134435
-149297791
-127710452
-314458980
-129081477
193847618
-90819008
714701420
268560094
-220841614
938380433
56016000
-479738754
-331528900
-169591020
-681674296
-549392763
214445952
-674342908
-359543040
-288221356
141008000
-68719800
-449970126
-28397276
-57857382
720785960
131342460
61938045
131527220
190729188
-819332480
306636
109525031
-610161902
-161613072
-42518421
350207697
3588368
601665257
-35268722
588240120
359795072
6063684
-455837151
-355068216
-957559911
-147897148
421550976
-221860938
-289934628
-317390865
525453656
-84491063
19766984
157169180
527528880
72160836
-541734801
-412828578
-711631775
-290175885
-63722197
236812380
-362252070
-21761064
700976126
-168761088
222708480
-168112728
-106617120
-132542652
781241487
538216896
523844626
-47110648
92478901
296300592
-313680300
358700354
236413450
-279735738
-948516363
-57417024
176724
-54211218
-370879120
262400957
-483428704
-353529774
-39913568
-473570672
-455119185
-572545930
-445517424
76003434
-17351376
-450835059
88637604
429311169
739818138
31863652
723926624
11874051
-347309931
726894265
-249220544
872114595
-141657615
93788760
18480526
108024168
-129848175
29044845
40858985
87838938
492097572
-2983890
-391541810
250828032
236665172
160492132
-19020320
128571632
196312396
316964688
192079857
557058283
-325249760
-48840252
-81058320
-172560368
270418824
-273676302
517759840
-13735920
51595170
555137802
-329922328
141511968
-720664035
-491523882
-813600
38570080
363300786
-29079540
39379770
103869864
-150145035
-18568721
45677280
-918246908
334691650
70658900
-829431900
-110711490
-321323072
518853159
209962980
21973510
-62435979
-525967968
205885974
-32185394
525563400
51853032
448575414
-172402101
46532856
-49731570
774744399
94819116
707529460
-807979408
40493376
-154399744
174527758
104544262
-87562734
416029460
-232709600
-7934121
715578016
-708427542
-52619210
87536700
97155968
91057367
518997090
629835105
-166083036
-725307660
306058095
199503425
579043952
-37995264
131678085
-478188423
253893318
-48535368
-147775320
-34999558
-364420305
-17784660
311358623
-424008640
12934485
-806399113
-22510376
-463159035
37726425
-207524480
-489388350
-754972400
-313848900
16225016
-5244976
275749800
810541368
92417085
-54443829
-999485748
288493548
-78158184
186409080
467944870
77568260
236097635
-178629932
71643676
8003072
37664256
-216278634
108891984
-566522
82031368
251081124
-635606972
4549404
192601557
-437350884
290222884
132264180
67673820
-33048378
-259332612
429255
-103214867
-88030208
-581157720
548895202
-143024472
-231050169
-449129817
-571291374
-176779220
-117268437
-11969730
394595424
808830957
-451311648
-74406122
-271790230
-576679670
-60394359
312135120
220986405
370793052
286439922
116839530
442917360
-89016252
-178860919
-18078270
131487120
72242016
-214727094
-70060752
-4181814
64607488
-315626080
147624630
-58432952
293443968
92398419
-469914578
26750792
-92474536
138040348
-486372744
-11343386
102067392
69146889
573610090
101750928
-19508749
336388360
-123600390
-12692140
-321882735
815073165
370240308
27786312
-169209140
-274810305
623312514
371910531
919473034
17901451
-319639560
348030981
353280950
619460820
151944375
-630890029
235174590
-537334968
-7488228
43087408
-720302448
-538886657
788125140
282251200
-84873258
-124224450
-158228301
456903744
-1238700
157733574
-515123836
-259655016
66789648
-5314300
3510240
-134759386
97133112
-3873926
-289103423
416522784
-830099049
32291514
-80820000
81272760
52772408
60341275
80346318
-1019483660
-562182027
-502470485
-242833834
24718295
-19282606
1359024
-146156511
-356452551
59537464
138712770
349783540
85151160
-146489202
-350052214
68123364
15457792
-56549570
385934176
168082719
189180530
-10509774
-280181548
-151505094
641814600
-160391016
-110558816
28140013
1625990
-109058565
-38211432
57994776
487276964
72186158
-734886432
-80818696
378237268
127450584
127925100
512617507
-657068648
5203530
-710569524
11221120
422033658
28439331
-499122324
-114455680
-17311126
94141680
-417718067
412633339
3759552
352768896
214573500
-26162730
126609105
-516316350
-1055729040
654122196
746999
220555808
9173748
-285650772
483595328
-382723242
-286028890
-10172619
-290188050
90080730
15494720
239625693
347131556
6626500
-395568081
-10967808
403798237
196903746
49900694
163657917
-34480128
33261450
-292233060
-674413050
474353889
-61291500
-124365549
-733037032
135295155
-172347275
-722641309
41209100
139235278
179190910
-24935352
-154215396
74768932
-244749000
299628288
832158064
257038064
-798718152
13827940
5886400
-179042368
-139987302
775449350
-91833213
-80940000
-734698384
6737230
741853840
531561360
5570600
-479859288
-840561360
651382368
212912130
81022620
222062628
254307728
-38974276
123205291
-489516000
-46153857
538487040
34679456
134220800
-100357150
69562368
-145425960
154108500
-46324902
-56081058
801003960
376829772
-273929670
-267025485
-35972316
1648410
993540588
140083
-461249351
94948868
31176860
808029039
2710038
-86438205
90714930
470944282
-651500280
589364280
40447137
410350556
135673174
260622960
-155768130
467101200
751660470
285535340
-151443584
-583980981
279687876
147825387
257857680
-821639441
626462230
125851672
222935789
-889078080
9465270
95817284
375715404
63889700
-35322438
365806674
724665724
42045679
428302854
302710268
-33112362
-274721018
85490892
-477770436
730993312
-15240652
-116534054
550096648
123024
-280397847
-524054966
-980327216
309377672
-5939148
-362614278
-40487252
11595936
300479309
120605274
170589419
-29820028
-18376680
-322803525
-272654018
-568673800
-13505592
319464765
412482000
839788342
-525878682
65776608
235207013
259279947
167136696
15783642
-54029640
424387100
55160800
-605711484
-80935401
29334690
443544164
-339687320
-44236940
-40023225
-468703770
-114871584
-73326036
38864010
-786854598
-25686810
216509634
191773292
-368797200
-143734503
-290528468
-63993128
-74824812
490475790
-303856112
428846500
-65404688
356477949
218648916
-14395530
-112368575
-82378275
-415546224
57057486
-287099907
-32531824
403127992
566232275
139199850
-366773249
276418515
-773173495
97524818
27176916
-352867104
-245312790
-60841572
294670656
-4194459
61253115
10576616
257658774
-21263464
19536582
-627938913
638589105
159552712
973873940
-244936278
287740416
-162300006
-751768178
-497204950
-156283904
-275788800
267286440
-241611711
377289003
426790872
-75496240
131158300
-329307048
235617258
-42142254
-137048900
733659300
228008186
19504920
482041287
-81001481
746957393
415979616
-599961816
-53658960
-217806490
313268414
-14499600
-56047584
-504911244
-713805519
123302816
-77586603
2588124
-3627585
-82244160
-301169484
391360320
-395341734
54525800
659602720
-5288910
-87105006
-416623422
670153750
120769542
-110743542
-260894790
187745810
-269750250
-275226448
243061204
247631692
-508907916
88298376
630934752
176577885
-183264598
-17619382
231800215
-89861652
-85811049
-626704645
-43368274
-250190850
303728088
-219215268
669215820
245637104
-392538228
28732336
-36213264
-258326602
319029320
530479134
38741754
94051885
225751797
-169743300
304669824
-148966398
-130795296
395549
22445800
-583500624
-101903340
-548007880
-35255598
-62808588
-278286280
738275928
-98961115
8731957
579575770
-199724904
-418855864
72194291
-271589088
-45289390
-215654204
286808925
798492909
-15217632
-361537297
-118231360
-295104082
401434740
17354904
-276053736
521621317
-36979862
-156419550
578306352
44963513
782456240
7359260
-426231400
268034390
200947208
-218609820
-196305540
-388026496
193399995
-130153029
-118705180
95421273
55503919
-502235261
-907222602
70842948
673068460
-55210936
-29590870
725854976
-275373035
-760592760
-16148359
190701640
115820122
-583139007
164907600
512992207
233774852
-3973319
133208760
-296892064
433612872
-57579120
-260596476
132779790
-239141736
119605304
117141906
-2459538
216650720
-15578478
108769248
-248406627
133637886
767658200
24977934
-434269017
503244336
-896630120
367024128
6187884
-289234176
686226420
-147414996
-335565990
245399072
100843614
-62591697
418986456
114110659
-598727680
354798657
179985530
578278140
581461590
-106273296
-426622952
334605432
-274547196
179460500
-78662128
245560029
410850038
-433441932
-462712142
36713835
878249856
-24964500
717522257
-247883240
-8252931
-344764975
-756768379
-112728785
-575501952
-363658426
-345107235
19295850
-614884710
765475587
180694572
-90832722
660751186
-157931984
-100115414
-300960672
546739668
-619818684
-177487182
-516449125
-242811020
135486000
-194194299
-10353000
-99023878
50545698
1470136
-33879825
364130014
-219051520
-168538432
-126879582
59238894
24492160
118945170
132206700
-189377280
297634897
242951205
-374942480
167302443
592249208
251482784
4041570
-149832468
85027344
581589491
216568617
113012865
-6551766
-77724535
-375027375
-617812356
424803960
312286464
-72948330
131335631
738804432
-132568527
-280468296
5234043
303343409
100454112
-51614334
142224480
-631683559
-448420260
371056285
305488326
-370145931
-426311120
335905778
549023805
12478788
-9041036
