1000
-266545040
179839296
727557195
290131399
73235302
74695041
-78895860
-411146180
-412308176
-545363100
20854223
-18987565
68796156
-270035687
37967953
79801358
188607204
13213865
244678245
322210035
-331352712
50951073
196290560
374327148
253660081
39837138
-224720210
-156216852
399748671
363970730
588233100
-380631233
191123907
-10421154
183248100
-70489080
180249940
308916922
51010000
-384998586
-154198992
-51256242
72236385
187888420
-358228091
-234043317
13046952
-50751805
152393028
-236705040
209788653
-625789700
186999723
-21210462
332216532
266113455
-101584548
-349904
-405010536
247115862
783878478
-10137244
55906728
-213192027
305464918
-494067396
514009888
-111204038
150276339
10463138
-14345890
490600285
218529480
-320433918
-178636515
63877688
67050537
-634643499
83411240
661459887
643392869
-72279505
155311296
269167920
209544709
19130625
345337995
-297650535
229281448
-439647810
44740836
45554916
46191178
-98726373
33836948
406323808
-32548900
-468362613
647908864
30548576
561665952
112588476
660897065
-20337984
74688866
307564774
261901686
-95152248
97507872
30017917
-87633224
-549381261
-340136556
-65539254
76144286
157293466
-469302368
389441244
319618754
-438232934
-474363524
-546046912
118258360
939122500
-145183104
143956488
-448400934
84534032
-836003904
208976929
110253636
-730793326
-131782736
-24350160
565375059
-52462176
475007190
686894118
28400744
829729247
-195150840
170394894
57300222
248925696
-25487208
-391717424
203040299
-468916770
-423058496
7990761
-552055150
107834675
-49870384
-600817040
-111381552
-448931710
429442956
-774860505
24707712
-16661494
-586408
-511637460
-113242630
-95146973
531641275
534453888
445895380
-254668408
-309077478
552771006
-377088
23465617
613594475
-177327085
-593178075
-99342135
559053264
452366816
-11826704
-144375895
315190116
14726343
-115469211
750705711
-530353035
-564119919
41719195
-727573260
-261817920
159732384
-415595816
-163238868
409647300
-495074532
-390001988
111115236
675944256
-394002493
-13471256
-221684625
-137200973
-340650042
-65274144
-976348065
-109148688
125053148
431076204
11277552
-18687864
-417847440
490648410
25003952
122084460
-13950918
496594644
24819900
343814361
316235360
212931480
-90463065
275016856
-235281963
414061692
-640046088
-222273144
-483543060
543284128
569964868
271037914
-100839992
-387688224
721915500
5266197
246424350
400518833
313331793
-49852614
-377035455
-134930857
854891268
-135053383
104236700
461891075
282113280
-555237480
599223625
-215224384
795973106
26552586
213946327
-353629834
-206794475
94845824
827606208
-405910530
-527424429
72989120
17390160
-895631152
-242190403
110372995
423985872
197841809
249868233
-169454562
34580124
-687796287
-120174908
36811362
-56799819
11146278
-340217257
-188846196
-16512960
-401802255
128115811
-770096250
18556488
-69096483
-735009984
-199322856
320236448
-452236232
-392806475
318072446
148414092
-363860622
739415782
-1024471119
135345168
30278509
-190946785
50005827
-298507230
121732710
300129504
-278597
-162984205
42346750
259864265
-508269827
-199384969
680836650
-515442591
11694848
218439990
-767581596
-443094897
356646794
643825944
383060357
195257832
171085185
-101247860
92475411
-265810434
-5439958
-297251856
-372650421
-580946886
119388510
55927788
-736732910
-215692110
-213331400
72451280
-56741822
225393657
-87976254
413294990
-55671960
-423643454
-115230135
246406125
747190564
261173233
17487600
-267741064
-485053610
-74975745
142167209
-104742720
40240278
-141359876
202813090
584532480
-155306080
-84845926
-38389587
25370752
-572452032
76893168
13264336
-70806304
-303808
-116267697
404422848
618977304
-453650070
-731449425
353075008
-185922675
-306490838
223971050
710658066
-505968384
184189683
394843848
-32392302
-36103584
-175929070
-318447572
24762375
1007655784
567311236
356701566
766458172
1012362923
753583920
-655180572
78097054
-193375544
-34313808
-590417856
-168895264
201380725
596016408
-346667276
-405693738
513495736
290208800
57003327
464512104
-325997790
-159371040
-245005200
-342392400
-130288
280612032
-402709534
174949480
-36844191
-177919788
-591541995
-483605365
-361153960
151550784
252080400
-605164087
68962605
-471002096
-359056126
204287424
-336474661
-88637682
-53583840
-250670742
26365920
-856927956
-422152500
-63294450
-97747492
-613539684
-696283488
-500972405
103902288
-117128015
244987110
-240681798
-34163004
-464526192
-213226594
7714113
-72703566
672342063
-404755380
218844396
-300303318
10827432
36759116
-785965032
-33066852
-44388500
-233899008
-305759161
-236654242
90902840
-110335140
-313271016
18684900
-3763812
-93056075
-7548576
224961826
-12078570
-562409341
886945080
-232237348
-415441062
32805750
-434374668
-14884695
-68693758
151183043
-379021083
68566476
-3803676
-35184504
-153598280
-285492649
197752840
688090585
208639274
-402672306
50085102
23745688
-34641640
832317120
-32560116
-2094492
-76399224
-490976112
-177545807
-310200860
-548430158
39325080
886258861
240375645
8963587
-35393890
50955915
-621099260
-204667210
92603826
291905388
-500184795
-30088572
123483906
244803411
-379946264
4985676
48732727
-878789940
-288311067
-89413761
-168073983
-757790495
71011170
314210816
-420393354
-493010399
433286361
98563773
-669128460
-585297356
-12208735
683863155
45747754
351386736
-456975696
-694766050
4335760
544278408
247961406
-76713875
751887756
-22355496
137142573
-9078329
-24897150
220745190
-78888600
67557440
-26360640
127920210
-650649300
-280712375
55759308
-336272648
-433808925
106611348
-156575988
-134442342
87041932
-421989771
-836258010
87432345
-232331616
-360302396
308768525
60550195
630527589
99782179
156736595
-6020036
600112800
434616435
-16406424
164612217
90378834
-217564074
-412529974
191449125
-110872850
253512818
-61984080
-545523930
236534665
51924032
-602755794
-62045750
-15490005
-204149208
-424576369
417352707
-230801480
385926042
-702818498
-395043510
-108187600
18739200
-198666718
449171646
87231189
342181280
570470979
-54581058
-228607344
-578774700
20597030
282007420
889943652
-149970002
144210258
-241731243
190283892
215712237
-78085800
8269905
59917614
-109587345
-135287020
-525916720
9043512
63630336
-699454581
-228042500
-91365862
77317466
-194119920
18584644
13755726
64600860
196752930
610549131
329536740
-1677428
60283300
-143743950
-98607454
125628690
77411776
-490565061
31275900
-441824396
-437335371
-282394242
356547120
-389715225
158516736
-139011714
-544120
638391424
-283288690
-645751080
261929402
559931840
13470636
-335241186
31329792
480291455
238191418
-355834242
445371102
279477838
277836589
-378780143
-3676120
392498920
-655423566
196907040
-204333570
26762875
-99716924
-363395916
25825228
169703380
18875214
-290083536
-27809472
391159692
-217213648
-287045925
-809423754
34899978
115981860
-21264342
-134067528
3634014
-7462945
-135198754
402198036
-283509000
-308344538
-257833390
-828586735
375161685
39253984
-228347054
660001468
212440986
354906564
39381612
76109664
63097074
-83635151
-12243132
-2282400
-264525690
267238980
-554309528
-608409837
-2484996
122430832
-962196976
131586072
822740050
-576465092
-67635482
3429978
755886782
-72230400
-476910952
-17297840
-55609476
87851626
178018500
-70983016
16106723
-835841344
178743695
-58629537
-65843112
305974944
-110677014
342054814
55564277
-44537526
-232856305
796919200
5874890
25498414
-52510416
239907700
-168479889
421692380
-380816604
305401005
183337206
859330722
-279387316
7629880
52529796
-133954263
-611668058
-524933968
350471166
-11074005
64303281
527672806
-754382841
343202739
-493522267
-740770120
-127968990
536648960
-94856906
432086556
-320347431
-379462438
-130341992
-123453660
9470538
71955736
208394667
368922001
-669137472
809832244
-296733112
-91933045
-51577670
60264575
-26680180
-226607161
-233956188
54164610
-765476880
-412744284
-95285875
-1029729060
128798280
562010904
666484434
-439891886
41311530
107794945
-131004720
-830564410
-80707734
334871100
502569817
57397950
303060726
-209446500
135374247
36539972
1013716132
-28641078
-241500231
-200287332
-168769217
244536000
459764420
-295122471
275735820
35466274
52237115
-127033164
207600092
-223024032
-345363655
59263855
-242570048
-124477264
433087498
-129564762
392460640
-15187632
176396844
399565250
-107363664
504236700
-638416500
936762372
-4210229
733668721
202287052
86819994
-246743136
154878219
694381486
432888988
-876561680
-389678510
417484548
-87943086
-188875544
-2684648
193217634
-289673471
-22005988
29289640
-328139328
-807963822
28799859
165095721
-139900449
134685815
-18766098
147703505
-23511351
344954480
-133366662
320458254
-32786640
-169800411
-69133400
258826414
-12225312
394750701
204172100
552720348
-519320145
-185395208
733305375
174811770
-5855535
-294297669
133335741
4330942
-118130344
-389271756
172611812
-365522664
-14733450
74017034
541337151
-14190720
-355059408
662767780
-427152240
234396448
-572112783
-798893580
620483739
88012088
-13917129
-327848312
-213594300
-329933670
-744682500
-76402755
-132123178
-324376032
450652968
271888480
-283554050
-321585336
-319209728
315817390
-88594440
705069144
194824784
-188708467
-198082380
-39583140
-420700350
-328193748
398520206
-633437988
573739093
775357275
-796574220
-238978627
252621947
253411738
-204848646
194694000
-25980230
342713280
1560377
-54609782
-27882624
777712500
216537808
322592480
-27245373
39523440
283634128
316674630
-288525705
441606858
-225460354
-623648350
102719744
226666125
42384328
-877629391
-324377150
-100063841
-474143475
293835542
119910170
-137470068
-135146241
295992507
645202480
307425384
688662780
41220116
-66815826
-175119111
-953310900
327044298
4176171
-706883372
127140300
-154229175
-103692609
-455290552
-284610513
313648384
168457320
237928818
26961120
728075936
-315524104
-23627648
229733475
-451300275
-298163187
-194924366
402094600
-713159735
-125533598
-301646665
-254549855
-45427533
22860144
152636309
-308123444
-37903176
105305800
-67479965
-158976360
410471746
83083140
-273747915
-101086401
253870504
-270054085
23339920
-26996502
603266600
226591469
232980960
619255062
-590264260
-61996011
-84085764
-54650250
47470800
-55652802
-379684500
673982
-82327688
-325669212
325958528
308470880
-221881088
