1000
751255041
347169520
-739796304
587498274
679521744
46938960
365901760
131877176
-804929114
129056616
356508897
-408354714
-498639888
-280763136
137847924
104756652
-51423658
47783840
-164447901
221462757
-386572960
105473261
-95690070
-400509074
-58223280
324590272
-314116388
742566690
68093080
311068000
-122952340
-38630514
436596183
293501593
894573035
-206790693
562771134
6258875
-133650580
-1142626
648016605
1956150
447735886
-335688188
231734969
-89739753
258735828
15584490
-127132857
816004480
100482488
134190540
281530410
-461394890
-157416405
-129941030
424268806
21374354
340672299
-339774145
-17789120
583018928
116816130
-1019337
-251825487
-14670458
-165652256
-545602072
508965366
1661342
9221112
-134411958
-59954956
195748144
17656141
-761834120
-279673938
280501277
-153767856
779502620
276317152
-21603240
24947238
-32161836
-853043572
261679600
-159404518
-1170519
53092376
-138107200
826290432
721980700
545215440
-74685619
-36197920
79500960
17968915
100399491
676364795
5990141
-67853975
-224075852
342394540
-359909325
288003968
-119806407
6212165
-66737728
242219700
-73614975
-242399052
-47367357
63245220
150138016
-79202215
-64681650
-9460038
78295018
-163990596
105216320
274476700
292219317
-274037160
-122381753
210992688
-75995920
-4906432
-384029178
845169400
339104504
470626695
496925910
57426527
251663016
87228876
-214841172
399127287
-99621390
-71430944
-419369160
283206553
-314344320
352970280
-58763237
80510848
-175073769
3443439
-382263210
-248121900
-63375488
-893074598
9304750
-392335836
508865760
623866048
-236112880
201952748
-53620770
9957725
52949910
142741880
611925853
-199659798
272521760
-616650606
534364434
-189276288
279952599
11609134
-29131350
-85313305
75721800
198331308
-197270080
174460995
-211213578
-353572358
552501972
-24467300
702413590
121993648
381358736
-4596720
2791745
-120415250
443458632
122704090
659851209
285348644
-3718240
987409389
70246120
34194417
-325233272
-36479232
206348163
-673931280
429399934
50170512
-232700811
205675712
247932748
53427582
43615978
-403988300
-125281240
-124609892
-110974360
32429124
-273760950
223531480
8984720
-306109238
-144414956
133984704
26201016
218161440
-73368880
-664947360
-123176000
238085918
785288240
767133966
-29144887
535818046
8927360
-352089114
-459756535
-132576884
-12407076
776948694
795319380
-323109072
-417029808
-201752784
-259739714
-80179680
601703564
-49730766
-200667908
-647994843
-30111504
75877809
19964644
166968168
-224305536
17193775
-216895800
-419406104
-263598434
-221177490
-301128894
-346953201
-215292305
56565292
-786091359
291212856
187019023
-751138696
-136902428
-131024754
964488268
90646176
-648585583
46020374
-151843468
-749340298
-792608997
-597303225
175810856
251897178
-632060910
95554257
90316260
-207702259
2203209
-35601540
-84657636
-718705211
849473684
-132128374
-61079312
323696412
626749200
976276848
6612021
174699360
986400
92029721
-285971310
-5939104
-533873470
-119619054
-70167388
531812484
29089866
-266601896
-10009524
34357824
-289823760
663534
472589285
314252785
-18736520
-549347877
398763540
812163924
42965472
-102689505
167231160
-31217760
-291414066
123090181
2895640
5244628
-428429590
68649424
24398630
487710822
635542620
15860680
43165380
62730315
-93549708
6065750
-42291984
352379889
-263199807
-66139095
338894611
195480
-101540453
452095144
87515334
234583440
61295310
30328524
-831402
-587465541
178600000
-214977868
-454392657
467311617
-926661483
-926060520
-347561253
395857784
467686344
87726063
-227600200
-38294568
139212261
376774032
223120842
27903612
-502737810
-87925547
-76369920
-134078644
-202951512
21205951
117907398
-54632633
-512760059
-116443017
324527320
-118666725
-495648135
-644668521
6239296
404053240
134134690
-31207920
-399503808
-409879620
615638807
-2488860
-500994036
-552860005
174856560
358167456
240840707
55198235
27511040
253238967
93513784
320074407
-97579548
-58305312
493717900
-594959696
28506590
-580167798
136003224
-6000
59643500
445556213
169186122
39027606
238423176
45101728
-495595805
96372337
102621862
439193094
-328640427
-152193429
-39340962
830927680
-51357530
-311074540
-564841004
152723811
-303979473
-167619480
-576370052
25430572
-29495000
380490498
-22379106
220195776
-358032753
525484863
626754096
-77465280
407285496
-629033200
90087120
87502940
-33952336
-34017000
67020590
-49344750
-99630282
-16771104
294391444
646369328
-306882072
-81367930
85193758
-589560374
235973568
6995068
451899440
-22929500
-675862831
382394940
179383229
-357335151
697750634
619457922
600475005
-265485220
-12176232
-347595131
-70729048
81653325
88814061
26818480
-419311348
-800122735
-180799945
229106570
-70732478
153457164
648702538
396986912
-342337030
542294991
506184360
-604926912
331926350
-128591859
610695
-333787328
354842658
261357576
-273080178
-318938089
-774726229
357834624
61558812
-547766555
367656990
-113638470
-689376225
369073185
416653464
-246758396
208033410
432087300
-78792063
127078536
38223918
47836840
-603979974
67604104
-144811788
-318592890
-344052525
-39692495
-253926875
-75524449
664657968
49325364
171847775
164370790
155586906
-506360592
111392346
-532064820
704709030
208211508
59135058
-141709620
906881850
432732375
-515770800
-51161416
384709432
-9715990
662736636
-149678368
264618920
142497612
-408133220
1193013
579489278
65024670
-527418720
176357094
-194008173
-252646500
-2359551
97805400
180912772
-102937008
-717034032
-247813650
-814070908
-725392800
-208820601
-802656696
-79770418
-121057882
-27551879
-45563736
-2622514
-190121540
807784978
-143442224
5812376
63445690
-530284128
-22200523
-273601019
22867314
56704385
-127077040
652063698
80424657
-46442045
41942684
865153874
-316078144
-138413520
46866036
267393636
-128284776
20125926
-230728608
-185899363
-446079924
177665640
-453707050
884762607
-341715108
-300859044
-182048888
-88225056
68629197
597246954
-628887492
-125699624
-186402832
38548656
-434721594
-487628890
461019685
302763984
-15556212
487637800
-379805875
120874570
-674397324
460842426
127570116
167793630
-310236525
-54796575
180418320
-78368556
42779886
-34537008
-146373325
75265828
-262638264
303460871
-13816944
-107111970
-877519104
309622882
45459999
79259135
-21530419
-346935680
71660225
176376696
101436270
299010810
191339862
265325652
209103433
190665884
597229584
-736259863
-133231392
-218852106
-110046930
-296057657
112150930
-161527905
-946924722
31685160
407804475
-10942700
1892499
-135411662
-91013712
-294377369
796011535
36970920
264370751
47209083
139317432
47160108
-86291655
417896040
179065488
-112268352
226507575
-92637416
-468967644
160687282
252284604
-634712274
-160068545
-5108313
-255251010
-43144302
657542235
516457970
-301622336
-63576372
807122169
-508354800
84839040
-517473990
-9885113
153059634
92237576
194536300
-127920184
-6168690
249483360
-464443163
389074104
-207035829
-7953330
-791518420
244880541
386174998
-7731214
36680418
508236768
-73153152
-203977039
-473955152
-402458476
616990776
-551017402
58226207
-707489136
67683880
-180869360
-806440928
116604943
3012440
-152991544
-750190908
4154960
-191043195
4456650
-317373210
726691816
-509029664
-48664135
117951426
341187924
276167769
267076842
372382757
672148268
58765428
-2884777
-295485034
44889096
-165620618
-46369149
-596722308
21990540
-335496012
-238651392
-197767234
-174226472
-415520424
114119532
361552664
94594115
150493590
-346158472
-67546271
24077676
-201585000
-48355720
-34490880
-233330346
-65532600
-194220452
-8206465
-736269980
-19812212
880624360
-53366496
-909841688
19836352
-252383832
72804192
117275663
-184592004
278146078
-68191752
-754219383
-55178739
181493136
317817087
-565682265
-219794800
222746766
733430880
350205780
-117598936
27160044
-62482660
396561369
-60722136
143011484
600947988
495161910
172016108
-395084196
-150192900
704706709
-48780576
-301252680
327507064
-236318013
-384367760
-547001181
-434815191
130250490
-114502531
-116793450
-138133363
-94413930
-87080852
-483645912
-143780294
-410300814
-52017836
102878727
-434344944
-240140351
149290695
723691746
-612893534
190014870
-529652800
-19995778
24537660
-841850523
138287800
62733132
111946467
11014200
203151445
154769225
-87510939
-342780900
22254501
-655837074
149810778
115382421
17210109
-410067320
662074226
386755965
804216964
95049960
205595000
445537664
490614082
818846622
15034992
-431044092
41766732
-493950678
-73568852
218684668
2923760
-290698160
310866365
349026518
75930624
47694188
-66828670
322568431
-6275024
-6064964
-764946950
140792274
700463120
334697932
26020896
-320727650
-454247036
7427501
-47943895
-184388585
-126256352
-110392863
-59878290
-726374040
58346264
-4194828
-256160067
-54661024
397752992
299440597
-294791992
-145057338
28892160
5248752
5004664
-237427848
-107278204
-347875713
309009408
25334115
60583404
-187337378
-19154340
-441535578
-198296142
8407400
-365826725
346843818
-127436578
782715653
12622041
-105494481
-44531490
40869598
125941508
42991300
-231702084
-454890573
-102471640
362218065
-418882380
73218768
392646800
277610480
211350742
26667466
-668729367
580327728
217725717
8549775
197716402
2634444
211627080
46182150
-444841614
59227898
81629400
785833686
43233645
-592252336
-343767257
290820035
21254535
56249295
377278125
-15314607
-464064562
205951104
116772678
35791205
10096885
501668292
9075504
-230959503
181100070
822715140
82582227
198314622
-345799060
-44946524
139091612
-91603638
-98344596
-17509310
534194436
43198029
193139400
-531584171
637654784
302188950
569693016
14324912
44485760
623622960
-127184850
-160327044
-565503726
267831002
181802120
5133713
-132957040
-374830575
-554124816
243967360
43943904
-135889425
-126634335
268389132
-333581230
529454442
-656771502
91065380
160651517
542798640
573195591
16321370
-244262046
610464744
150787833
379272782
327641292
100086820
-6504147
64723392
-180613920
195631659
-274064985
-28139188
188336772
-17239380
-917971628
571784868
-163390255
478453256
748071254
-12374555
-495988052
-254818083
-120030367
301185200
138709500
-11701755
-229392757
-16060287
-16166592
192902400
-384060336
29807190
185339232
196760598
-168725865
