1000
60193340
-11088654
-21600300
440382006
295139208
72327926
-369596976
-10253787
570867495
22742032
681842544
695760615
24622389
-405302733
87558393
918112266
95194752
34512638
-179307050
-214274272
-107246048
183904402
739170199
29427633
133062726
108479124
-301705668
-27718976
-558012532
-141197678
353088831
-366480803
15243276
-352474791
-347269064
20918912
13935240
-89825398
435042240
-152652600
6513570
-388850112
105819588
-173307798
-134516715
-475972956
122185375
594897387
100272865
-442095396
68116642
-449486744
-16578808
624117426
42682495
-217072400
373765216
-199345027
-141955564
-126619472
-136644980
-505171040
345286960
488872944
272002587
24846578
-37500050
135804636
131458455
31412953
-307241715
-798699357
272302110
8187277
59882050
41879044
-164222945
6513732
-73843728
478457380
-263569035
810984264
17868176
-30098745
-129289048
600765000
149106107
-82295708
154291380
-82400605
1037129715
-59394510
-133815747
385873030
-943127388
-513477772
-597776746
574783200
143972268
555029586
13854903
111375670
-24984950
134703498
17708678
6031815
-50780975
-653873742
-838069848
-927724231
-249779232
211310144
258624506
-332844344
-108252466
-553534212
284333336
-500788414
-25292901
342680532
569725555
-536298000
-245241240
233665626
-77220936
-45844000
245771100
420877886
-582971520
105338541
318683898
385395370
-101103202
139205775
-64746302
470886804
113857678
510148500
-401588712
-288349988
24980580
57922260
203309652
-667090430
635743345
-152248052
334542555
-32526084
493383545
17109225
753958786
-425024186
205962140
-110460000
-3321834
72225109
211897620
183288820
-54312000
35208456
44493312
215527058
-21377774
191384808
208376280
204173088
-185968492
315866888
41348900
-265334700
261662382
214598028
169351652
113262190
111834432
197518608
-293849180
-407941130
9488548
464233360
125044080
47956860
-612885321
90556520
34109040
-17990726
-132033804
-723286509
-63297180
279955641
618710825
-775157660
-328162968
-168943026
-33008559
9463370
-419142349
-9101494
-927600
32324368
34301916
-464609607
288312990
143481780
-84174948
252516312
-100475955
-134106739
-257357930
-42218124
-735858753
222663388
123349272
492522161
237821064
107108358
122161095
2763774
-18702915
-182357456
283051864
-282771112
-13107640
-483525900
122114332
168724948
-245385684
-99439060
-88598400
36742618
-657207243
97762771
298708207
-58057760
310546944
-15920784
-163988388
-99850752
-49272080
194751252
-379471872
-101515154
-551243770
14698992
-29027884
-133488228
-841318401
-307539505
45445463
-335006546
-600958904
134166314
-766437867
447193170
-434226296
230053144
-227225600
54420144
21874917
-193425596
661116704
363006878
-325332490
407820000
8735400
-754560300
-158247726
-178914648
-197922315
196950600
233943725
-332053524
346300488
161076167
544564890
-388076376
458388863
713727033
-214830336
102984470
-621009732
47673274
-2562020
732302880
-74234916
-177428220
-251365024
95124854
409607774
499507565
900081528
556312030
-283508358
645672464
22067350
517991385
472266137
-297536836
-159029780
-452822769
-28407559
374488450
117816131
227544434
-547659252
80774999
-402050580
-66762895
-255628800
-6322656
481582570
-221502261
77212352
-448973700
9663043
-153570998
-69548976
-690414036
-203202721
-84721287
344560442
-23231586
-763081066
182990856
-44570526
-8888535
-50983739
-371352825
-95814740
342731644
459565930
-45809330
-338090016
556682529
283118708
73031521
-228527754
331618290
274650022
566711656
-194036432
-1857726
994342300
-476979887
645157908
-641487480
-131506948
243978630
71179956
-226310106
-456020271
555688436
-147327710
182530743
-34073616
-451754904
153152940
681114577
571616332
-245935256
2054592
-86302352
527847408
243195721
-195085462
947461936
-912202137
36260884
552968856
-102075545
-118928896
315318080
-707712337
-504829312
585374009
434306066
-206952859
199282200
-157889073
-234305305
-63896186
30944868
202279792
-503171200
108627864
14967625
375836019
-24216582
-337256608
-238279720
-3411408
-26444601
32557418
602960740
116665478
104628914
66930076
-66349459
-535309776
375467217
4168087
380129792
-467647596
-795792024
-221630640
145702998
-13436764
-129108445
-434482515
-699083504
580230696
183128544
560943434
-101422140
229250021
-69093757
892365528
-144753310
-18796381
217836840
237061
-525439992
714987648
-232100337
-647505144
-429157586
843295572
327567441
64588383
461643279
131455930
-419503456
443073916
558230176
-639656858
35083620
698946288
-249544542
-49865112
623555840
-468466280
-704376
-536411755
-211171536
-243363141
200188908
-254324811
-13898445
190645364
631952420
-228785256
-154689660
87375000
42923790
230506371
566863530
-72297712
-399832304
51141594
94303594
-5090904
334881840
-930723626
-330244033
-656188200
220859544
-589029048
244067670
-458742434
-88963980
195497034
-413922159
180152408
-334201488
236954023
376349988
-25151001
113740370
267691320
-2817132
276788390
292279052
77088288
569484210
388895276
44441600
345372341
151182496
-506818153
57408269
-74855044
-133022652
-137543262
373273656
92866410
86121987
-5541744
-8139825
-206416386
-104286890
265436160
-353834991
-501799046
8405192
-289215276
519427314
-648701582
-114248280
-404340579
25935962
-244656594
-1006052936
123388680
161674830
695617450
-31202990
-112200956
144657300
41015498
-588446055
53152120
-301006055
23603345
-678096720
-38424740
-27006896
-93512914
324192730
-260199836
-143279895
382614560
752760468
-422010792
-5365710
436878738
-86044736
-165679500
-87005800
-101672550
268313364
-72506918
-50790558
32969747
94942806
232647756
-407512
313164536
90811063
-177646560
-4560272
809008577
-110984955
-84961216
368590288
-438250266
-54625690
734193363
209287800
263862820
-18720360
465048495
-407390784
365224860
-119855200
-413201800
21173598
-21136960
412378642
60606159
-160975188
115814020
563187340
265264295
-705752347
366310868
-766144344
385920192
234201096
177118277
-30508321
553401938
459966972
109937995
-157153389
136526940
-136884858
101135851
-301919906
-420868152
-420840766
224518880
274289103
579082980
-29595756
-245923620
103800876
-626154116
-37415742
207681180
-179870404
153732678
13130506
197259790
-47200000
-23729841
40484340
43418067
18874048
34861320
188554905
807952044
325550050
76311781
68375216
-22593900
-95268208
-229958154
105358170
220870304
93700218
181959050
-546626080
370359363
-324876600
302282786
-52198037
-689082762
-34894492
165899667
-221931528
524414826
-880497225
78134528
-45791664
-312079219
225924720
495153746
20746161
20080004
294632096
498856228
497048125
-43096073
-551296200
-106892226
-2416840
-167996943
116359552
672630420
-136671630
-9876881
8521896
-180352282
-909252486
607695571
-562996133
-107776708
322213374
-483937440
-195806520
-60099297
-60667854
294062643
26294112
-755582204
-691662528
74490
404482310
199823339
-28875332
54452140
-131268060
137001720
-706676006
-122343660
349103880
-634291760
-122767480
72927402
-136559324
-245348415
-96457625
-226099254
292291200
-144639855
283224060
61375473
-81258860
-222470021
-494382150
244418622
156975552
28745963
591333653
43348928
74856364
-232046997
-502654392
612706468
-637181328
868127712
60461415
279698316
-503684808
42783048
-469939980
-625816025
-536129880
-403099587
234317403
-296749999
101031312
378924
-104493122
498059368
-11530692
-381220985
-507097600
36237594
-446766080
37553650
81795812
-221975290
-468519525
-148991157
-83881920
12821553
-154689952
-224249054
327743568
-15733184
-160273560
375377084
-589197394
385521192
17597040
-22859574
-359515674
-100478336
-6982650
43393320
-368393043
-819583002
-548447328
-15811158
-511751256
-153337613
30059724
-150516230
-38491740
-109650485
-444582892
-143744484
-11063565
-12391750
-256484708
-464521416
57191445
423844875
-319205848
2725788
-113577166
-239645625
23397390
144157650
-433977300
-130851176
409040200
9972087
92883560
-85078632
352414636
-111102852
-542724560
597297536
237672680
224764565
941619571
-94614261
376426410
40637880
-383675886
3112827
-168379944
-67021062
-3144876
-392499270
325897992
-811548360
224051280
-206879904
45750366
114428925
-1307394
234163266
100226784
-24854816
429621620
45414504
-451528336
27023990
-124276644
606552240
-106769664
31273899
-64024974
21093800
-81457516
-56882744
175061592
57889808
-503726027
-497990880
234498680
-103718400
-7092855
-419156805
179361000
228156258
-5892381
-166688100
-177502140
252176925
324833611
-9115288
-8379570
-365929157
383657920
71111718
146250493
-85261519
-341034100
-390395918
-48448540
55141368
-417364900
-589686736
258847066
-364672739
-103218793
-504736516
-354609531
324341198
856195935
633548660
-2667240
3225248
288350376
213894482
-144102384
-117000828
-210977848
195590724
310706416
84531995
-746622445
436791392
95220866
-159275244
4840386
182182416
159467456
34780695
98852400
-188596992
47628568
-27905033
-434619027
-250843262
166008713
-33790097
-514672590
-402185460
138749730
-416394855
-106475840
61247260
860330394
-495099280
3516825
431345432
-748325512
-806917360
-158680530
-403424280
-90528004
380890328
71657040
300253956
103521486
736585418
-468113708
66699500
-559664574
95523719
-415602646
-425101131
-166893433
57244896
938819656
-804061779
-176642992
284056584
-3648081
7531714
653785080
109205901
-416777940
92343792
803727700
-453088346
739509345
-534292405
-659740724
19690297
136392714
211599170
-368268290
-64680084
-293946058
476055246
307836459
263181462
-432222876
5097784
-137635484
-501423200
300784464
750118152
879615450
-84442078
821023060
39166771
211405392
768467688
2123500
333271698
-20892124
-153748804
223307308
63602199
81681160
163929485
157689836
829784723
305193342
45176488
186272800
29187690
-19644760
232928956
454365450
-765559772
-35092926
-599999272
-102114298
473990036
54889758
-40669200
371199944
508528868
113901074
180591056
577100451
447768480
-23255425
-713450
544538338
-10717308
102729753
5177640
-198425240
-206285820
-112888770
70764003
-460788713
164874035
-423756237
318822295
61359168
-709220633
-363155212
753394980
-881150768
-156298947
274590316
648273808
206119375
-142625495
-212639763
-915485684
14495244
413916372
-162763984
197575980
-160979454
268867584
-395080480
-511994880
-272048704
