1000
-274073020
18340656
501659950
546221735
-230636241
-213281823
223656624
194337168
-315296116
-901590802
50534880
-25914546
-231849648
-236299140
455530778
-146178886
-39021892
52618600
-375384305
135735600
610554200
-43864779
5962104
-304766505
-18052374
330582698
20095440
410281882
204711960
114602466
144594918
-70685931
-610246790
26580820
632127101
-520984320
671385292
391285050
-262366216
444735886
539767732
53045777
536471268
-489536340
-58513554
-335218491
879108653
329718632
-169357140
-241410423
-35843291
-35607816
-348504131
-22968720
57982338
374641800
-61892844
-667375142
77862000
89520358
-118951362
476257782
649882046
-55736938
87693750
-423394214
-139436408
146015360
89905851
-112231872
-112720820
562240184
-94506162
-155759240
-542597440
-64423056
268028184
-18425046
35394076
-98649980
149778838
-88239737
-37581732
14486742
-264733945
-147836064
208892760
-39685888
137998587
-254498160
719420310
-47186916
-856345963
-534281732
80540728
223371278
-61334470
55788592
-496121958
-114745988
238813665
21767500
461451756
9992442
365194880
-256169520
-121181304
28056501
3552042
246631236
124190676
33654131
85112045
-44266132
254101248
-663910236
-334666811
19532728
123309411
-26839584
436098573
-282218832
544284325
-128840061
-173811264
447754908
21716352
3562272
-198306615
-578316186
-156432594
-554977150
14235507
39304990
-836911424
708545123
-368344928
100010186
411425444
59418306
71789160
-22364384
-719099316
-27113580
-173093116
168293433
303233209
-596912974
453044340
-835396800
537738184
333458640
-771693308
15363546
-325055736
111852135
-312619363
-622699610
-741394778
-435868916
183818196
40309685
-45962267
147549453
-385331136
318910752
-549004455
483293349
-230473008
-10843452
-167799758
-67509494
706512644
-311696308
-1710438
488854275
149027270
-281465536
-13633436
10280916
88107444
24267408
551193448
373506252
397680465
-335892000
-223825580
534574810
-283818978
-418310696
-31283732
-249589812
-37629139
16908588
-46611699
-26087428
368534514
-60821242
14655080
54540164
-290309000
-113000594
-33938460
544205668
-50119944
-8082303
114830637
-549331195
156967720
196097958
-385016418
-244062189
914948259
376096032
-135262235
-207439050
-206447464
-72531840
-72882198
-24299047
113541496
-6135966
113960028
498936726
53581308
511996302
17935128
-518922790
-66910266
117697577
204830535
655159455
349013196
-12649802
5220971
64690560
190190280
-283803806
-21185369
256211712
80019160
72106320
-33819525
-429382890
119240
343791984
80078502
785714868
59474840
78467311
-910221312
-101654660
-211502326
12331715
-500195416
2487035
673688892
15656414
43206240
108544800
184574208
18275536
43071520
3922792
776754944
-632277654
805969830
-481403362
-373025492
826793436
260317073
-121328936
-501184608
-30737466
-253598000
245319757
-284075976
-259023240
-53520416
-119336112
-248036850
-678702960
-342531870
-11782790
-25712712
-601140504
242997558
405269942
587038212
116844240
-294746140
759744552
583925356
44592830
22184316
-31288801
505001288
-117164826
-41859720
734084910
-459944671
564793160
-98603219
-325894520
-71907550
-732385888
-120978563
548019504
25948000
-171580396
172099662
-93488508
-52456704
440866455
370845636
-148258121
-485966526
-123882132
191207600
290749732
375739390
-79739198
662245485
584685780
588202755
204851255
738799908
-224322120
-91710614
-188247180
26217204
-85103928
-827767200
365785800
-446336
14928224
711135357
-78703200
332762508
675259584
-924153876
609541200
-410993220
7210044
-889889936
-612943448
122168808
-557222249
-28703480
-2590332
-25483304
-146725104
-229062018
-277632576
197776800
-468761319
-209155760
-447762816
81945864
41391810
-163496452
-866144741
-343464974
1019627400
-356824560
199852146
227627172
65378290
-66146439
164898305
-114179055
-471759063
561226166
468604266
344252890
-41426320
390838120
-215994185
-41831895
-161169528
-75479780
-162243779
-334994835
609083109
-96334256
-62561878
26979898
-73048920
-304429465
-45649935
-523134168
218454635
26050164
110203506
204748434
-97343956
352680020
-680817536
55549800
-13976860
-441873447
264233202
10918512
-78355047
457436870
-412141422
401937613
401259240
158705047
-785940896
215344669
-283215040
369799980
24626826
-618621176
-272371008
-357405067
-59784694
22062724
-420802078
14029900
148279650
78854925
-851094695
-65677856
113695043
565606161
148895640
-4488777
1978729
41014625
-327720638
69422482
-310903036
-7419048
-648567616
-580554343
106602240
132540048
-176372267
-331068933
-234415104
-477981890
-199549672
-330555904
15352155
-383795820
680955320
743462937
-154297134
78551344
-668631808
2811186
-7572615
152751852
-12341892
-45012600
276098196
21584380
-482271264
35573382
-200694474
-716190689
347870867
-275007894
665140619
105972440
-810958426
-321317600
49199514
62148192
-836626791
262362225
-624977949
363796258
-699530888
162192540
122529540
-418785633
922498806
141450930
250862268
526993138
-16162209
-62716523
-293128725
64549345
471181022
18640104
-330442376
700394470
235492452
-237175240
-592606784
-285074008
19994208
-340673564
-177117556
-167116060
-30925440
164409710
-87147726
33240120
-693168658
459811400
189206292
125489310
-204344658
356765022
80330238
346763072
166240896
630049396
-651205962
324907418
-86109010
-303700720
-671450172
-244604544
841827528
-133061376
35600285
204152285
542661550
-192976187
154291824
151889628
-165895405
205041918
-43865696
5378204
-683504850
-150430420
308021854
-109692720
-27833784
-71332380
-29810244
269749920
450854613
724822252
14232883
-10447290
361752841
-44928825
364067506
124785038
-54664510
94444376
416542344
394508402
-376531170
-16108960
129745559
-16651818
-340237373
-437542600
-819051430
33016712
130386165
-324130248
-81572320
-66965006
-102177662
490074560
-51645120
-947127480
118364129
3031470
50372415
257261238
143150592
125368164
203506072
644184606
-161294392
-480549592
-194086962
240831294
-83774324
290416680
99108090
198991416
180788486
-885499318
780769472
-102947299
114183990
3822254
36127617
-100740780
-316018618
-990976963
477511420
362228886
-5948070
221397625
179306440
171217088
248936945
408547908
70919098
36384792
-235786260
-144553290
-623421864
-91489224
-56754178
-240756938
-83062980
379681848
-55142485
-109972894
-671763456
364761298
-131067396
-5181680
-7264448
672811596
608701156
107813564
577372571
-279907948
-42121141
502497424
-325525060
-228176808
125710725
320091000
-373100549
-543840072
-1144307
-479433684
-296858242
-134785312
-63009792
118266630
-18219836
77965462
849916476
187674250
271477488
196488383
-504177480
137357888
-619317893
34609784
-321308091
-349928444
-9006675
146943083
-912751538
-226509263
268879833
258256704
-1020560
535392522
-875493760
10716000
745588550
-254554700
-433557663
212447366
-187181256
92046310
-233393076
-39673665
148800876
-16918958
91775872
-12083682
348981024
275513400
-102824190
86052861
462093236
712969708
-617887068
295918992
-7907760
365855802
-161907080
118057464
-122471646
-175971648
-418918544
53639476
-797737260
27307580
-203641560
-447781992
96842048
-475112242
79611212
495277626
63990746
782463825
41216658
71155225
536161422
332029026
-468734490
-90350245
-334235824
-223149360
-17709768
243239373
54289268
81975033
85221136
-18130653
148433898
-85549050
-115573770
-229712480
-82431778
19908748
262704345
-222100260
-1414570
-40779893
-406642432
195246870
-98378286
29084207
-145939475
-47483754
972256640
-243655176
-554562140
283986216
-88194841
965354929
464522620
-386569188
-161073771
17488121
-502907327
231380166
-242501190
82429884
-871368225
-282418356
-655607160
-235835964
134175460
-682792164
33463942
514208412
-117642648
-416255000
59067360
67089258
6566276
111606765
-80761456
4516750
377486332
-187602080
-107620435
140571626
17664596
182604157
226569880
324465392
181157310
-91522695
793848663
252141102
596231020
-117938002
-52564098
-299079480
-62141472
751281928
163790880
576036900
671716800
63047328
963888870
-329953788
-15536352
-294992898
-580976380
2185065
344185072
236581274
206339874
-222884364
780223653
-7276374
-19686810
-86483744
776137962
225195540
-61750068
-10484375
135452016
-254915489
141341343
117486160
293963253
109829472
314862966
-38934910
330919328
-305605025
217676732
-2032549
-77135440
157074764
214732620
-297356787
32191701
327633756
32443680
-350031570
-279581520
-376684988
654241311
-59928156
216318334
-16793321
-497604114
-804038648
-122618175
4041954
-15691320
973635724
441111770
30618756
649638210
23295737
38444594
-168339219
537528152
735902274
180418869
391761799
-241317530
481976422
-504924654
278580915
494431770
669887009
-592837650
46358543
941883250
-59120628
530593840
-689423001
-28005435
95561520
-145073192
-131993915
-274284038
-5096880
271527687
374862428
49323664
-25036319
-207506985
13337259
81784546
352217838
266540238
208473405
-112180584
148254964
530271804
435500424
170633520
689197725
-433888686
-276484923
26506203
35433872
145348360
-248359851
-313892050
-32647446
14353308
80650755
163776300
118074786
99258524
138635984
84752950
-157464710
69654846
315968182
-234320976
107413071
-4335000
-41445429
434264826
188654629
-9195216
848212488
256929110
415498144
214522952
-20200824
-486969651
105372498
-116989848
523486496
691429001
-296109494
33095634
223179670
-639100683
768127361
-385977085
-54972507
571481550
-175262553
56121150
122088420
-217494605
95315484
74561781
-148718610
31417440
28415152
-134812201
187485144
444386706
-925839335
-149471988
-286585068
-5630742
57734192
-324913021
-394846276
-731984280
28680320
-651276720
215798220
245984310
-220088449
43249758
-331527834
20670360
266999733
-1054170903
227452332
-61578762
11549664
10798040
-834123453
156878106
169744392
-797476878
206396124
945702360
137685448
-112986792
-109054202
410171160
-173369664
-489161104
-89494524
18519304
134188677
162992614
-274059108
-3340750
-145887758
-217660518
415759120
54313512
-159992000
273449880
144164692
67586768
460073040
-204998430
-518689360
37332547
301456548
585898755
427996360
-58505238
118406700
69303490
7669431
-128985363
420684750
188163952
205875601
132023900
152374725
682398889
424504134
-676402055
-519634033
404549486
-508433654
-462479226
