1000
-119894180
424864816
363106209
326627288
-4067492
-123602406
58303170
130953496
-39086008
173749717
130735966
928057664
-157626372
207804778
334836950
-56526795
-191969200
29350000
504676788
-321274288
192292290
98483554
356475782
687655320
433122228
28881380
114933812
-622565986
-101425170
490183848
589853636
-441875740
5052000
-357536166
-53815318
-661090545
947945046
2813202
303823534
-107998375
-31693126
-4675401
30223983
-36211840
291840000
59378616
-634817344
-474837399
771959700
479956776
439931800
423233244
29295656
-26120068
-72938180
-32560801
-172488642
211114650
422638326
-357235775
113473750
39273276
-1794527
-474121371
-306481632
802182485
63481487
421274816
-48646044
-234357359
-437142528
-579029802
171950262
520800
282794803
236826044
111770340
584417856
82941836
-475124672
-608458577
-179307590
-776098345
-106557080
220641540
-329104030
-7270032
-286278470
-414395148
314314352
-829035508
-344710568
156222252
420350442
74681980
108975724
291395862
-450003987
-43994412
-6866604
109328517
-340969839
90664800
-470106455
6866496
-145775600
-32321036
-29247012
173991752
769443410
-744636990
-134537502
-6637344
-105328362
-74440506
171808140
-461449440
-294549210
-21224611
244103214
108466038
-792483540
-90673641
-170723274
292572058
20388152
-263148864
233810715
-772912602
110786446
41628587
309480600
-428107496
79236672
-278866665
227056500
75777624
496237940
605438960
-152518032
14933376
-39134340
-33765110
-363218412
46738698
60528864
892354021
-456404610
-510126276
56903912
-486047656
14506560
75038340
-198324492
-181149234
-498945372
-273655568
-492384535
-338971815
-155127783
389656512
4657640
367094700
-154024162
-392430150
-62382506
368538744
-5784403
-11145801
35487672
-339373158
551158350
-268244912
118148928
149575620
-148075840
-18446798
21347394
-665491200
25270570
279469089
223466528
-432252561
401891760
120348280
-598461756
-362460140
180220000
241075127
-472595360
24334725
281254341
-1055645816
-786922623
-70263954
41671539
-387969639
50543185
179070650
287126991
82018884
30915210
25243504
-76130709
325223019
66072720
386630000
231254676
-300791223
54554334
-16954080
-234891510
593785624
-230897060
59746837
52616564
-290165832
8957908
-578622880
844190256
-169541295
-668307900
399763722
-311853696
391415960
5196840
77970438
-273985622
118724706
353465280
-336016170
412989502
-541139576
100722858
-407863415
-405717
-708804520
268393020
356867400
40541984
117988365
557514540
138350492
18404750
-268033755
219776784
-40631301
-577077426
-425876212
346497910
70369324
188456866
687174975
-6184620
71468553
-71281626
-105207960
437163552
-280981491
327858390
-43897329
402615486
-639900877
-155602020
198708002
-37467552
196413200
116800992
-322990056
-538099278
3019518
-506750400
-31097088
-6187090
71759380
-411311472
-71052825
-291551152
-52249899
165978900
-77074000
75091672
-29049471
-374252127
219608025
18186192
574463935
-271036452
-55647000
4560325
947561184
-140466280
42037695
-338743293
-23745124
-147917150
42597744
310532352
74321520
459771367
-6179745
144948496
792114944
-301826538
-487079712
-65906568
-359891008
-54357700
-565418515
-128966319
-740582492
-242652669
53211276
403207032
756221916
-427081599
156918520
-95002425
-35236386
-3749760
-291666456
-245533018
614660004
-696871461
-62831130
240729400
-28128208
65811459
31025135
219040906
-313027708
-422829638
-199272288
-460183995
-806296128
838177210
221792724
-168803334
808375263
299489925
104471320
236753639
15119500
108342972
697028045
-371647232
-24340365
413274350
42893469
-189714096
-873296476
-211589742
332102736
-264086904
-335228916
124845952
-25703642
-28437981
-22072932
87766092
-351774080
200605020
-195557025
-16583160
-307661400
-14527995
-6057840
444376209
24865584
585896328
73367415
-166994660
-840274738
169407936
-81404904
-3020234
257776842
-56206624
126706365
-75288114
-392093510
-249425
192352754
-344141574
40487416
-389308100
74428910
-311511264
-176215223
-5482512
1199826
-509385687
-702994626
9607696
59093880
225840570
30399802
-24217722
207021710
-57742268
75602296
-450675475
-119850108
-768329380
52755988
-514724560
-59642946
187397364
-17869302
-454710240
-297553440
-259718808
406548640
730210503
-143925243
-154527256
-801154645
-25132287
-548023860
-16837557
-167758980
176854392
-223712832
-298652562
-192473760
78671055
-327504837
371041927
-191019643
517627110
-31213950
-168328706
-679471046
-225619846
-70329102
87473370
-195750143
-29251188
-684762573
36533100
-582849400
614851836
-153540770
195911248
-615091949
174291920
666484520
313629120
59760480
-57593946
123158916
1918488
488393206
-21732100
4663666
743368006
556975412
-802864
-37636821
562089422
-450908220
-592116385
363622688
47856816
58689048
-378756805
13343660
90788355
-358807484
-246039945
-3258295
46907471
40379688
-379905000
-209846343
-173528214
-31372000
64644860
-417185865
101473380
39616866
189629153
158424332
166569636
-130875724
67575552
-178076721
-189655560
370970280
-15094551
-97295200
306618624
-768125864
-91265104
314278888
-281980020
-714036310
273585752
428819520
4031618
-570693794
120723642
-417262624
185812424
-21890966
-1047212608
-9709925
494830488
-102064585
240460200
-484811816
46467434
20605018
-202269711
-151212124
610999820
655354896
18036735
25322008
102423685
-91899759
-557236912
150473601
114500224
-194290688
-622992702
-40789956
111714486
87214536
169823400
394395694
-134680611
141326460
-520080000
-347688052
-50488979
-169819866
-42016050
-172431180
-43318800
-3229325
35666016
158393250
551812338
657381924
-208090944
-403619304
-290236215
424707032
585864852
490064000
600740373
460962838
560384065
-10949050
525665803
-297514646
450995776
-66018813
33105676
-771019242
17055414
-340698575
-34524586
36489705
183160770
268577154
-277568537
-218307375
604917220
343628772
21637495
195769228
-67429366
251794980
-72486471
-132864762
-45338450
-270037880
-415239690
-133619228
771588180
-10340924
488148535
339928596
-232966224
-381905524
428007000
144002169
-339940816
-503990172
537038902
-117848465
-172793948
-383279310
-252508674
124878600
84728056
-505374118
4475078
22467024
40682343
81035556
-578383351
-67363520
91231434
592194835
-763560987
69183333
-275499705
-68868800
-55761088
586909284
-509845672
-739564685
4217612
362205270
-669806316
-177474594
141102348
-527302980
261343428
-45494030
75612750
170911643
50920067
483979162
-382683470
-31914645
304930457
41701247
141722700
89549111
134565888
-723560889
369666432
30634776
556095610
-751176552
33910756
-146809500
-108363656
-175089736
-182658825
222594736
-4970384
-25825735
204983616
546956898
-212753997
160273488
655309035
188390400
631126428
649223484
732514035
218547954
66533649
-418012856
-518600736
-7622651
-205728122
-16320340
-62824500
-73673717
-132330488
74275125
-64836261
-58337552
32020428
-436587800
-579508842
-63348558
64882610
42912250
-162075963
-429407220
-103502763
-204780540
-770972576
-491772600
686732256
115285440
128915535
138007350
15007923
449202096
-779832010
380854879
35488640
40623360
-189902529
-194214048
135796500
115603150
398642196
30003312
695153277
-167489964
-168241990
-529008374
297073156
183492450
425143461
32812260
294414705
550490514
-398845566
643270122
-392791368
546984075
-25054736
637641102
247934596
-39119289
-147778814
313716681
-16313220
-372719704
-423968000
310675435
-203251664
-873768280
-159370168
-42421680
-702799568
69034500
-52277349
44115488
380456147
656243790
6735344
-21379299
-37235682
524173100
582355818
438708404
279850746
43926822
-66623322
116667144
247327268
744912021
-494946870
-33214454
539013951
495708192
-72580744
498586965
144217681
4318059
-31823796
-238279140
-210081560
-9234760
-615737274
-66510008
-102202190
-150807509
-341516868
-6711668
571230164
472724865
-266514675
296741538
332620335
-160026960
-467828676
293957664
-13923438
54724176
-45400500
-8617257
-359706200
-36323630
-226042798
-112728000
-324194802
-319094532
111614266
-31266872
-441151146
-699405840
-390225990
35659384
-444353260
107970654
-37708510
163405151
103621128
-472684240
-385049517
718888318
-320263356
9831265
-120312069
46381729
318370512
-96846441
561376725
808127034
194927622
331647526
19281837
-133878024
-541524798
187252074
295059105
148456340
203366070
274500920
390769498
106829870
-439214655
318294391
176891852
-154106961
-43067450
-34829787
-26573176
516801408
-64929800
-7531918
-132561397
42221079
-79917015
181937986
45792135
295444800
14300871
285053904
-79389285
114566151
455692442
-639336204
144944712
343612738
-106229550
-16317248
52760480
-34579386
492557604
878707726
-159278710
-56119032
543633831
157727952
32030922
-5202288
295299290
22753920
70637136
-27474165
230401755
-405424448
-682888008
-319765140
-174683586
503145762
101461140
-67940685
-138334052
118144005
288548320
1358601
-105724773
-57655680
33976767
-35178844
-82267955
-124015624
-102579895
62684802
147742110
-352424928
-145850226
100877805
-33287208
-290009216
-121886130
-537884317
134616675
-421545549
328042980
-463237145
179489035
96408048
-762480108
13617640
274429008
818599630
321442737
-211354081
874172600
-875582928
222946374
-168500952
198027617
481331018
-382542654
46926315
2407200
442678896
-245553832
24584309
-52462340
23169359
224775880
162036252
588516810
-133161432
-273675310
34997976
-56244000
-332948160
-243118661
-462457376
2571352
-281424886
-606115136
79397676
-440969984
78472736
-895834215
-728888160
72919440
-262462560
145427419
39122407
-25885244
-345468390
-107712764
-237799884
548676030
836288989
-44674034
30759651
54654600
-10455718
-269809052
18628510
205412040
-790010058
-75281459
62630568
-118065960
299600208
-46589904
381445456
15889280
-265071240
-302270232
-1277250
-324245916
159203961
-572220290
-1864990
156945606
-587261737
89373975
-582244080
236673679
-414198
154989450
-297873530
-128780784
478344108
-153396093
325355776
27436266
618682573
89427200
-699117328
7916497
-151173484
-109552160
-800291592
-874148100
696830040
53693280
149512682
344520465
159724952
-761420760
-840886088
-911260980
538370280
-156149376
154997600
64913256
145048488
-896621505
414075514
187419766
907613748
819101343
-315427697
864176880
249630218
281123949
