1000
-25418136
-199753385
-52519244
34445830
227622927
402930524
-12292110
20717271
-468520605
-14773896
252399700
-59622486
16288750
-573750
218555433
-20352204
59445944
46290878
-86402313
603520665
23829325
38846091
41131938
-78435742
-176546175
-712312458
-58090665
-224123162
835383108
-125390052
531671105
-119412159
72151128
90981891
484827750
-419718531
-678681990
-41928440
632294795
62803800
-229180812
11172314
176344490
113301949
246726552
504327207
-673502940
578328930
-103449780
388790688
621421668
695090913
-79454025
-130436176
28764398
-217277192
-18307380
-181951396
110680432
-578792197
-33207091
572857196
-522887096
698601123
-434010948
187536996
846112960
613197490
-469360800
727103575
-328379168
244008163
701601264
96766812
-79796992
-132672060
-15048334
-144800736
-132335280
2487356
128100924
695853984
-190273980
342658680
255178374
-470469100
302675940
74059216
-449156524
-719440
-323870400
-300320575
-74209964
240621198
-860040522
3431349
-177844410
-6304428
-485642089
-89181936
-126113208
-387683648
188341875
-376388495
158669656
-300545492
-274850334
-25606768
70680801
-119602866
-420765450
167045590
231097980
18684449
201715605
-205342578
-131151444
205389080
-19005327
302260244
43582865
344763900
-163982206
-5565766
-188645522
57394943
-101553280
-707361444
-90503608
605919058
674553979
151941411
125949184
-101104542
237096548
17848250
332377632
323203986
-322492355
113295024
-66569008
-581457058
29865822
156815052
-62736240
17541405
-766027503
387314136
-519553488
-368809108
-409505940
541513090
559985700
290471350
266293833
624192546
232858205
469887880
-159157792
176184756
634533337
58190996
-68350912
282614228
70541514
-518387177
633853024
-366631616
-143584768
-229648652
-557922267
30724615
-391228436
80698780
-475656868
-732526396
-766283685
-19115658
55230584
-363199053
-705640156
418695501
43820270
411439028
543934872
590266940
343551456
160926072
41678415
-224418288
-184861710
-151982064
346801728
138255980
84586272
-281819754
60377600
471748960
10263680
-24248466
-56264928
454101878
-347351750
-203651280
-311136210
-462300008
-324827531
-14589528
-167180544
-78085876
-548101288
116106114
-222052070
154909104
-438653025
325822397
-725094251
14043414
702863098
-98488728
175482945
159799176
-78203510
701455608
57851000
-36671130
652720225
362465904
-285102288
-73205881
417727908
24634995
-266543550
115373775
310934715
-128535148
-369944706
763862010
-223618680
1813799
-618692907
-115770534
529906015
667993508
47045570
206576622
306541161
45691140
-473066778
-166146135
214178070
260719938
644241390
328379280
242691836
-118080112
-119797281
-107025941
-10191188
-87807656
-185445729
68328171
273784060
1416312
22213153
43046064
170599934
168302855
-672416368
191924884
863119988
649418028
-119285260
437531192
-78507895
-466120605
-373239420
-24825060
350691450
427935898
-33885072
-1862760
103986708
5114208
-11555248
621319608
-64534584
401189436
-33458580
-199200800
-225265334
-234353280
-89792060
958726
-255667508
-148514359
263002103
151389306
163941450
540340195
62175564
60171415
-101020216
-218909250
-84816864
-14737572
141124896
388656872
605560800
134508924
94047140
452496508
-313970590
-107343439
-271538610
-447293535
91999647
257038056
140664600
13179270
236010764
-780221250
-235302309
415231472
-344725544
-285841816
-67541058
469719750
138242
145317900
340767014
68633214
-647277484
-57846195
794071488
4748940
6375131
-7758500
31027980
226939666
-221986901
748322536
-147527268
431307340
283592664
101934528
-169575944
216084202
-103599162
-139204124
-20666052
146797900
-268357512
-375161064
384034780
267883994
170158508
-39203619
346669956
-11059722
-74443963
-20445386
331791900
481424615
-398001352
277791304
-43467466
-2405956
168159853
-106326784
93919150
-4291802
-298457256
619427358
-205215540
-47335087
-41218335
-322762752
-480173123
-59869330
-60981140
-184667264
4368036
256147398
-216349694
491534550
-127166435
176003100
-88035060
-32886441
-522844800
-671440016
-545572194
-921334480
-194939094
-101280865
-596375040
552032820
756535346
-70706704
452533105
28348185
222142557
-33520256
-46244520
-192804192
113324392
-393466744
340650145
-31077519
-71231605
-109491459
-240668340
-512415344
-271243175
-106412832
-117323199
-194145424
-242645340
-239414058
3651864
255683133
-180992064
-151307325
67880406
-94723976
-380915678
-319702649
-375770304
529869332
201842445
-845379576
-680994124
582626462
123664016
-62686376
557542440
-52028500
5476260
297756243
19806768
200012848
-478376838
865768064
-81717559
-11079795
-222448136
-131808832
-35735337
-158742960
-622789327
-3289512
-287690400
-119349696
3793200
-615146950
-71048250
800692955
-347869896
-279162968
-61539170
-234424883
16920916
-392435362
293526640
538751850
-486776000
-457527718
50865171
-279384640
-6823517
597984985
318181140
-19637836
35945455
-167808904
481253811
131194430
-257935580
192618675
-121242330
-133599333
78099912
-30309738
-536549580
-944907376
580614150
41403964
-590375250
-127742590
-319432464
-50724335
383318515
-356563050
64938930
18922173
-155084176
-453902476
-23461194
163161822
-150817065
-137040404
-127943584
-90510750
557961072
894674556
99053500
-489839512
1367820
-328095444
-287498500
108261519
-303917053
-351534296
-208796000
-505001673
-32155560
166423305
365069250
-35081565
-376376704
-381979497
-799953690
957600
-647554410
-70457994
290949120
-426112164
228980763
339832206
600933174
81393732
-167336718
-29023128
32932000
-550027260
-17134152
624560560
-295873176
52937829
253975986
835205124
-76165275
-729988122
-99351785
-258593970
-264219484
-423277440
338615040
84481765
90055320
-463829706
-191982465
-199787152
368094852
565976376
421742720
-12471084
254922555
-805565607
-221155172
31723442
175591248
14826603
34484768
111332400
-695238630
38722860
353786202
-67113385
28019676
-405119268
-514654048
-233731576
32402408
-73334300
-105056280
622393130
666948828
-820490216
-347453153
680378
103301601
-601836768
-21516993
34103820
7162892
213487560
600127425
-681172050
-134193371
-229634912
134532528
907758
31905076
635773130
383099264
-206923764
-149001504
515870132
-629231928
55924499
-515997732
875382582
-279447246
-685370432
240346918
378999632
-83684160
461365718
554831628
-16407465
221458640
14873778
72031212
-26102580
-204228325
286147591
-308908206
247909962
437612784
551879388
814426966
-132970904
-152873600
-159743228
-75039444
77183370
-224852830
692971440
523476213
-349698741
-906412050
520791804
123934452
324324348
-562215228
356433480
-821430717
-284846700
-246267972
886508975
-132488179
-476214110
-440648912
-271193175
-187570362
63176370
-76359520
209060314
-33010600
-431487130
239627696
-444245692
154195812
402836434
77210323
-268145325
-184068968
-39615764
-355727280
325952872
150511460
85636436
48763528
965584
7095264
-254580480
97780903
-12822212
635646878
13468800
-388448484
-23691096
623794058
-82579453
-234100827
55774932
348406863
500898834
-74737566
-262593788
-106054128
-66368190
-138489672
149735040
-142517276
369239600
-847899116
-26269488
155273929
-560304766
9392721
-184293184
699288615
-446093437
-242878916
-68102862
-535445865
218867172
120756983
-545510943
-117290268
46421660
23317876
201385308
115083720
-166555188
-893421600
268778380
-112815791
-797147001
-73596703
426341944
369549506
1005568806
309745010
286200702
-341389233
-282282390
492623560
-206617286
661287435
-69289752
-331173765
307791360
16056993
6895285
-195121696
-154241280
483356496
942621160
-114444918
-313098481
-267202936
27440125
-108415600
21793932
-99648640
-597526315
3996720
542972274
588342865
-297958688
-20999944
815809324
175428256
723100020
-21529536
-202382280
78276816
-788629604
635289031
-52363278
221497269
-86603805
-112223664
-59568073
95991324
-196655680
702744575
-328499756
-11836734
240347930
-117253224
508888035
51874023
180390042
-3148946
-15063040
-26771296
163538598
162621660
592977720
-352739744
407136218
-302247560
789572589
-487413612
-45061520
49035500
13890430
286902888
272009520
34311606
77845248
-496865664
596848650
-24205302
-142139909
-416715
17625084
7756398
81899438
13507000
-254670300
256327855
-170297281
41970116
16562196
46067994
191419296
116279490
339287364
-505469913
-282144870
-19408888
627763180
106698184
-419987665
-142715371
42794908
65904702
-827687982
207568776
293651104
-128031392
-114279885
-298313244
15445204
-29807428
-22331862
-496937637
-631628280
146092281
-48340346
211754838
-678569178
38917620
-785268704
69434712
-789967711
216460160
-774521592
-329482061
-933276644
-368936550
-194388240
-7765632
-832120470
-714753336
528844037
-2474800
386817081
149474538
-457059880
375637049
-72318690
-219921568
-180153974
269690616
-133279365
41286336
-491334870
89601204
512923000
369317520
-416481328
-782905
-275048750
-121457565
-1061879970
97054300
202502643
560439660
307937420
33654654
-217993240
456851264
514109952
-286649955
-206315813
-68781762
322233473
373570029
-24242865
-58160740
-9382662
91154302
-40755690
199420045
-6777571
831515360
-133144747
124262880
774387351
-70955272
5049576
620627412
-53493032
489275600
-344516130
-11928114
-141613890
46549698
-6417953
-10545035
279372704
-437588107
758500352
287022678
-222352020
-4576755
-166084677
158025280
-427899584
334431342
21355560
10219635
541654389
40849632
-317089412
-726322208
-28048521
-576585735
738706020
-57080730
271355344
126447073
-261716414
343388496
453493404
-637565400
311905167
328760025
471916800
-391541949
-229989600
539314909
111182734
-10325505
-300837600
-197421576
-61857000
-231480030
-17057426
-179267664
117608502
-287870265
-212111911
-187267564
-135051312
-191921109
-80413341
-590366480
-219519500
335841221
-164812911
-326709580
81767824
773617422
-180672456
-766038168
-491701028
142391320
45254202
165538188
-52049890
348333588
289127362
-512121824
-135661225
-109200099
-151951950
-522971314
308415374
-590349060
335063808
399366450
372416391
-85535788
101406558
14645774
259249760
210647476
-3662429
159820996
-642775408
479603050
-53999424
-687629324
565207934
-744250752
89100081
136071140
-116391084
238243555
458282500
-791388714
-142147332
255423028
462997612
723579743
40060587
-423837227
505914846
15914108
10248539
141246520
-56250576
