1000
986678748
-597429070
-181920974
-410676660
-467262845
105294901
297201420
812250318
-584906760
-9705150
-120148522
1629512
203212044
-130743260
133390518
440897067
-178922965
-74647969
-132941380
143426190
-496700418
-65877856
-12922990
-137552560
-465968664
6715816
-1063492376
83469320
-1012283888
375744759
34536418
677753050
-287126448
-135192974
-398244
3080896
-61632625
-22004532
486548696
175203289
401060184
-840223372
172511860
-591321975
-237360996
-100412064
368266008
-265414154
880530648
267250445
69216592
-178250385
930202464
-165193454
-699401548
146258160
-68027990
359289882
144745380
-204341157
6565713
-831090266
257562240
418382822
263718
62368768
5583490
-155902580
-216460365
313302180
-695039016
134587313
667557612
-88561326
330236426
373418666
632249280
211282428
-14960965
264520440
109449417
22291312
-592790762
80125992
108808916
-4743984
-382353300
382220250
50300444
-447829092
405515133
-136205114
-12747045
-468646440
963581706
-19829026
-8067150
-392910771
307411470
513560884
524558916
221740512
-342187860
15048264
47460825
13379520
175084499
274173330
-228737293
-932863036
-77052967
765392390
-1076890
-25824120
807117900
-312502000
-391009140
546172928
60099092
-645050944
268759485
88573157
-33100369
145768149
196991552
-119756208
190662796
-76911842
259623360
-371567952
641447091
-91450648
-447265560
389788500
-293306724
-321525666
-1168728
46057187
33018518
-524794148
-397448310
-147267093
-410374526
-74839590
713865654
339922616
-214326552
-107561910
-404753970
333119080
-476526852
237522430
426310233
9062411
-316968300
212796230
406795950
496480740
20151400
-63276480
2901794
-213816028
-29845032
186284776
200763480
-297222130
-213746940
-498077916
-20093748
782031384
61394788
-426306850
-630058000
109763577
19310447
-190655073
-24272820
-340087200
182027424
22813608
-317923098
24722123
262397049
-662817987
-104355273
-145148552
-12318262
-221423302
78937092
671811777
391650012
-46793432
183009275
501904646
-306002577
107801190
-313261037
54131912
-319791850
101288330
-215784426
-111671968
-150640672
182791236
-211055460
63028394
434942229
498187496
-208567560
452930720
8164575
-54675124
382147964
827168179
-935912465
131050125
-40579047
312664950
-436383450
-1239408
297239488
-83992356
-870753114
-405041040
-158637856
-155715046
165197932
-410674788
-595232
31945944
-106670256
21851046
46010460
131760837
-64131834
121637200
-635602650
-138057640
-460893290
245146459
-85116388
303797672
778457655
-101551428
-495424370
-111118392
-89442355
-31812908
-371673882
-31476265
-396126333
111422395
-56870200
-366805842
-103455170
728750736
-310332232
-61423295
567828430
-300218760
-247469760
462868938
47596860
-596803620
103693874
14767060
-52984046
11440446
677389449
688874130
493171380
-289840402
-234628385
309936236
-119833824
292193188
246786527
132616422
44894720
10326943
948465425
204733620
18221280
-232704041
70658736
1738240
271187120
-179975100
360111528
236572600
28984924
374499184
-267363778
251840295
167575455
-81073850
94751250
-130829520
-648573445
-180957276
-6181461
336309028
-742091310
-116125152
163807104
58768956
-16878386
49056912
-40688910
-97579165
219169920
31566920
412989382
996222393
49782900
-180856704
-717461580
-77166375
343668864
241193754
-145532776
-170671445
413619668
89073672
361806320
-533336292
-249882790
-168187118
-78260658
573634880
-337138632
-318420585
-294066395
102496338
50855676
55327930
-64411620
804951352
-178858812
-342151794
-154586635
-723161641
534815170
-761972521
-111895960
210759268
-129730035
508780889
-52611630
216784752
-88517420
35506616
-162374112
-95222855
57418836
-36781670
-106199080
562468742
652239996
-359438970
-363480084
-316314090
79654866
-848825460
-12407161
-9559882
-641694580
-102366824
643588396
-345389600
-62614188
-7359528
-578181386
750722700
20372641
464349856
363277404
11417497
146883933
-10136256
-15086838
356352125
61504995
-553764466
-89331898
-417178774
-275072476
-21288744
447546379
280472400
21162071
54923418
381810429
54816645
363584746
-280633515
-336973575
-502918409
-12134710
179297605
-516568466
-669379284
-98864402
297341980
50658944
-2436624
-578569602
-35126294
147185190
29414882
139063050
227895081
-26629512
4745344
115682860
17174522
-350446176
726654753
172746560
-601542304
33008975
122921868
-239905893
-269570646
-266004408
83257516
-525920040
-283060286
-238575792
5900704
-628249146
-173995668
16162944
-319621659
82604304
58902582
202557240
153440508
-498804702
-163647627
24719333
-160691715
-255813610
-273987644
93416616
-184558308
38205030
-646580526
-489270330
-412407386
-415168536
291622560
-197428465
-368787991
-256429768
120741390
-594970560
225900168
122973120
-249507294
163760520
-886073922
-445103216
337735607
-336761643
-147488586
126235338
429260416
-4613602
327877824
1032157890
8087079
-313735585
-179406318
-53368650
894245300
-1662348
313464321
158784048
-317304448
-845408828
-226619928
142643928
296853695
881713378
275209824
-96870404
-74014623
-64545460
-397203384
253694160
-112684272
-73690448
394626548
-347438972
-67080559
777971153
-257282480
-242593190
863715162
-82331398
485536233
-78698736
640120572
-222304340
-572722440
99364204
-46946088
104415056
743546733
456702399
-156838600
-319754080
350896280
102225300
508872000
472942701
-189097440
-447006720
83514675
-750632448
273423660
-87546624
-12981790
458075710
205001524
-51440224
243281762
-781807085
245532012
-228625632
84378996
-10280916
-18969432
447476712
174504330
74250440
888084900
65645469
-11279844
-665148120
468495324
-244001770
-277322955
-83681843
-15149043
-116507538
104690496
-322206444
-305795250
-105579188
-10908888
-92054952
-263039875
-59123792
537060368
59491062
3828595
1936255
-505989375
545915128
-464605797
-606406500
53791026
89079825
30267594
234997498
151266088
-62122977
-35449520
74893154
364849036
-615642852
191132416
-23634156
362549616
-77871045
-64826970
-88726370
39922715
63448296
-190856838
-679058720
-452955048
-1060918800
512925192
9377793
136534256
290422866
-102636918
481770528
-8882940
-14611785
230899155
390102804
42641250
-49265044
379725550
-15543813
-25401366
-416769990
-466872156
-646503040
-344515798
-336049984
-43022707
24346805
326971392
-354123192
-40285460
848727150
251103515
2428957
1655808
11982992
82701281
30420930
-874094528
109485814
411918318
39879378
407522545
-42485520
697446747
760391268
-404574240
170821368
161075000
-61652599
517979136
-233023920
-113097710
34604700
-526711668
-844058009
-516939500
571849824
-17671428
-287315676
5023932
-25252344
405190684
-126728784
-414880732
-39621432
-72116191
-3214043
-11728857
28543474
-37213176
559485168
-362938653
-637484
587887605
405058572
-866559564
-517984762
-81238223
-41612050
333133355
38255008
1210320
-264639587
-16007600
-276350264
16198785
350637985
667425960
65436880
585203520
7137570
48650560
114736880
-78520484
-283416014
-103562472
-20272522
-114145280
58064875
786528327
-8500098
72558093
-451539312
-17286381
60582432
246092170
269425976
260004465
10373942
846606384
-507946635
-416421373
216872315
-36164700
-318725054
-950722331
-22816129
241284984
-26901000
38629230
-76527249
-549561852
217009080
162265719
-165701397
-34892220
622755068
-381967525
326752478
-174367844
-5867025
647005520
-177116206
482822808
-7153104
310877640
-392343453
387125912
-231578838
28284945
203755848
-666874195
-205077540
-151887008
-177948159
678123864
-542275520
-8138240
126027342
294012096
49892823
-116330700
-405644302
-66818020
-259296618
247518882
-262730678
-129273300
293792504
-73839480
-527892249
87664
56163800
-81969048
-23130695
-310188360
105730812
-156920070
837857055
-20261574
-207905880
245074035
222215644
-74496904
-395751685
-443867740
-106979400
122940614
-762187375
-32864370
-56920556
571237784
-513184636
-510181380
-4271736
317865600
-686951472
407102768
314687376
106631910
-105726250
577974093
108459420
-34062144
232956026
8806824
-136456875
45853360
80580123
-300753288
626332850
529738146
-299418770
110785944
-22902681
-67305658
-120592316
12477568
-460577605
113952150
91389330
-668294304
829789836
0
-247902210
-124014110
-204683672
40686976
-462112665
191365137
-222417789
550078386
781733934
180438644
-9156588
248900508
-359148452
-63756615
-154363125
-444044400
326435016
65084038
67631440
56871477
-89680929
-255913812
-47996455
77983872
63122660
351502587
453159
-566561380
-511800120
142176000
48489381
-138531032
483097153
145908028
-289145034
10271401
-8784576
125028225
156175785
253658328
-56466342
-11085356
342234684
13469500
-15113898
-11611688
-107614926
-218455400
-52229205
-421596784
-71399117
613447680
-24323056
-365720392
11845328
126856218
-193532256
-437530366
278419625
237030160
355004363
-354421548
699033540
481587948
623292676
87350400
-536001560
97229574
-563765355
-228198684
-129954048
-63231546
291777084
-610795360
416498183
390331680
-423247990
533942340
990787995
385639560
-460129299
96472644
118350000
-379564504
-100131452
113474042
-759605585
837552680
396515655
25119640
16871004
-230203743
-512004537
302495954
103434266
772076226
374610000
110060934
114582662
-128364675
195064909
-506852080
353175570
573002694
899513745
174497802
-586275495
-73252782
21605100
-100883400
-870725559
-450074100
732495153
-98678866
-227916514
43949097
209782725
-18322128
-290153500
337588884
-305968005
173451432
-348686964
-299773860
-724832900
29281196
-32903052
574742119
-60527272
21510432
409435784
121719771
72335952
294635484
167862383
190389020
-299865258
-7056
-282294792
255534440
259980912
3811776
-202279392
-154900032
632182929
632014370
579885405
80553330
-42015750
362729031
906273934
-72207431
-139095450
-241706400
-226044081
454925132
44893810
-132195411
33650922
228503660
-337111443
349256860
-79639355
827835586
-312046443
8447560
-359522562
684528010
317035
337641254
572274444
-401096568
-448470054
-189711893
18329706
-9975230
-396931140
-8385382
162707952
-444340056
180982552
-57168790
-60002855
-700479936
142125984
331025265
-4616208
300876540
14602900
-751800192
-281667228
411516310
22104641
592293614
-182934238
65883174
403492145
-144755507
-326793390
-39507848
1541788
-194058657
-359811374
-146232684
137770080
244236476
