1000
524273868
124305230
165419423
689500614
707466120
-113947200
656593356
186248439
-213877485
69305668
-289776132
776180394
105654246
-786313711
442158383
-160526002
-36440080
129623100
141606808
65748070
47016060
28923696
211123440
-4623464
348267753
-604108725
284091200
-280933978
-299499301
200819430
-4483080
84805280
-64595934
-14736483
-210191017
382498740
788848291
59046510
640235617
119424648
608142858
54141037
424915007
343487585
-648556116
62981328
-104600028
-16483263
-254285295
-626699269
29012852
-88361166
198022494
-3385256
-15971534
-156511705
-114905358
756402322
139115970
112987836
-273966616
88770668
-2314170
137315880
-506576172
19589625
320237082
149527924
-178904942
-719416530
-351245216
-586118130
-78133700
82687903
46770962
-96867792
-473496456
286236528
-378107604
-30626816
24779375
-186115983
-97170186
-213162045
-175262346
153844993
-351760221
-233813846
388122002
-365366094
128593780
-455431795
316792
41211264
536799900
-83322916
-614475700
-690682320
-96132092
6710116
42163776
-796938744
-188611584
-303712395
274419162
90836200
-585048
-240740484
-35909564
106901510
871265052
188617674
-218893248
373016852
-449112612
64385000
436075300
148121972
107492469
32938048
383623676
-45023420
123134480
65817840
112488474
-9022515
386678772
17229024
52070424
347998656
-32953560
-271174205
-527172062
-476129914
-4900874
-635839140
-178430516
247304772
-87598212
809438376
185407125
16027965
522117960
146563392
33020384
-298331680
-54819159
-111612234
-11643024
210138360
136930823
326372672
-631968456
-211472026
-217127968
-167382950
-4933592
92580554
-111852468
-72028613
734730
-51383750
700802956
-70531990
98249557
-669465
-955743018
-197370557
344900121
-268659433
-2857428
-76739236
-189145399
572765139
-377730724
-108422649
-92505663
-779391248
-62471836
-513737469
-518160064
74735064
50735958
720785760
232732116
132553536
-210201692
93889252
-303489504
-702142126
14478464
-52268876
428944860
-287581606
277309151
297766196
254802912
482621928
-998162
-1665846
43227648
144846528
796009050
757058800
11710073
796333314
-187839418
-372665640
305735405
-9582808
-13045416
56723652
-385079552
-383252256
-147856463
86248379
22610016
487194374
-169259046
-186446000
-308531058
-180048
-132934534
-174632022
-707498400
-56858256
-1729728
246614030
25645680
-700561324
-212781035
-387517428
27101624
-26776321
233678430
-181680408
-340856960
250641600
152698896
101151230
-615870398
544881884
81326700
43396560
-159102405
-446392095
-138982085
-36299880
-70568619
559613061
-27661890
-276003804
13810020
-539275100
19203945
-18910031
-278989128
137280286
618019005
-616410084
16505256
-413121020
232326303
-180118078
-19821358
220447108
-19920988
-308420596
-36479938
-268185789
344298972
38818059
104972913
-168648840
186335353
11680890
169577880
-330620175
75607362
-105467448
-3637320
-49269353
-28937152
204332848
-8214505
688010589
816930499
-16629299
-154274560
90705080
32069373
-264500152
-112038348
-25997257
487076597
-569537150
-64922023
25057200
-8523732
271640981
-167628992
-233117840
480863264
-68826212
60859810
-111849246
78996691
-82138376
62263642
-55941336
-1841564
-23721880
-455850936
381565470
118911562
40012216
199840518
-639073470
-147727596
88166113
1047663708
6302086
-9709008
326430558
519357919
-69729891
-16722288
-567908835
-487261979
-647362584
-683997134
54764402
-279055426
-71458932
-332572095
-1034064
23835392
-416024610
339258605
-310754930
82290960
278758648
763209366
-91556180
693921960
169854500
514970512
-434297440
-300423110
-427309026
-90673884
-34244556
170306560
-327563700
-47136850
-120006112
-183158603
51672590
724442160
111065944
-89589402
8523763
-21741909
-382563413
32454780
325688060
552772770
476862352
-596228952
375619590
26677437
-489460410
-309521317
-60627505
-242637969
336805032
-408223629
-482260964
-177901088
-101656478
-168575706
-46119568
-390156320
1042634574
-588731396
171854694
65728999
198246518
-6837264
322683102
222059052
-480692793
-246181182
151712076
-145484874
-19248384
-250092687
809338431
-8025708
160376520
-208707972
50059656
-536144508
-603952202
-156073272
-417586634
10992228
446847830
424633617
779766498
151737990
499931820
-248559922
-418097988
-482505289
3259260
462237342
156257400
-605818213
-516715384
-232407968
-33829258
-88080278
211722385
-490837248
117282384
308570024
675703524
47588576
-9343932
922825975
89195542
2130900
278654011
-456287625
-773359974
-136305864
-28983384
260007678
164064516
203824572
-323358528
95358052
606208286
80538101
455347914
362651985
-20956520
927706080
-447541460
-545194548
614222595
-582750
14757968
-16537100
238376412
383617577
-367579242
-30046446
465440172
19709400
-373026985
40893741
371119946
-49994674
-84447006
143012670
-294912654
-363115056
-18903261
94930308
104460376
3052445
-472577172
12636843
79282945
-305081094
280229190
233732914
-245226184
117143796
564309102
-142719060
-505396320
399183459
265946200
-178984650
-19702713
722213032
774062240
768334376
346769760
41629870
16114293
405346032
529631445
-633228387
824393133
-346933716
-762579468
489650938
383601784
289175993
398840400
342614256
320629435
166379792
31130860
791065734
-511695720
-299764582
128126620
-206703520
-595737136
540522108
618280560
-65267631
805752852
-131827640
-54081612
-112373710
66466176
-103128276
27584960
75697170
-18323192
-50421888
860465788
-257934093
20166574
-89183974
-43225803
-188695910
403115418
24098206
56682992
-251068256
-123808797
45883552
292118460
-160714440
143832402
2488920
8052352
-17716192
-53977820
-81233529
-62687170
790612189
-354055272
-102378060
398279248
471176640
-403303295
211057528
463274942
198530748
37178250
88078424
216403650
240478065
-120908880
-98288424
-6425694
325684029
-212926120
372968280
72008658
-42113956
-197926742
227906536
241581561
-48027744
75833180
-93479564
-305004259
120995796
95003055
-544183365
883059760
-393417099
-287494155
125190538
215607565
675899897
28294986
559266552
253418400
-209231250
63862194
472988960
-255045728
2019714
735580054
-1414728
-400923712
11223684
43936140
-51624031
-7403465
-17931136
-658853264
668744480
133842888
-566433984
-574694729
97165518
-494815412
-187175680
-122609340
-150938620
-184477824
-11844441
246318372
95000316
22174695
-355974632
-141105810
395845003
222270278
21726736
-65983527
454835080
125000172
-23766645
-558706052
-551388097
120515856
29364984
12082756
-771070453
382841856
297788352
170166090
-39601618
404454735
-171680509
-741145152
237712525
-26374466
-216057290
-235857150
461339252
-195104420
-11876880
-165864240
-577232280
122013522
-501316083
105197190
-466326228
445723214
385743168
-467368726
-342924480
-803593482
175336
-46410144
-8219925
147658917
118248903
756092540
141065568
-25397865
114674700
51764966
-342684000
587923380
20795080
-61253823
20076032
-94067053
183436687
135293613
7517825
44440704
278044800
198000747
354017279
-560801850
-298355688
2907438
276119646
395076363
-527820326
-152919360
610343908
-130794314
3539270
396402337
-47900260
146828091
-273389132
-15021648
-638650116
-234337180
-2831240
345225540
3458268
196325261
51126985
-407982912
806756179
15279872
-249115080
-610555752
-681605905
387087000
-343003872
147666010
-549644
279978804
-168645579
799146546
-489394920
43547520
50451984
400324
-7550560
367445054
-576924282
-127745730
110058064
-637425243
350587625
-182166678
-404671400
250347528
205262200
-109026281
48343340
22312158
280519744
334034816
86694114
-969867342
-454775340
45615318
-212538834
-213045508
181321966
187925640
116475906
-72266128
-101981540
72357183
486711274
-448331794
549820080
227708460
690294985
545410914
508517900
-603149015
162000210
74560
-154354095
507292760
1001021837
56548891
233621895
176399300
254694366
-25883136
-440427416
238507563
55012395
47306400
829815174
692482126
-193897162
-874534752
-35304564
-39310568
632898788
856572200
-300905504
164723259
-522992988
-14733312
-234498951
-860741875
-174132084
-7546745
-104472790
-14009010
-360947508
311010408
-125175952
524052400
27003360
-823381380
28881567
396164625
211820493
-461520
-55355400
-52568379
396414732
-30503871
-111915666
-27658521
249018126
320801040
-213342479
43759540
527663975
-399383550
7704122
-90115150
25828524
-368752098
107394254
189043232
-64994085
-112404942
-956992
129741000
-524485167
-38896524
745927280
145119480
-229137114
-413311410
-12423136
146622000
904533538
-143077648
-97350990
254915480
-682041558
-196095900
-74604600
328399260
358159863
783094470
-70097783
-399578964
689820838
40941446
-25204608
-228503118
118197624
283361184
-84825546
-21010395
326904996
374701085
-801409752
1801544
-453771058
320690475
-227722803
93729510
-73450268
329679360
-95796864
-166906659
-135258266
240906636
63360285
190144948
7474543
-266997836
439031824
976921649
-436487580
51584800
-362670
-204497592
236426368
516452520
348039648
-169024310
94276224
528992894
-127413000
-902518848
43380190
-404187039
-76155754
247325346
-37634624
27192798
-64235442
16003760
101266289
-140993536
62199917
496888997
304402450
-103987152
-615390208
-89148457
-92930235
-458955760
28135133
105820205
-103337016
75111264
790126526
239609880
373245675
-305757544
126607536
248233040
-261661698
-147316600
-223500744
-454977
561145570
30851796
614324802
435722430
-3042695
-187704700
559669110
258455556
236435028
601870613
-171269728
420604758
-380348010
-56333342
584170160
-21627060
248012790
282313280
55177422
-178555905
-200980125
48853385
-243026190
-486099768
-624770444
353932126
53385088
-916522614
-111844068
117218155
-219610690
688983680
-610694689
71458413
0
-581152760
-368886660
816398457
-410927880
-3599190
-950320
47352956
-278095752
-290107323
2106986
519765840
-44611592
-61336992
-265816
52973690
-606972245
207665690
37746972
501371856
758055375
397465020
-159825744
-288154425
110729430
-667594254
918480672
-857093952
-16961783
-390229356
-310973432
49911236
-127842960
-27496252
-16063673
-221232708
419267092
-350464576
-253813710
34273960
-709471440
168211120
413454400
-96645000
-82016924
-49115750
-151214342
-149343432
718646178
-2619583
-25954398
179312800
-475972760
442544685
588761451
-43857576
