1000
-2817061
-2493855
86797767
404368839
77556465
-819401000
34677114
38369814
255008892
-429836316
228002663
642571424
147833874
-254740200
3673500
298312398
-198042537
167466312
-278770845
-360932496
35512290
-368034099
66324050
-9020124
-140618830
325689485
361387089
-15000712
-43794756
23653632
162808236
137723083
158714448
178375
-79377185
-148640352
-111476168
186264208
66193578
-692221197
2659680
-493979148
206995085
-898454754
-493717812
-316020198
-9361860
74620120
674309055
-28471860
141081912
-320185080
56505397
152462816
-403362661
-46858096
-378097281
-433237728
-281515122
20610440
-65728476
19137260
-80367323
89632296
206409665
62883546
-71692881
114702462
223094008
-339382836
-151575618
677574685
-20300346
-380204668
575861958
192120383
-11185720
-520330998
-9163270
-47437169
-70382871
-219819936
6482439
-9818095
-458812957
551475725
281054880
-738391680
29200468
152149140
-6949547
-112272726
4439820
-410384317
-868917000
417674556
-88149435
535562293
-362737914
-84452490
63536319
-265782088
373864650
-555345099
25609785
540657324
-719751424
-282375728
-578053602
502154136
7858878
-196471296
-190541440
96577677
-268187553
-97776720
-40782546
269855289
-3069180
26284854
107691854
-172900512
-5378864
-264369742
-93780960
-121170057
156232923
216389808
-140296068
-218117130
426069860
-83117710
228172596
741806809
-186021920
77085800
664985830
96320875
18239804
471498807
-242690652
-131950752
550405548
22344130
208018155
-23010071
-8048514
-675079540
-182943219
-488048796
882995633
-249914720
441537760
664297998
124521327
639936678
-290982240
5629474
-6838062
-263213764
-31813600
15179684
-454347084
629826285
437819976
18838980
62866202
-447602478
201176170
-298029356
-25639936
-47431923
447188425
-46393586
242942588
197598898
167327532
-270064298
-443784660
-54595284
497197440
206131750
-599750812
43558821
-122717512
123947584
333464768
-182283073
-270989276
-331596424
2560956
561044880
137738088
69821422
-592429500
-574060032
-512898240
80492712
143399559
297701432
630077720
-227104854
163970253
61148745
-309150636
-4667350
-694458600
-163763400
95972754
-310818074
522630644
105436866
-44775200
-246589035
-174939540
249726312
-392573573
-98302152
-184848060
58454296
-342790166
117541931
201343068
-358446912
20241738
-705840696
-266508000
401887650
580098
-406470400
175267780
-8029280
200534311
-380327055
-228443495
-2279368
253864512
309245190
-15819078
26877264
-111055673
479812284
-208283922
481833669
222799928
-874332590
-195440160
-350707539
-64971963
463802215
-226209270
-118676300
-398840483
387775706
237630624
-291509736
475166817
535280855
134726310
287503404
-99408762
-4258232
23370156
-727320264
-528267685
-30109428
95199273
106949448
427145400
-243615921
60668020
-588327150
-794056448
-13048290
271491496
333113807
-173581912
-91447356
-117892334
710868756
-346845471
457223472
-433101735
-279936483
318149193
149503936
-36368147
134500962
-61713184
563597457
-271865484
-206808580
-149710500
113688864
654357050
175761740
150818480
562420720
-456485337
-969384410
8132586
161772646
-16622522
-43493904
-184141984
-544026777
-105109600
-361639796
-167092562
63372855
-33728034
-95162312
3569815
439068270
233301380
529041491
-350427627
27257126
-224097008
453847810
-662074660
104002932
-525793960
-9188085
-24697430
-133987848
280033096
784682060
484675596
362445508
363707934
13737600
149518440
37849980
132567354
-610265421
13024396
187140330
427556480
-332386992
-329312775
-41524236
-85773240
8667749
-128928925
-17617810
106973550
-603207796
-743041242
164462400
-314803920
-298689048
-321822160
-34942719
63183848
151678231
-228851460
58080155
184010280
-480552561
-840085614
507326463
314281492
92806700
181912871
399151236
-460258115
-27137262
40704030
-44826936
-211997972
938800800
-111931038
-157895836
941365476
-59247308
345454848
-198208140
-69015360
-78091669
295001320
-428024508
84954863
-171512250
212235564
42392122
288327136
511177120
771563502
248788703
-52084890
-59584600
543057380
-68973723
603734706
-34414375
-704629352
-672180210
-49656464
-4584390
203402282
45618547
307906562
-72857750
250677036
-498580700
-101372850
195506542
382761784
-820459695
-453249280
146575159
335171047
-785412576
208550760
217168968
727202628
741638170
-271592850
36142935
176340846
-100691208
198947247
55729856
-67187912
7517550
-695218152
236087460
454233960
55825896
173613780
580722038
541770300
697786880
-337990730
-302383374
-301185120
81038200
78459264
-372581526
197411604
-293879472
-47215920
-310226931
-831562472
-2693016
-294530640
355571174
217611450
-33173130
242783275
-386803978
299122380
-212558436
-847238625
283804911
115552404
206519234
-25286898
378040964
650020181
117850205
117120120
-286521940
-269269686
-277363467
335094057
107701398
197720520
-562859316
-566994
170047970
-260429761
-167336264
-307894741
-240114947
-270059790
516509000
167094603
-641717640
632140300
49135398
205090200
-308040558
-170272512
-173228905
25538544
67210702
-140364080
429227869
-435043521
220900599
984015550
55726440
45595635
410012795
98023887
-282580012
-386014624
-729001908
200898782
559133688
144060324
290752956
-369319747
50281792
-3745292
-720671022
27355200
641820672
-163819064
-95673675
-101519448
-43817410
-843974446
-266961105
-977051168
24848426
215516070
5318100
-288315580
-571833703
-654188522
-295532712
394039488
425944512
27639236
260303628
-298857912
79279200
-135100560
12086230
88258800
148977006
671190675
-585459366
13456366
-300287550
492907452
452087795
136931328
-196227396
121520520
-211288304
56217973
-383796504
-1073478
-60064400
-518085288
515146632
-241845120
-462630112
286815352
-919881626
-369869534
-460870380
886438034
-158093674
-738380546
-46995344
-747169720
-279414378
-271499120
-11745299
473231360
100205226
-9244080
-394758585
-468397104
-386476257
-344326644
195420561
-840461694
-245188872
97779010
-497572436
-290385160
434587068
142966755
-58133920
-24068525
-44620053
-74878870
635783610
242169956
-114476346
56020464
-372550860
-760041088
-238208140
-586213056
-256361769
-201499600
90884601
30767275
42356858
-218457174
-82166058
-646033098
854092606
-2126844
-390268144
143554120
30950793
-571951385
103394970
252493744
-318035088
-407580250
-53659706
244976952
-400374480
91589634
316335720
-127149399
-89158608
55992892
1932502
213750711
853689952
467627088
107693712
204042501
154883448
-147300000
655466106
81220230
-806475908
39306544
217140810
-8946588
389670908
105429852
-503533710
-36552128
21482928
-4226519
-194698839
-78554262
-7013464
-411137338
-29973790
464684544
-541066512
-609061887
-590304498
-248402001
33716106
-427943520
-49889235
-424418940
411213504
-541363098
-120943784
-361514706
42601680
-8172918
190590127
-346094819
407887372
-134924760
196259364
-515964623
-77557040
-293820648
-86597720
-115695360
88168824
241208860
-246587754
-212627073
-403103255
-573252636
750182160
-280764110
-209751828
711513088
-1041287272
-489437920
-33992758
-545289970
-689742993
-71148015
421786008
-157535784
-311960964
94244865
-234270426
-301246066
156664764
300197800
-78745085
250710372
966857584
161899776
-115396840
-446698702
478334855
640098750
40570650
-44973276
130217048
442111072
115692584
-350943680
-196060768
-135406812
32793768
307789407
-8738748
283180200
188565081
-312915435
-673563908
-463558179
422380180
-389683667
-422195456
-177051480
-198103500
291557852
32328504
581847200
-216155502
107288145
298615941
-100867680
334528796
65978848
110172686
110325243
694348624
244374930
-380355900
128097850
-489036104
-208471700
513123255
278251000
547721493
250855655
181514820
-325185120
75771657
90470958
462056392
104862706
196844626
-20048979
67077384
-465746052
-364750613
47217046
-3887793
89480640
334580452
76639530
-271523308
-226385229
104939478
-982127486
169064784
-904287222
92994552
-111823272
216008496
-206825602
554853728
-48761814
53157916
-154530991
210405972
104232120
-532849836
736598852
-77652150
48558704
91463475
110614295
-282631728
3237420
255820680
-22045464
-63894640
-1029716270
484779240
27805896
234397410
-8876160
-837630200
49589124
103216818
-376062201
-793436738
776226482
269107552
-231496508
-306817120
-171725125
560850734
-766595860
-56034836
69849080
-291307984
-15979680
-69576120
-394547417
-4133614
552221352
45275710
-8499610
-1804971
-495577744
-360651765
635634020
57008861
440266196
-96697224
16606518
-102517805
35431362
382382650
-183630160
85525147
646679904
560820684
341994042
224729596
-917154056
1221909
285531772
-545222972
-190780594
15830160
-243770100
-331286000
798785280
-44408907
530144576
36969939
653323124
168895718
-1966614
-54041320
114480405
-212270364
-101293296
-229395845
230641884
736353756
94850602
-673316280
-37674210
-358982352
-19394848
87878986
243354840
31684492
-83869674
187988532
-98685853
12318671
215694108
-132384945
-307971104
235426792
-14442416
73718556
-79228680
-138668631
-272125815
17217387
-154115136
-247844960
-84673120
-64578946
290607810
-98050058
-116094702
3006990
-329073199
410738770
136488146
994467430
440081856
-260280264
126878679
297188255
715568160
-109900560
-155433504
-68284874
137856990
-5054973
-111944910
320754168
-287136695
49458093
55077260
354186187
-81977519
43815872
-166241036
-60302678
509947524
-863838675
-348784592
19724562
114565516
127527237
-933525821
-224006808
-108734920
-239418558
353226879
265447312
453809300
113517568
691554672
293524584
-233551791
620012764
180197360
-21689920
-156374400
21100419
-67136592
316769920
445373311
-692980705
-479663400
-355755905
837686730
-142359896
-585924339
-4414475
-51242672
36420582
-406613466
373010452
824014692
-52762080
46856650
-159255990
-278767737
29379320
54120825
-889963590
59447715
795092181
3888388
-1806228
595160240
-991956420
-626092242
456388845
369164030
-284040702
170084839
-411756714
-187479125
-349025589
759745922
123874024
-71324320
-104839962
-877660224
147857892
-157570965
2800953
-523316168
-376599055
199369328
-331446042
-225794952
-596249120
-23763284
32376344
20969850
-654096300
58508072
374328975
638689152
709958500
311957118
82959680
1727232
224480184
424881586
-83643758
445515002
55026708
-6817068
-44662233
-287727438
-877959276
-201924446
-134660009
-101984100
340812264
