1000
291959360
-110647064
-79789908
97179588
-241557066
-144604500
671842472
105944790
-213382312
-70861322
260666604
163772064
-139742689
-229301994
162869988
-857034216
399072333
-469447632
-42648568
258865875
848411253
-778584240
547354890
-158290524
-218518587
33840040
-63363276
-304823441
-28599816
25036288
554288427
-230813919
-99085950
219538254
-183789895
-121488840
-62596800
-387079056
71857584
46858403
-516366096
-62651760
44757198
-35755692
-646288270
204561059
-498697920
619165844
-19166976
107671788
300676500
-423445530
-127373624
180680500
-45837744
14920100
723411177
-437431331
-6995010
-14247072
46459124
-493078481
82062100
1014225944
682507500
-133892096
776746440
-65489112
-10716761
-412744929
273847252
211491200
-32914197
-713773060
-237601336
78171780
222440330
-803714758
219901200
66416886
-28372424
57076188
285698502
-323897376
115688974
-269872056
201350730
-21738333
20272806
160541406
562219983
-399513348
79400296
702145818
-42730136
-440826800
34644459
398017830
-37334872
-23097460
-297924058
-424457462
307495890
244380864
25610772
-84172321
414652432
-678797625
877685612
-581378954
675842517
462993300
75817165
298964582
-845108780
-180479175
-365474824
-117896127
-17750004
170881914
135133272
402324924
531081184
-20783840
64897722
-273649236
-112566240
243387652
-163784088
-2351756
148482405
49307193
-17263664
24601848
230290302
-476931585
719574933
-199994790
-718479024
224999596
-370162224
-384627494
582874045
336267260
-180603495
-605140065
-629470092
55534710
-125416224
-69936588
-14922182
103964368
334767769
-474967740
-723270745
-596830144
-456869853
-13055754
596482920
43879829
-30277098
464348150
-4853340
327829809
70832640
-191574145
-379356520
-298124022
-307082644
646176627
291461428
-236887622
-197608173
140068292
369648467
-578785592
-171072711
41473656
-498544228
197316378
-93266151
638806180
1008800541
52777296
-221014346
219030710
90620318
-285377330
-29072500
8400344
93274986
358182958
-621553440
21008338
-72566394
503567625
-525612784
-195154752
129010277
924960228
97416626
91577338
121241367
137663326
70447590
-195017460
426670272
-414643374
132766660
501178464
-175021749
109956574
-49853125
-234160640
108652650
-94564848
313115592
84222164
-369892
-86717174
87033935
-58037630
657945322
-221631240
465806950
182803392
783192233
579025876
556909236
-600137793
-210795000
185026994
333055798
106402140
79598754
-1023899607
-784169055
-24773805
120601548
11417315
-9478343
-383682015
-75430980
450694511
632955838
515691792
503408352
662856480
-86682519
-345121344
116131668
-162142245
184636650
-69295598
-375344256
934733376
26255688
-597188652
-133041908
282159736
192764880
588718550
353293017
-22255650
-414486693
229419631
195859352
300038080
-117126405
-633609600
7915320
-118904176
-108206730
407041395
20441359
144364518
392747788
432197995
-430289172
-123257656
-356495040
778830003
192326400
236815845
-266224751
-108743175
-580748245
-324771298
38263455
608480154
111810520
77420331
93858102
-293775272
-135426640
626692783
6417312
78827136
56751142
726103812
746514912
-437745110
-659562096
33245212
2983104
215609482
954085626
687984
-577399896
1216600
-29245800
-161126195
201132050
-199818981
-711758899
31081350
-11850659
442012528
480266128
-651613209
-99562450
-242752723
-211918484
26295995
231049728
-219232256
-548717380
-596298759
675375975
173642072
-38193456
-61646032
-882050100
43205751
568487439
27326376
-17520280
303849492
117182700
184116764
-88980490
-474763716
10383060
-510329276
-202252761
-256587160
281047602
5195838
194397980
-318504473
-937568652
-887083002
-252210084
359745754
-103401744
183168768
-268486240
-264584556
317656136
-54026800
-417288080
136165648
-337935778
416997252
-339809330
279614258
-206131680
352690844
-665632000
-647051898
162636180
13496175
-173550616
248215416
77019840
-230634944
-390331287
158717394
383616530
-723191040
23652648
-221617032
806304975
-501509400
-3551400
625728240
90685604
441618392
57809400
-67565456
283974288
-402979528
54076356
-16916569
409004051
64284822
61118478
202910612
552069050
104708664
39612174
129728142
263993469
-287760720
-35883190
549838710
-665044425
729583476
614035920
-291375557
373914506
-59049408
-63242688
-331503403
-479330544
250259715
-487529970
-9173200
-174423144
-88521296
-148074600
720717936
64399392
-163622060
373706550
198823776
128680236
-518206248
-15352623
743099155
-395839385
-105001182
168412839
3442662
-256209675
-15545856
-42260967
56329182
117757486
30933183
-525701700
-7042500
128529635
60684015
3409616
-63526595
-752228100
5999103
45882252
280330259
294346648
-126533090
83023776
-20511531
-73382150
-15329786
-49536832
41248920
136676349
-286573560
140200632
148942976
-6746278
348803096
123502977
110054356
-772133177
-678317940
65263744
-185465715
58976478
-468449410
-16712064
-19928436
556867920
76475672
16329532
97193552
45036720
-57567146
-249852600
72692312
-208928427
-829203078
360411090
-58454760
-100534277
-102572214
461662554
-7216440
-405772500
-59042632
20993570
24815560
-170235930
30308451
-319154558
-46697020
-59514994
68907706
-557468160
546460128
-213005322
-649468079
976792586
558951636
80142516
-261863675
796321305
-162537020
402137253
306578895
24867050
140240962
-760733875
345524367
-461014272
-72420532
178785510
-190747140
183491968
13683021
-249946784
32204025
636994956
-216862998
621767188
940139760
616486
-592898642
-517647760
406520229
231491520
-118981702
-168158424
-332347276
-241290798
819110500
-33546727
703317420
288825130
-379520470
194445536
-55116196
72387900
-174505500
988652
284523080
-2818960
8667120
-73823120
457895051
-224139608
225368505
13240535
17766350
549968496
-409683204
-213530240
7099820
260618070
-55148920
-412165965
-250292235
656519616
-71681808
-16384862
-5450540
53908302
156127088
380772715
-554500802
96737424
-54789033
71319040
-111242747
253057910
692394013
762132500
-262996290
554550568
-68866694
97378569
-481612937
70807524
304072184
60260015
73919153
-412612884
-172310256
-431131026
-433753551
-226353204
573446970
18436878
-739528930
191638428
-193050176
-97584913
50272872
66554226
-25422976
536560794
282610588
-80483256
21343734
-464495094
34683768
394002648
699866520
894945093
-291030560
-357185647
125566779
-320869731
809252110
-886162457
-593773950
36058240
92622777
24081968
87892935
-57448768
-44266806
-85912680
-126333860
449383242
49724428
341913765
540332032
-27599003
57526701
35265476
39892472
-8678250
30096425
241514570
-185529400
-112304216
-20045088
349775920
-226514130
-532632016
279025060
670516158
243025250
4576120
122705344
-57488598
-6722919
151313030
472346625
-103087284
525844095
56896840
334054490
-456913513
-630673660
-69583808
-56522620
-733277926
-244279596
319293184
128206572
28841944
-153946000
246972671
-142027155
259380836
-145679160
410964276
184679880
136306170
88857072
315646688
-447943625
88375040
-661125034
107105792
-250697478
-345621955
-289345254
53794554
18052398
-189601074
-381957805
-372636120
113219643
392754560
-684416565
216644525
589068238
265750815
-115995613
-345662940
607670826
-209463087
222160212
-633155607
-281658824
-634191201
-470420392
-121139634
-118083140
38514006
215773448
-347612010
185233452
184271500
30999690
-511585200
-748946532
-168126875
-754567578
-53293336
710936970
104302152
-26704120
221678010
-309937730
31994109
1014947
-334098501
12755750
-124569364
-61764825
-59079170
319684096
-426810800
-109529694
76125120
484405011
-289301516
-13935102
472770844
35344050
-466183990
96068640
736573260
-254763648
895207374
-293328000
-128981250
512545872
525042639
507876768
627639932
7772424
-122316300
495214686
-4800846
-185488107
647100840
150716808
9018072
-155922316
685430203
-156761250
31966408
-22246754
-558933225
26737965
12298925
-554479846
401320128
201021702
228971708
-261204762
560719944
-28009265
-303955470
564281164
-747830720
428000174
83288328
322659568
580901220
245368948
-328762901
327627720
-118905904
-6882720
-576588456
205806563
-170182368
9896820
273587779
8071635
387763398
322137392
396072800
76122585
220606476
433248564
-118683198
416273543
419807194
-26561328
-371490288
-280723625
372104024
45633196
472765512
-70922391
475951905
-117461970
125226648
9080967
428772280
377035766
26721270
-572922686
321935625
-328290495
555337840
562703405
-772276221
-589791798
-2159170
-148113394
379079136
-105864939
-78697920
-453676494
-27489917
-271391400
-241159282
-73844389
-296260105
-13696500
-10642816
-192454708
850788240
96852608
222082584
183427552
-316906152
-39177658
559310907
38717136
-547183182
-9505041
27715332
-143297616
-177677490
-32775648
64135200
-315951716
-94968460
158950440
4677612
-43028595
-460211804
-8946002
-730840341
-161778540
317250888
711278232
592816455
-201740325
-3392064
-146198810
-502239168
-68601321
145666053
-115323096
-967613806
-530784132
-564643807
256030201
-22907388
-149680354
-151893252
-299066040
-11253180
639342936
-181036788
-621586784
687753194
581440002
564075576
270872343
-99927309
12390645
-79566732
-261360960
97989450
35057958
-766954170
-22247676
-364686322
47171290
21882094
-204671124
-119066350
566880681
164413024
192240102
-83935146
72843888
-125151025
244073970
404071884
856956507
-796922210
-797518666
-308265860
218834600
276661014
244682579
2563456
-169415424
917771760
182376782
205979661
-266673550
-1047744
248065710
268763280
91233024
149412450
747912000
-611381680
17874935
253746438
334932912
-79888270
497551768
307521238
-673489208
314186051
-159047556
-920582775
-262238904
-742371630
-243601092
110805435
-112969109
638480038
-218237304
283644590
-119366236
-83038795
396033624
163563886
-109129968
467090304
204442490
131189652
-88215680
-95047937
-350289516
-813996094
693613256
37845435
-147738340
45531480
269369199
503316
-659079248
-52620582
672174624
-21812660
-279877356
110304392
103880920
206400564
68249280
349288621
264109874
-108791462
-265028022
-10892979
-197405062
-80644811
-363820720
79206478
413972608
-527468274
288619560
306237216
-161708596
-1853410
-394387224
359244600
29036250
458718500
-302322492
-3923276
764080155
447062013
-860966700
355336467
584554520
1023858770
526222788
-432489792
25734518
69654810
-58126968
