1000
59783472
-527154068
704014590
-567127813
151033272
-487627924
-689224514
300229265
-291668454
-583539810
21716800
127340244
-99999288
22355420
-98704740
-464915848
-59255504
-810626334
-420073236
-96370983
1004428368
-120868912
797576094
-574082052
-130196340
122795475
-359026965
368911692
186157428
-1044715294
-140465548
129546552
112974532
325906581
430078057
-364815048
-201569193
-396933654
-98640900
-502520828
117286875
9634032
-123548200
-387515849
125367664
-36099800
130906482
-42621705
-109086222
-40100481
-60955866
-354773510
-226984153
10282300
-8192450
-978010362
21125322
145724414
334461400
49937554
110409380
23211600
-693145392
182384725
240084460
-207611250
54381850
-552889303
-820867470
84493175
-100288900
-315109769
-207592092
627826201
483113514
2394900
502278945
-1063346352
182165020
282358625
177629316
-198183119
39957060
-63636552
293462141
130085184
31169324
-192615320
-16138452
388019720
22777521
299499343
135551880
338278850
69882624
-591036420
-664263326
516412010
365562456
252212345
211949676
-852013672
-465965983
692071600
-197225762
-78289388
9759661
-83751657
281799525
-55086339
47572430
96511770
-235498012
702113376
-573718714
129868025
745854114
162173913
155944600
-1271152
671683050
-172520188
-79323176
303148556
122142532
-284883159
161061600
614885584
-160668984
79231492
-181095544
770353080
-29565600
60718095
20342725
44605124
1010192
23432775
-400725600
200601728
-635181390
81876214
-332584848
-488774985
-334212488
-26800279
93090298
71331465
833338035
28674717
-290752286
603229220
56470086
31869186
274750340
255409992
-693452265
34851960
888999495
-19244800
-54813915
-181887706
-341781395
51694881
214902720
6321861
-384282144
-191354289
-19872012
-127380492
-118762616
-60341036
171209628
-166238688
-382261152
-34446794
-161968290
-124261753
-24510141
510035552
22999453
619454368
-118704312
-177825158
-209052550
168004164
365574384
402174030
206057000
-153049615
175592340
60089876
433460016
163708935
213462865
560218624
-32093652
37731143
138617500
-195611967
-128273002
-209570037
288412137
451935652
-19299600
-604185236
895939305
31716762
-43866060
462896720
-375277507
72799454
630719379
-11135124
-211381254
-665355080
24479433
47609936
-50043240
737532047
-200642880
-12191402
-200006224
387444002
-328535829
666380785
184132683
33917250
-80593056
-143312165
-363929104
828399488
-29915500
243761787
778661078
-80523428
-666253428
-34307334
126709675
939238413
-157904775
-846297896
34769400
30562550
-128466142
-605306490
-117253305
-204785098
176540394
-101634323
-529668594
-240248052
-335344146
-187762560
-451066512
21192321
456364992
417305514
557601554
451054380
-63952410
108250956
438546064
428009597
-61586108
-127144836
332397660
-674249760
686833180
-290641744
-494571520
-18673395
81080429
610961945
300634488
101922984
233783352
-804312906
268004826
-519506153
746953965
-273237069
304694793
-2062712
-98799897
839609862
874425000
351794600
-296906593
-258387600
-60277648
28752750
-41236800
276815275
827461712
-363430314
-435556232
-566792530
-182258580
200191448
32482215
2643516
164892874
298564
-443269800
-227363706
-232650124
592667080
61357320
267037480
57736847
456775018
47505432
-112353304
125190949
-115431400
-383354160
-204461894
-73763502
-751269889
-235300248
-127027978
-28235655
575170475
128089892
641800986
-30790
1771088
-474982794
218135997
-94535697
-173724600
-876283476
146205572
-5157152
-338361300
-105570374
-540700002
44789746
640387890
96501372
-388351652
-233284923
280817406
433683602
205364430
190336
21780149
194577575
-54131910
163008937
-18538588
-821669940
-570105006
361691534
174308760
-305692080
91990248
-502727756
-24254508
-74816178
-42928113
119003554
-34958664
153626697
-749283711
62608962
-676834406
244607888
-344223086
317759486
-12781448
401253847
-359262172
672321078
-859040505
364326975
-161307253
-556370288
13461981
-179352666
-438537788
-451314172
843740748
33046926
117466364
12532042
42482502
73358644
-226353061
-4910841
710228466
-40087420
603953752
-107443458
166790855
-433136184
637812321
-36209587
-526105342
-306207965
-689856534
-883204322
-384233724
189930102
-15215310
-150597586
-144746294
622426320
-17466680
-30302060
-489859080
104778352
-361304530
-195797959
607776827
199243200
-3254764
9384894
-719477366
-426420800
266384604
75388764
-9528003
-242679899
214778304
186945390
532796340
2573946
803097790
-119902128
-392942016
-9800490
-760333605
-55021041
-670320634
-211356276
-835498368
-71273720
123856832
61063096
-12202500
203088482
-171303704
507562965
378613440
298742598
-212608544
87640044
579265143
608476048
-521346888
-478683436
13179920
987381360
328640792
-414058260
-412984618
-9527037
512606776
20145000
-33315201
85031517
-259240344
128862818
663276921
24754769
204229716
417794760
704105592
105598056
420894706
-132452136
154247808
18683698
388934726
-553932764
-128605356
404174787
-201464450
248852225
-359383464
738855
9801396
-76225280
552182193
-111263445
-335871345
-121167057
242086437
-108187159
-182459655
58283436
-265389704
267538231
9065084
430158381
356476260
-721632102
257625074
-796117140
73457019
198804502
-155918592
194524800
289341900
155688984
-413709824
257876178
-1015926072
104903628
380098820
108762855
300219998
318867360
239176280
362216076
-95244688
-385720426
427914401
1935924
250858569
87674172
-67849120
56867148
-190433754
19961616
-74987994
636382756
39579951
229514381
-146752550
-30323800
447596045
171494967
-189398720
218238174
880825352
-484139456
209736810
385563360
-157252500
118552896
418013760
715929600
-417312000
280121238
-74965428
-169015756
88684656
571308120
616824120
-504190798
410426933
14618448
-459139296
-98273574
-42823326
-52497921
334119052
-57447312
-323196822
-348425258
-131227362
-38380704
48524970
183170196
-129567750
-683231408
133163136
-99632115
323970
-129634025
223547269
-850420011
529783181
-100857393
-273548310
-354496797
-20741695
251754370
-434935221
136786950
-1032769345
-1262910
-499497876
144909037
-584228762
7083195
4547264
-81072616
782880
478683020
58317525
-23957362
305635121
-151305189
-222548
227431380
-835468760
-571499000
-90914856
459198770
-42750016
310394450
-829111262
-237667284
756362300
-498304140
8948050
24500722
8518476
-396469998
-50002372
-364992742
-149393376
6036486
613024995
-324151560
-924240696
-355982022
-23072558
193259836
-599481049
-18805019
432284166
-659145864
-123901695
57019652
16195270
-713401206
190243525
-368994690
-435704280
123061400
17381721
-6640920
36108000
284697280
437767860
228837830
-142859298
331576932
-110665806
-136958040
687698984
-190834629
728092444
174921840
56313675
-126992878
-71255055
427518990
-49615020
-187543678
-179838042
228789672
94237300
-222488600
125294112
207598248
-89435760
-79690932
-26722256
568469613
-134716692
429378592
-143705097
-225834687
111787033
-59117439
235910390
-223752903
88350598
-14591665
367302284
-388782180
579916461
40947543
41829600
211734185
-221929920
241475370
-119907040
165903924
-27560856
326418315
373562524
-67867772
-736936704
-228623821
93292780
761926464
-42934464
623455756
308152104
-533428200
675187950
274065565
-378975520
-408651848
-82381464
289061384
4108032
-373730040
-49167295
-470644000
-321671358
-201079066
115568742
678888888
-774248387
-789492672
13070024
303576874
-389028834
-681740631
843931470
-85001826
550312971
372555920
-172122650
-730608000
-230507740
-9369375
452342675
-92140425
-186124015
-318102976
2772325
232787646
116197524
-687033160
421673444
566042000
269712367
220900141
115724864
-3360636
107634536
339858560
-65818502
123319406
-40249915
67968150
792910454
-9511296
-629896230
-333841508
-213833025
-327518
-107048774
-123152588
-35484856
-10701690
96246656
-29298276
-687932148
-143181336
-596292518
367830060
186761260
-112902400
-88891242
255746400
-149612000
-103289342
517910646
-185722433
-159391368
-324228454
-645228771
-158480425
-31524800
-41286976
495085645
-37496700
677600856
212313402
897865064
215230860
492479892
229904388
35965798
175717920
-282622472
-59389315
-104954537
-473229714
155373188
37251156
-519125706
57667926
484935660
-92332968
47557680
-167471370
-184816299
-181821200
-398701320
-59447129
-107605595
-397442760
679752580
28544928
557798407
-531884916
58164480
490078687
-236891766
2752566
22014610
-89744610
15675058
87477159
-146409094
-206887212
-60419079
-737684224
226269064
446822488
387084816
46161750
-946655388
95472848
-259579800
-736035552
164502948
18944253
-6073182
-302609216
-22583190
14034379
-429207375
527263204
-397559875
631760959
-319022136
80522064
260726500
-691583270
246297966
-164703913
102365346
1331165
-167983991
89296931
-82540928
27622705
176842476
-45590600
101260214
169700256
212168880
-64411589
399930353
-749173081
-796320876
-32570210
-117424311
148846152
-417723962
-85024604
-219917700
-28126532
253827350
131982720
208155795
169416177
891050796
-324851800
81882024
217922395
308840664
-236527840
-217697211
95461808
-121674133
71830729
-93094023
387954320
-224456694
-278528016
-8339045
-180922880
-110200868
-360279249
135646344
-125013870
-14842520
-10434450
-63256280
156267703
84275737
-237762833
-413280306
1999322
367182270
-285757290
-96807792
14399511
197220516
7120249
-134597122
-182158902
-378439677
-11244288
-929961903
222545050
-326244331
-679435702
-21303732
106292384
76227126
-104622798
461053860
-136746630
533754522
118627970
-104513544
-160951103
127746000
99915200
513419876
293329572
29675520
462140175
22808770
387974040
53891883
582224896
-170838534
-206275960
-452170888
-311004249
2798640
514449740
117169027
-716675760
417691644
-232468428
26635397
-124908661
-6061143
-89727673
-210777660
-106162945
5604050
851631898
-3571408
103788928
-82334991
-314027720
-314986506
2321676
265552851
-937103970
16538637
42556956
-695637280
187699470
-368484831
146827360
23672600
-138489676
-368877090
-241335159
48461368
-41904574
121666248
-18396458
-33341690
-820261090
43495430
24421195
-688665051
-382533258
-205716303
-424527468
-346413510
-125307504
-46550283
97141880
632342424
529364964
-671739588
94039272
179699212
131532174
325785600
-72116000
42760576
317379001
33645744
-187923860
-11002632
-210192930
153594600
468154368
488631324
