1000
641727875
120544578
-501704960
105556446
-127741952
-30159108
-53085256
483056630
158431995
-195242635
-891071148
-761923009
-11490932
182871351
185790643
206198122
-907948574
-4494420
25725393
-525625632
-17131320
663346684
731721111
95189050
-318335576
627346664
-296888370
-50859264
136272424
415977012
26664344
383091768
47478585
63125816
104427468
5796026
-118271322
494962092
-31302936
374944210
328018992
47210202
107233017
29326936
-609719559
-482699564
91877408
-419344497
-721389566
-24614644
601861515
18607140
49453494
-593608533
364817178
-198475240
-112337368
107875486
-119855421
315439766
-41151739
472170288
170505240
-114540240
-244667862
-252369600
167763570
-454563790
-6646255
258974091
193244160
364657278
178923984
-285539952
232958223
992499942
167473050
-40315700
-80817165
-51816632
-394352352
443409696
-44540220
-545788602
-37917154
-78438794
66781044
515360710
268110325
-194260560
639209835
-103441107
-112590800
-37716444
-8562884
18079958
-193552054
464601160
-335394529
-84379456
486181158
139024022
569918316
156819078
-691211862
-216155073
37240554
-275754435
341310972
-27045150
-661937276
53245592
66122961
33372000
703892240
-133892344
-881851454
14400423
264066497
-194678638
100250216
26419500
350761998
175550766
-22586970
-369943244
683618776
103076596
-640015992
189811362
-7725696
215029828
57248569
-324994995
-247482760
-47671320
-511600741
-366331700
509137200
389292519
-8446032
3075316
-59931666
-129173856
133518128
784109064
11328006
240876468
217056238
-283753442
98338937
-39644694
183319500
98596168
299048054
-690658311
-180274500
141125340
-527436416
797262375
959901880
-655882240
102768750
250687500
143813523
65335848
-79819428
639626292
-581423780
45376097
24086382
-984201196
-242259700
-210029754
-216797126
276954820
457182
-375785172
-428300667
126575277
-149656101
456802416
-297390555
534591456
-264460630
495474570
332832060
-684689370
576830982
-19250265
28164952
665959045
457253390
298401274
-33913096
-379497480
615767922
491112518
-243710054
-259491528
307327410
393148800
67118830
-423883341
-364014504
-160771611
212424030
-3491348
-307891098
554228934
-386467950
790830420
-670015000
525911880
443472540
31696360
460459863
245476617
75073558
155664640
-153950937
262310212
-155739150
413008470
-77961310
110431159
-184636080
-145519482
-181224090
70924230
35561240
420390040
689649308
685166370
969158575
914442183
-34725420
-182415474
483669077
8386038
-95756548
300846854
427483676
-413264076
593635848
-675823795
140915691
731319834
22450670
56687909
-228035240
681896709
100094022
-378883158
-10035069
-38755979
13883218
136213200
134685990
187793216
114746560
-18830962
-445135456
469479088
-714001869
571766202
-105674805
715190103
-441077348
-41358676
-47573180
344540925
-437652671
-19649586
-756589958
-191971710
-243471483
-287397326
-136483593
748446912
-82145826
403148802
-116293280
-727942341
-140442207
222670656
-62059810
155272248
-47329645
-196640607
19754833
-121862550
-423794238
237559488
349191856
376795870
73489416
-171227671
633068970
-290096275
250169667
403391475
38471328
-304747752
-303066017
774334
-149401716
-745569440
-797969613
-963938330
-103378814
-40344978
-265553072
580752946
320761100
-282373376
-63173610
663487275
-494541450
-236450586
8151245
407612386
-60086060
281536480
-534885418
-92721942
511179282
69520451
492247144
-21722580
273464055
-236128752
171372495
-224082680
-4830465
-286114500
639803976
-566269320
309325068
-324194910
638934399
392702544
442583310
-761902056
-263280251
-143107680
-125004933
524323479
-483150500
-673071989
-830896550
-791353002
-188202714
73515540
324310534
-73780
-115192744
-64698270
-21518640
-643157640
296937501
-879745050
-121639776
71028083
2970300
-150183605
608268713
-822685280
-194339414
91962171
83230630
-90184320
-54243864
314274747
860526212
-265968213
299823936
-876240
79845534
162093969
508359541
198322980
375038082
8636852
-389185165
29008980
-465334791
330709500
-167587600
-308303607
-225947187
-966193662
72452775
258542000
-585556219
219028225
-254661264
-379862688
71030659
-136202640
171129625
81658094
-249478088
-923501404
-111743940
-2504304
-199539858
-151828180
-27943878
-516619920
-209917374
80926328
123466942
-283620792
70894288
333924591
-29728910
-472517010
448797679
-95115690
106112644
9078615
-339213948
670481880
338024295
273893246
-700934476
134980425
-888969218
136332672
-90933550
-295858784
275807168
946250173
691284100
-446060946
54455592
271220820
-8315219
-233144919
136891380
-430189903
-469674660
83433177
-98532891
-173254164
-219607115
-147049379
-372601460
-314477976
91143212
309011098
235546140
-43852938
-451250000
691401948
71491700
581797590
-270986034
295076102
-838086084
-1201761
-17715498
-90208011
-933940820
685095246
-701900586
-22373421
-115475640
-160224336
-94794273
-100345263
-171134442
-240890525
374839608
515193102
-141937029
-751798804
190113118
-632709234
-20305824
-124567560
344282084
-259461282
260796024
-346535775
-14073348
-36096336
793575783
187414860
-313981605
111528860
306549600
97086956
-185133506
-416299527
196887219
415245468
153428876
-71510248
127379029
-613675371
248079656
-58297962
215257140
-40044564
-253690650
-794430
74446440
300189740
-25478540
73576304
-272705310
84176350
75125584
482358420
-325953936
-129565224
-291605643
-34483291
91147788
-326935260
132748416
261710508
-338650200
669980454
79680348
337301202
15977984
-570681798
71431020
-162835349
185028000
-110825385
64610370
607916799
-522360447
-17966682
-46850550
-435418578
617679720
-709910432
97097
223212912
435179640
-814231264
168436548
-734393166
-228683865
-51652510
198049360
-427874048
147232720
-377113740
-185487456
392649712
81368255
547841608
255444650
-37225560
202524660
741343644
267366150
724563819
446788440
14870106
-464616950
-480804732
162704334
391529640
-7171503
541264666
-9059037
-607597704
87506260
459776680
240689683
-116931370
-454537264
-283144594
-413943534
94903974
-80337652
-10978960
30005640
-72898176
898214775
31563704
-5177300
-934082550
-381167466
238005041
153485409
-369710832
270897416
39471302
251581380
-182719620
33069932
183530766
462865974
-106423536
-22005490
136055179
-176653324
-351198784
-18218502
347471772
-152028810
-60703525
-517914600
952062
-108973732
10839128
420932600
26358192
282405180
545137360
-737699184
146670628
-86098346
148430865
-80661000
573719881
156000003
-396299750
17737960
121609728
-195741063
-56861210
-425103345
3912036
321631760
-718934697
321513761
87128208
270228420
-31524723
-9323112
-201533850
123977459
34744528
986497057
29943495
885644802
-98245048
-283021786
-22305360
-159095118
-103125570
372169600
223033258
-132804444
8097496
573727984
-125283795
242440010
69162930
143137053
-34374144
-467383505
-13276548
237361824
-284953809
-38739294
176908470
-177092383
310998822
-21302568
6339096
-636780288
445882671
135753296
52337026
364872600
-132709644
-75023472
153547401
119804355
112688631
64810466
-230342814
-172482750
-500907438
4918212
274532505
2015132
-679188240
1040017865
162107767
535954304
-758407599
-432084699
-7564566
291838451
-315371745
-551316872
-43159088
9330525
-501596050
-277135020
-597129852
124611465
-9276484
-228764250
704382498
133738314
-382091952
-596212644
81786978
416291792
-146655630
495207480
30029663
-118422106
-56904336
190294663
170217972
-520166931
586030392
74179292
-52256146
237389292
458534370
133763202
381960384
-202298924
205028915
-62994960
-540686785
-184615250
-114505440
-356769076
-175831320
116788680
637970788
-3377808
661460056
-4641675
146452240
503822670
-360093032
244866725
218683730
-130465062
-39657123
-314871480
-275095440
-118153482
-643057
352384995
134972120
-38964508
533495424
591838828
-679497147
104411298
-9047115
-51906423
88686056
-473678550
-904836458
-117774684
-353919060
-152670675
-537030950
-620162560
74198320
-41552046
-36794912
-128158338
393582200
263679720
-252974917
416457314
-16795906
-52023238
172933268
-281163381
330850653
-311955357
-61858776
458131941
-1440307
257064844
-83410712
310359600
148822617
33269246
-21659944
-117672416
-541614248
172737864
64412392
935497464
134026504
-250437421
539896252
416379925
355048272
-365126952
-93888990
353493105
101409639
-46734840
-5172991
190476036
-818969833
-204412761
431890533
-205879920
384174552
482781195
-372569071
192462400
-9612246
275183132
-713175978
438902749
602876802
-121108680
-434795808
369040210
146083476
-44670730
8745486
136187520
647369944
112318899
-520379900
-316727340
256000500
-16960890
212590677
25314681
599236441
-147485856
-785597256
188283809
-59649504
40803878
-203259872
75441263
-143202696
101260897
-220160992
65856250
-191538666
-243657708
55915518
54078750
-75537198
-673611084
74310213
733542767
-426254010
135504960
277007864
194243203
-178093695
-498812928
39485572
113932800
-187785300
-117716424
117358425
81427264
18863662
53886175
739737789
484872976
-642766644
-858190136
358765960
168206625
47860505
-58412750
83443605
31170708
-943421938
5627952
-909203400
-14051305
443224262
-32944450
-337600802
-250655952
-887040264
55411020
830632975
-150497165
266944476
-117075355
273331135
-12758278
-284498590
342496344
25179014
13655876
177530697
-922331880
-144411801
-453959220
27258920
571294042
563781764
-810309015
473395627
-433496780
-739665786
-399650778
-6826758
-84687330
-118738776
176046060
-186317824
392147812
167790445
-388084120
-56800580
-374209533
-701464098
41066707
-656964105
-405935823
-376019270
-289198464
33089735
118896279
163687071
884112019
275129864
-122417280
-54206474
537586130
86085584
-250532264
-650135066
467425650
-168817608
87524472
233821602
397644510
-900004021
878913035
-11120130
-291541376
318822432
617453100
584336574
247932027
-219372110
170363610
-173422520
411608127
-278802716
-3925018
-296223975
-688206204
363477672
88783695
-265653402
-189054250
187641019
-70591906
-139740588
-182482236
-365593283
261049757
363513648
-540957750
127648224
-678962893
37453247
101362815
-379620034
-115974884
397913868
539402850
-299907475
91853825
-219709570
-416910494
-564291630
110345586
-536510613
178907820
198537014
-429687942
-196538020
16376311
-48540740
-436462950
27805680
334611711
218243900
-20548462
720498077
564691950
-66504648
