1000
3706128
303373621
313457364
44404672
161129426
-209322600
-121328130
-449991269
85387634
295908152
79901825
80011608
-341711750
-132633272
197637804
49138182
-108139168
433455400
649711169
12645654
57733944
-145924389
8881587
518595872
-94050000
503153099
59351168
-1411656
118876880
-765967421
-43739472
-618679600
-601893406
-269098236
222966819
389840566
64234683
-254863832
-290467000
69025220
-92575536
546719235
28323515
-136380855
-190195210
-382324872
-365992650
75954009
-10616210
56114120
-291438004
35400200
-324252336
-489867686
-71972082
79129425
311171316
-210869934
-777335136
79528750
-304270520
186244032
13757940
31692445
3301452
-434592250
-158587798
98632884
-763911330
-812844945
-118848496
-681341190
149239890
-49874582
339266186
-209186532
412336640
-407257305
-141210693
-115624830
16316015
-323076600
204623412
-728390140
-89018610
120234899
29698060
-647745
-112673880
804853210
-389234692
-652390788
-108391686
414445090
-251258040
58871400
-281530106
398884857
-353213622
-451262216
-189490801
172091016
-8876700
121637924
501539000
71443928
-358243200
187641636
-91396500
286471124
-81205320
-153126552
327573765
-407712536
143133255
-12519208
640065120
-22837251
64484288
-217906964
-783153657
-284211774
-21246078
388800776
146587330
64971168
555347625
228836292
74398905
-37973010
-1938762
-339205482
-47541219
-163861110
-407421588
252428480
123449690
-65783216
-87625538
-40051120
6007205
-258266992
-215057290
455803180
170251190
400652735
-137539128
290794372
-256882407
31020912
24233664
206087340
193416349
-87201138
-728931510
155348325
782785856
486424926
-29649385
538101983
-486802743
671283704
-92980980
454359535
-510034293
-245635040
130844160
136523400
-401689708
515942190
55415928
27981954
473657216
-64952966
58733004
47945032
-9669361
363458846
-46997825
90637014
-80191635
324161600
-571133598
41730462
774741429
125708255
-195113040
-58946160
-120180060
-346376034
526417331
20007399
266893704
291636595
-69370803
-563202384
244593660
-339262385
-377320200
-831613259
-7906052
613691819
1523679
484071168
378592076
-186602710
390799672
-614978940
-36131414
241831038
347783607
245378686
664198362
130805511
27011376
-267222589
137759072
-403932515
267465675
20629238
89855872
51906504
542811812
-18516812
-570356961
380124576
28325720
-294144384
-328432780
-593399443
-4418274
599833593
59272536
-219508712
437245765
-424821990
442059398
-158005667
-491809864
-1981000
62694624
222006750
-922641710
-107740640
-384360576
-160284894
-219491115
-554827896
-177606300
-187278000
17001153
123636478
764604397
-159763968
94833536
373846616
-113358125
-360052299
338592726
326425836
249841686
283389788
-483027025
-316580576
-206269420
445196866
791478622
-47782350
-109169673
289986406
539489160
66018229
-267830624
-35649914
299550645
-149099409
-384322666
686530208
630531367
-182301525
604298055
347684925
-949002978
-524898620
-56004800
-372572376
131956552
-27834156
-216912112
658010220
286959190
-140041600
120014664
2939730
589750919
-833222610
-7159870
110701500
314307075
-48714446
490640744
-215663553
-367471713
62359440
-181735296
-198756294
-304234784
-276388479
38775198
287438272
-304257843
-95391126
-270927358
-369403506
407852980
-173497138
121854488
160522215
59337
-676428480
156961610
53602608
214820164
27393297
156938256
644282184
-102112252
214298102
-7437444
641853464
-263157600
17472369
-20346399
-18728668
399823536
180706332
-287034996
-550322352
-362126505
-249980859
-166021410
365186175
-223770840
85989870
204705264
4123856
-430737696
-173243959
633102968
-11538450
339377824
15153065
498297646
83910555
605910756
-49035020
54676165
597571216
-631633648
60076704
-554416244
-29084633
205180575
121884472
-72254822
-290507454
136673008
291210175
473476640
30254095
-196309276
-34414540
-139525581
229506160
-209000
-378529820
-680352135
746538232
96303342
-56785190
-82226963
67102346
-63018670
98490630
-601457829
-152305545
-55954676
432417480
-578690864
-811267824
-2379560
-369226935
91924288
146794880
-121231512
292194120
-862250169
34001799
-610367210
368545926
447155443
-76724662
-103273092
-91314098
527785536
-353529459
-158466560
314494407
-113603724
-476454776
39821888
272982538
417254292
230287260
841285592
-28692430
360766185
-544066522
-77290883
-462283722
-220436524
253844287
-20577438
-18393791
-116291581
182600512
125947044
58747185
-104598135
-157619376
-343588848
461823360
-123512805
-215368521
-77756826
-266349202
-15815099
-21347460
-69533952
-848711394
14046592
173090807
6626855
378563100
-252993480
331428930
-313118904
-581358840
8721561
-90818831
719964108
585623700
-6626032
-116373784
-228681
23529568
622752402
-851252779
-305032101
219612460
-27851229
358596088
-200655107
58551000
116036649
-623299320
27543536
-17802606
170293690
-832695695
-173138130
43751520
279098370
425705185
221883930
659929818
-153995094
-64144701
292438898
128850360
535039962
13979580
-474089102
-71737416
901264788
-190293275
536498294
353764132
1001638374
20950323
47516476
18225753
455718876
132617040
-38775088
-223804779
741085212
295238720
145188969
72429300
252642907
-24096985
248773500
-81317362
-24404832
-93047470
142686804
480240380
-1456224
192195856
-309896850
90031632
155359665
-101900680
104361054
-112597596
402320510
595733632
55746960
-225131525
-439439410
-184312612
-627520
7443558
-135952533
122986041
305337375
411530812
-60463458
71019735
-38892600
2274580
960543936
30885084
263336290
-100259815
326852296
12289368
11460832
308283050
-17687644
489527926
-84625541
31996627
14791139
-505433457
-322929530
374928916
326767244
-133858620
-184793952
-8259288
-142128004
166884596
1346707
170905000
-275129037
-84580099
65059845
-120232
244503246
802311328
598589420
492704212
374892126
-5035240
-53827228
50263500
-768312450
-805710010
16028024
-397016506
349398752
387128841
267384832
46080429
45396400
-71276000
-133174950
-147623208
81025510
411452543
889568800
-211232778
-23825670
73950720
-364392640
3125880
-267614152
435496404
-207573260
-1998474
135835266
662936256
-48798460
-12107293
-51982776
467376763
34631072
563936930
4386996
-259457652
334499100
-281998805
-402271249
766379790
101936023
-210796564
10367539
94005240
704761911
-68872599
-615059640
576542010
-153759782
-171813965
-64685236
474968226
381605512
324767232
-231884366
101018868
41615464
553550094
-120772632
202612504
49437752
-231211821
-110881450
215003020
494093388
-61447009
-12251772
271391064
409296736
-39027978
393913325
-240768
267521694
756527564
46675818
291250564
-190458892
114448026
4429248
322483324
-280144308
-773210200
-369592131
15942832
-24117210
318351536
-2520381
170924636
-269777580
652116774
15886164
-165027268
521808252
130382896
-133830116
-306774384
-117532106
-77342889
-56290549
-893672448
474661248
-137848500
-239343454
452377696
-657120735
-45421152
145550650
163274930
621958205
745543344
687357670
-652807740
78453850
-26535485
-914691162
43791572
792120100
-416299500
282600601
-296700036
-352168960
-512263866
56780017
11417109
-57320435
757100
24122418
928336055
-393853872
242715671
-404628112
-401320647
156787772
103465964
-51760390
108612900
-317567007
19726155
71435154
116991126
-56652724
143463014
-121170042
190187498
106345016
-33431730
228317968
-313280
-388370632
-611692764
-686334720
46407096
393222980
-19879830
-62791096
-235166217
389552502
-596277928
36861033
-27355631
-29411466
137882934
577756872
-151344336
122999073
62084070
-371448448
458409
90466860
165277902
227827898
562229576
-704422632
-403806585
-255149388
-243725076
470239363
-100524303
-4187735
-792093078
-117141933
217963887
50283336
-99481170
623678389
100247300
140318134
21028653
-500813712
10780668
833007600
-71655246
-121133688
-269995808
340752328
314215018
-39012427
-56072424
366120424
-38117061
648644160
164390204
-302513536
-445278592
372954058
-216324072
342207846
-465373616
123447560
-190605063
1397294
-1013747520
-43959996
494367996
244922170
-107776108
19489294
-27784784
54387004
547450449
101017488
-43045284
-24095475
-121190790
-2326214
-278130560
-261551787
-752876292
270606607
-206585730
-104899900
22521474
-484730175
130491881
261875140
85125678
-599884779
-38218873
542532458
503594460
197909250
294308610
-142273686
99436538
3157451
-272755000
365868912
-125697630
290287546
696377808
-346392040
-508067010
9111282
54166230
-158314476
-537208957
-490675782
-28762294
336839690
-32032182
-280232568
27484950
24675266
-39715360
-88004241
-22223244
553029930
-63491130
15606768
-792276
-25719951
-94561842
-91247423
200074732
432068261
-50490624
831185617
168669088
140101763
442981315
161549696
19069392
-101449170
906970020
-564354918
44580762
-39569634
-49036548
35443542
-230252352
3205236
31145620
28192832
-186639640
-316650786
-30336092
675061982
-178544444
-654774032
37739637
-200351580
-199786737
3901230
433842396
291587850
-64712455
287247345
-120060712
-26054035
454423424
-296038944
-287548974
-32336635
255718125
-37762242
66859651
-303110578
-75441128
218482218
161080557
-186596635
194210340
-599033940
-531211078
641541528
-349113660
-368997308
150300480
446981794
514078070
-335455960
108255774
-441843082
-133065888
658186784
314761605
230999622
-732353472
-48896203
-54203789
121285094
-548547330
-47282225
48933856
785537346
90725040
65992174
39830450
-762708960
-307006434
4736632
534378900
344784216
-7498656
118018080
-19821120
-100022440
567795306
-53363251
111616050
-40629870
696056130
-285703170
-56905835
495975402
-26609934
74749320
457615849
-198298639
64769320
-615064770
247456115
-250781000
122605670
-583920182
126401106
490192875
32546046
-21370700
-66822969
400950909
583053000
337915200
268987950
-198267286
963541635
223697331
-423497711
-43986025
-89277342
-557027716
307886544
-24928552
-390914424
36712284
161305770
49502860
-154620550
310731955
69936048
-104737059
101496229
-796554066
83451410
413215380
-131916592
85313325
-203981476
-672625800
17764255
342643168
71803442
-617924778
-120886350
33312816
-82701927
62726216
-114275798
16841330
512423180
425825106
37662807
268075911
-139249765
-120681673
-383869850
170032240
169397448
122080821
-39794512
-236950406
322884936
266057319
-219001482
