1000
-513037674
4930941
132062404
22059540
646987495
-408515427
-876508464
-100682208
413931340
-412386612
339391568
-94672760
-89408332
376121808
838698315
-593280144
-431720078
-746473525
130673396
-1930880
568734104
8126676
325334262
46917052
405899065
69212132
-613703137
-365458350
-366907100
-170531196
-297035757
-225950344
66321108
-519147913
-109033805
31892238
-282427850
17067480
-384587406
-198331104
55957727
24983532
-19901680
-395723355
25246638
218322351
-342353813
-465909264
-348666630
-128505594
277960443
-472740242
155644615
295397631
965480845
-206545872
-227833946
107710449
695970792
63078678
207789452
92130226
226669485
28322850
165897455
615360564
180931272
-132626637
137345112
-580272840
785725696
-480839460
-18575360
-101061440
203825647
810816146
-152926746
-9385932
302784048
-476371242
86651181
68612623
33389304
32944797
268236520
582168360
-737727192
98139384
34708260
-416908404
-168880677
64184913
-4586310
485507040
-134090943
52559631
-34098221
50704416
7689294
-18008685
-226735645
-10395356
687455230
-207162697
-221053340
-107317737
-443722146
-36551129
42593446
129875936
-1146193
106042566
-516897822
-451939680
-324310694
285825600
-151840006
-43419206
96700726
-736603080
-111057860
304338420
-191902685
61304856
94242708
-190867728
170674880
-24495982
-372502386
-9966726
25797479
416525872
-445547201
-1313785
199008126
298765012
-887264408
-56942704
359459680
12897126
38733596
-382584608
358130600
322368894
-656995296
75307398
157846696
-177592228
25878080
15361042
-620071825
-2533650
-11005500
-279233826
32756886
49704462
495827640
-366089597
91866822
9972150
-88090824
973263762
490550415
36717620
-17899656
-18626430
357857004
172167721
-27352014
-383265894
29611348
-517374144
-102882240
-403172040
45696420
104126074
379808424
-468116550
984200863
-55646178
-218961984
144669808
162966177
-27728442
-85422708
54858496
917781345
121850732
696514071
-117817392
-170984232
-20833152
621271611
-246922944
34648740
62311704
31210742
102467608
-999918506
-193887012
178483479
-332528696
685256280
20492896
52012950
-257030163
-366344100
20852897
-82662327
484219404
206058240
-210919900
-472504670
44675936
48587715
-99575352
-283836560
656928000
-336691080
397591740
-576012762
990642528
-264442269
-234572085
-48408422
-112858902
-253172448
-308469168
625792992
-118300041
-133948941
-3559017
-49749645
640351827
-496015710
-269749377
431736420
495900964
-319778598
-787494210
-424795635
-16563872
-195161310
-235189440
179438820
-47770526
125017012
28092645
578927070
83810898
236304436
297725401
-426308880
-56026374
-386987874
-406422944
251142346
671165215
-26628721
-170554020
579264300
-341594064
12534984
465305985
89855714
88126317
-702412760
33438426
-225762714
-400628956
-901836417
-130083870
-275324400
-253917585
119269500
517732488
-10850007
686682330
-47837970
-422471550
-197045492
-211213500
-233652364
477793800
255647675
97550640
-28132016
320149584
-240882876
-577063677
837632664
-72564336
-150649830
732470961
-22542620
36685979
774788490
57473336
-186004260
-167459160
235096792
-22766658
188288564
953007816
-98601811
-228545304
212318372
18149505
-33234696
-848279775
-628486560
-440930430
609700113
837666060
267627984
36606765
1065234420
730739968
-381612000
-167767362
21721655
-601583492
125399197
-157543551
-696467920
794839284
439276770
-460319880
-145071744
-10250738
-173860432
6304935
7575099
-472587998
216127660
-221810799
-283026690
-917084210
-394797851
209595195
17777886
-148815432
196665708
-256798689
786452568
-176874984
307485280
298887480
-20099163
61808274
516923813
113142000
-343413896
-129973032
657048213
-260775900
-45646915
-14561180
-278393472
-141856989
685267392
743929452
-214948710
-432693
127458969
-181514536
-90826770
11475072
-975802470
950726700
-25790190
100468644
-155398698
197022780
261839700
-728378700
-26030621
667795934
-40170593
-40982004
-404060675
-35002962
-780242512
332591881
300255438
310825660
-569434040
-424366656
-387356611
-284967092
-56759974
92873949
74023878
100459370
-88457460
-725343828
439589424
196762200
-463410888
163916820
-4044756
43832278
938670318
574701903
-740093256
632595733
-159542314
650399952
4057050
-43289144
148137602
-75685085
264586168
49232558
193603535
484154936
476309669
22353606
-198116545
-268563867
-19262344
-22527890
-263789982
-321326676
-30937690
818744472
675228320
123085965
383114340
-161555862
230432175
3020004
-287287660
-423008020
-54995732
-17178960
21316449
208904288
640825200
2124392
201478998
-699551775
-390549060
-714524127
337257972
-17316992
-163483551
2793790
25830415
572152578
203109544
-743199864
27703860
-498387624
752985814
125929712
707191100
-244240857
-119996000
543195100
-289681000
-179709519
94647168
178598126
33272574
-523822350
-193714101
-517127522
5647816
-72370250
-400806952
-664720800
-137390539
516417584
86134448
743718155
-534414748
-847883382
221557438
-357596160
-43238114
293440881
513220008
383029883
62348061
16595624
-22235121
-108323541
54971145
36107354
-302545842
-23301078
310272304
-41572225
-12831318
-254704711
-912227411
246298152
754817355
-495526710
-19137325
-376172958
5832224
-358722
5991840
334832992
142354530
231452870
109240056
650096910
-211512204
-834936564
-1364856
148304000
183343251
199817856
-116090998
-162619039
-270459392
29768275
-330241592
-651649824
-120211728
-468369139
-27421200
508560194
74670960
167580952
-315868841
-331116048
24247704
446987818
220437294
313007256
-45271107
22694982
186911624
-221664690
-518985036
-371180880
197415339
-461526100
-158235780
712249184
-568192104
-198828977
-267839880
205110000
-176227100
-512220200
-250839595
-723114176
66339814
-317385200
438970200
110732375
-624472458
-80217849
836835255
56780528
330917860
431161240
-79561280
204604861
-300606315
-21596848
-123056215
59814594
-270359856
-804632290
193391903
635212692
8964580
12682050
-252086520
154616651
-121849975
344587658
296618924
-374405200
-290452304
-479883234
293054661
111556992
221626620
200068960
-20953530
289963104
-629753319
-329128536
418122348
496944753
538833870
24420056
419550456
151679088
121294782
148157856
8474760
-353246328
-800846010
-79611399
-247949040
-697791834
119330464
86848575
-562273180
398022378
69970992
-39197379
181204548
-656258085
6160644
609662464
-44566452
-16737401
-43372917
223458928
-29482080
108822617
-124567908
-136226580
77518260
591280137
126762732
308310
-381345580
-212819677
71912490
6790251
538055560
-364844200
-659156750
-64521963
559573749
-32272059
76260708
103595778
-203712128
57741519
-132690272
256407693
178573984
2380927
133442150
-60481465
12081366
-677616
212732598
-50953010
-11809490
432078030
522360698
-302439330
-9858860
-443374030
-345455226
37036443
773401440
68805594
-326063272
110893603
38756250
-264766020
-238694040
93151410
214306995
31551520
-14203362
-305931556
416021416
-505140300
168513939
491953446
-777843066
-74365455
559702206
-91375812
-323414473
41495193
-391343860
-347545715
-19973294
24378428
-179122240
482706738
-675520316
-60355496
688916976
604761000
239645656
173198652
497003502
-42567957
-535168962
-58468434
-42638112
-6959934
-604265729
-601859377
160149802
76203468
412499250
683537678
118206387
-105393087
61251498
-793447200
-39166325
-83149272
352497816
63678780
9683248
-198408150
-44441679
244890412
168942431
-2021390
137181750
390520430
-605046105
66648024
101256908
-150197112
87837354
29280385
-738605966
89477220
-523878456
-87198833
149131489
300879063
685422485
-16279055
-106407488
-669754008
-639096480
74822016
35140976
372226176
-83899930
-680500278
90611661
-163735665
-496707957
-110335692
-77532136
102715060
296415840
-492762190
-969942443
-119092720
528388134
391974316
673505520
85941756
-324000225
35068176
193626341
-124754162
147121926
-446642462
-8191662
-97529875
-332327673
-92241828
142398556
293024690
336220092
-168276320
-359497400
-111914496
-12364083
87370500
36797688
-55735456
-209105084
-455563944
106488160
51459016
53716410
-149041380
502549218
-69822615
-238460181
-56484882
522440600
-348706793
710335912
176994508
-103591695
448726775
137679714
931357458
109008090
273995496
-457042068
480175475
-209932806
-16856630
589595266
30044997
-710516080
975874592
-117834276
-330733056
33001368
222579687
28599144
-234750208
-311787840
75237712
97505188
209455680
-432196028
-6311900
254683836
223245869
48627432
50979500
484480450
5575602
317812892
-501329172
380224500
-129819684
721090300
623549024
92476838
288237752
85412730
28953232
-21104096
2906982
-249771848
-375865286
415211420
-744574204
257852364
28646715
768647984
145305356
22467960
9745568
479819043
-312071361
473910051
200829130
-803832624
-17620011
-818503895
-44383017
63496233
-180630270
-98189688
-240916014
-170627898
-216998880
-140505120
-253708851
102387780
74432320
9812292
162620217
16228803
402392056
-20931967
251150400
-706085532
-113938910
412084000
-231535085
76532937
-191602827
-12307029
45161589
-540584428
7296000
283872533
383175156
404153325
-230805080
273710846
456885390
690493174
78479544
40849940
880112079
78285270
565602752
-80738440
12222700
-155431377
-524113264
271728000
138282066
55201888
509380248
-328547646
-230682386
108615485
-488098848
-275977728
-58266304
-624737864
-83349953
-58740390
-96167230
77758454
137426878
107098720
-180878005
-274035080
64751620
148097103
-474009348
47966711
294642156
199179340
-147733553
-240625432
-124410051
167846380
41895840
-403973210
432075048
280655992
808598310
-117672660
326139330
408817551
188603763
735816560
11654297
-331139600
-83100160
-48032200
-218512994
132771483
-213285429
147628150
-393104275
140806521
390438328
127594698
289754185
188426925
647186711
-418574078
405415737
186663204
308380800
87341841
69254444
-214104852
-680863558
48375083
724069316
78864786
-205435057
21220055
-324045988
398904714
-190614650
418356842
623159792
37623576
-82674100
-64550616
-686480964
321161385
515963850
-147296079
-380246373
245664426
-153078597
846446640
-248019156
126158461
-392790294
476431167
-350910940
83301782
67770859
-584362240
-30378036
-487942002
793016740
341894888
-202060256
293450560
-530207711
351904608
-548877222
269536856
-438382464
29268135
459532236
-107753184
355926909
