1000
12257000
203916900
6132854
-38335008
38484652
217889910
-36681320
-175777822
-143344270
224577435
-1781372
-23222408
574240961
446462847
-457644672
30148416
42753975
-226325712
25481582
567329098
-351476696
-4173975
-516302160
23425950
-109450328
376814139
-182775466
129694040
671525532
-25638800
721148073
-226419198
-96799384
345068046
-212906250
-41480010
-123160768
52367056
-357411084
292074263
-18519255
-310041750
-188274944
24814944
-612447012
-171676961
-392731240
1003910180
-73272585
209708956
-417970320
236841858
374377862
81544130
-89176010
-121497504
-157251253
427587082
21978440
-34624278
189629748
196113630
-263006100
357985932
-666551034
-332225366
-7123750
74007973
101831264
-492530338
-481287504
-385880433
-143338374
-445753120
-377863194
-553908238
-692390400
-617427325
13606076
182798012
382754108
-340677848
-15240260
-355524
-571943568
869014041
-10284120
27811959
-496117174
540887424
214095780
468311004
-153140400
473780671
-803453150
749598444
-60899610
19777095
120741888
-9521181
-290943432
-155392640
-326505894
-247850858
-381233596
-527258388
453819100
953766723
6865498
45275175
38393808
-247031349
-102374676
620965430
107581644
-44547812
99385230
21118296
-29209880
910711284
171053680
-133230636
43819191
27737975
603631980
862145658
-17044800
-108810121
55146569
2934945
-218913656
-12241232
-217304800
118285973
-667706625
315771030
-174008451
314765880
100196352
-83481342
874525918
514465083
-76660056
287120128
849576
255859884
379796758
-253387931
394905120
-56060640
-454550528
129012858
299625540
407217174
-188818
-668601875
-63333280
-581371076
-48849075
-87811254
600561392
687710460
-310036077
463190727
-79013820
-544288504
-148435041
330497818
-175118174
432176670
151012160
3650375
290669904
-104933928
1012564200
-1732438
-2670961
390158318
-204209038
112222088
376029756
5942385
-112557604
365659917
-10469802
-484484382
664722162
205828100
262033408
82316935
-835844224
61964505
292137258
-307104651
68120345
159579550
-287327980
67059392
-129074079
-562425270
447005220
771410700
438453695
16272818
-482953719
98278656
23291180
210956975
104663100
158099095
57825040
-502151076
275479050
19538072
104777780
315737642
577883888
118512240
184355190
307605525
105306126
-476428304
-96144
16777215
-328931274
70709494
776811100
-71809416
-45271922
479908002
487313658
-107040072
-35869872
-149955914
30073463
-48334842
34639850
17884515
-54603549
-18715475
-62952384
-694913352
357691780
-874996416
-736799603
397027170
-365354752
539113302
139743660
345848601
549674488
-307726947
61994464
-682211439
304713611
-5678046
-186376164
654719040
-190700360
-59865537
247309225
-164395980
-266701476
209509411
-228093080
392455485
-107367784
418749093
-606521376
76813396
-811354968
474762681
28533500
-238898127
-584668095
194237960
805402870
-426313300
290897100
6271112
140801344
-179351166
-25294742
145819140
242242740
391451346
-19907828
-26482560
449884991
98916650
178877140
-105250023
-361984788
-718256
19375272
256774245
361693164
60304860
-213104238
932101325
515591901
-661722658
760268472
539165836
287475045
567064272
-99092280
-443828000
-456224741
31282279
-201606897
-11378875
-317845596
39087927
701394134
48039399
-49243896
-65451853
-505250504
20835620
-802847065
-221444232
49142292
-429265990
-743890235
-157396065
-49701960
-243743635
233418648
-243066015
782820604
5739216
670062150
-229375744
27293996
200780650
287899565
-533706188
29923968
51135777
-118486936
-399244620
101331795
-320041120
-420956295
662453816
6964170
165897342
157059852
186171012
-209980827
-476794181
-288620837
-490650342
-539987706
183037772
-340501425
211495550
-86785776
202340376
12159696
12413100
-357610248
-202441783
281370400
297021340
-233512923
418862268
-41096988
-411584559
-747753552
30142926
-486845036
-391620381
168358880
-27452348
452012244
41055029
-12186912
-743178648
-123526358
406551258
466580400
237669804
-226017818
-143121264
-2553406
410898620
-216724772
113729
527199568
-253830790
-724247276
-37247524
22149978
-92877874
-60362376
-865960359
-375242555
-301866537
-338928336
561639098
54399708
-627531609
-77321400
-82528216
-223313956
-54439273
-82770200
-342344196
-140100182
-433956201
-38410736
85251770
-239074814
-981774260
104566153
54490644
450779310
123255726
-104115726
-37546470
56622483
-4282047
-122482485
-157340330
-16808175
-182675600
-8939047
494032640
31436232
-36951976
472373508
-4301132
-366980592
319519539
129993174
67686402
-257032
31676620
-548218008
332001796
-205267568
-1747593
115867740
349876754
-175431900
84407341
81418440
-360445568
-226663725
-181541576
743348856
716977992
823924192
-23106968
-257340496
74598315
-56305578
568909898
-61805905
837686091
319063749
374180850
-14849406
335488896
-879794784
164445154
-614030818
-40809258
-205621857
26481612
134008050
24194079
80576250
-80076840
-94521624
-118078132
-11285640
-582126710
-650130132
-144077370
353235735
-207513416
-19025017
-160067186
214566996
541660780
213972024
-53933552
-101750610
373351272
576984876
20587680
-272277794
267020912
-206710718
-5700240
-67877370
-294082586
1037835050
-354312365
-526231809
49862696
-418595728
-30172500
-39469968
-873107228
-89488844
-925475055
-494469216
450086928
467765571
204655584
-132207103
-190343691
132886686
-499553790
87854448
-706984212
96763462
-72773154
-166385648
783707259
189914262
-783197326
307726650
-83505107
-55469396
-733174497
-728336576
108260670
-652259514
-202955212
507623544
661584116
-339951465
601437696
82385712
-20913456
600450945
-73949656
-615155772
-15714768
79714800
-345017632
-538984647
-208989072
85308782
-124307079
-171779296
39723904
462966840
-599398224
-39625600
423602748
146796615
348721916
94092610
54000180
-583153168
285003635
-24763680
-649723392
-923686266
-40647960
452057424
-332132760
708118539
-25686748
-13255892
-227462172
-9251424
-543754640
267970756
-12216480
-212078088
1449043
-37840028
-51820054
371554314
380271280
187157410
47594396
-523986264
79098729
-431789220
562934386
352601624
-474946525
-306669720
-55326390
-41015431
302764012
722540100
-290873190
-91088679
43316355
-438206334
-603729456
-7025304
532719640
611195700
-296628920
-16541311
97601525
405944484
-243827016
348310465
257526320
-50721264
652767640
1851125
-37337265
31117174
121011084
-12467928
315662340
-523397016
-545407035
826540974
-38940865
-171684792
-409203133
-159760168
-153467568
265068956
278868798
68102568
-162913188
357193984
-630265250
-8403304
88498208
-201142200
-33407682
913494708
-128012720
-383586576
-108329300
150636915
-415981302
-412967005
98951973
-34588500
-218797800
383028094
411508425
-784094424
311881760
-732527994
-736756482
-40371684
597921490
-403476420
-584376460
-208222535
206317146
-557612000
-469354192
12147858
-523629264
-557559180
-47306054
159984950
211531790
36182848
-725263984
148062320
-368579140
671839908
330899600
-573462450
208117600
-114910491
-469084302
397834539
-340735067
-28437166
-158408088
712163538
-114795140
-10893371
-321026699
-16942733
-9244455
-484202384
-37365646
-276474950
-209851320
-217952112
-100100259
613582814
-382074055
-392962948
201826926
-8580310
39688094
-645698774
-144150300
-12683648
-302372154
-159098580
82690868
361966482
853966302
-59982816
-458419326
-510103533
-98834659
539131338
-109935880
2335834
52199690
333189764
-352194906
111374706
24975584
-60859188
-23644184
-157713300
-986342800
-872690000
-138340710
-272316885
78482724
43598580
-776238955
464287082
189529114
-333601314
89227650
272093852
-469800800
78494270
-46393545
18112924
51099093
-49829865
256160862
10347894
81629352
48838773
695700
-637969503
587735217
-192324669
711376484
143837148
266973826
142503354
-529734975
-67438770
248231998
306230534
678103650
-676153488
-486930528
388662516
-525665070
10385408
-70220931
-289114920
3844372
-25048926
241263024
73785918
-171329128
-1740024
-306578881
-54711128
-679718904
247843186
-787235820
101615730
-851498956
16311288
435949392
-25480420
178983060
924130936
965759740
712509856
-241321676
-213964236
-474060774
454825598
715595411
-168401402
-338131252
68240247
-469552630
357030150
-553174776
-313824096
-613204570
314972335
2453446
390464316
-196447173
86402628
-952744325
-77214568
-807131084
211406650
-940322890
275170727
173076750
359568348
-47075050
366338000
-447469884
-98862520
-280215845
-41091660
41685900
2150296
-1343000
-52776300
443572552
-275273328
-647246745
355708120
-476053176
42239580
-761028336
-51557940
-383661300
13726460
228485100
288604082
-583211067
884975064
-29867145
-139038416
555905184
-512158173
-381182425
213904458
120494933
200087454
16316608
-366702848
-76003515
-864335970
712025674
203980473
-347491620
-65774120
-677949980
-103525170
411874844
277585000
-531406728
2404060
95587086
-87954022
172785576
161057474
191461770
-298984574
90571623
189118890
185528014
-428260140
-2537430
-250653816
-369192060
643167798
74903698
383471676
-36062208
-548574195
116314828
69373095
156360991
-598897136
-17294520
-276718164
160427232
-477184722
459353948
-20277596
124978748
108369312
229740643
-623141071
111719050
-341097255
-54807072
250164633
-25341777
424267920
-564186228
13149355
-206266941
-86218880
26760
318677056
112331934
-58986800
-290265272
-37887426
468831900
-434452216
-731874468
-238112437
-257708700
1109221
-112746570
-4220496
354400156
108256042
28368900
-710925215
-676565338
833928733
-240322347
185617160
-360939680
-285564160
-728608608
-267846696
-196450335
957010626
45107585
35991872
51870336
-568033690
69616323
-32403520
-886627665
157450042
40733196
361277600
-626631972
109914112
412312340
-30621622
-275355906
802057424
-763825230
275936869
-526378984
85968388
79506324
-327389960
675490587
-66320730
-23182458
-729564550
-391775184
36902976
-21965448
472185919
35820768
-38419948
-137846016
-1023934464
81264411
33579931
-224423840
224179832
132774802
561547080
145361720
-375881984
68534080
-357179914
168477120
76950432
136228188
230337459
171192610
577342755
-89534478
216215051
44394480
826509184
471614784
-342441216
-562715066
48223259
94433482
78169572
21241700
-314103230
-651499820
78174459
-51733440
685985006
295554700
-165892698
-181774841
-236077082
-331734090
378219204
-136953450
113266312
-420856700
