1000
152453440
685733950
-37355741
312069406
664197783
226373320
-377228460
567755850
-663648000
117263333
111630033
2194140
-19738842
-128421184
156983970
-435733392
-808703676
-401817112
44815004
453072037
6565944
215742
-327736776
656351000
153647532
-524135709
58264004
377006505
52864360
-503740944
56171104
71612130
-220214063
465958850
-22280370
105552741
22288605
-53326014
-81875876
-140142288
-389262532
-5055489
851756700
-382289532
190161690
-228782610
313142940
-139154450
137722950
-408430220
-598467581
399737125
-10909206
-138506556
-31788130
-26187246
-37345932
-113523558
624530988
-192418856
15570818
302972280
-381763641
351117704
326886575
291051592
397259886
-181487728
-401552883
618822006
885243630
-374842560
-807904762
421899750
188927520
490577763
-152896625
-7276731
587346000
39279640
-35780022
-513702800
572634426
-77211360
-129794738
-535258358
362859408
-455477700
-279600750
829381000
-340321905
632389750
28279174
-814661375
298468930
-64778985
-1807820
297257140
597803986
50936
7489680
212571360
205433800
-283135951
-20323008
203455234
626746325
-32842368
261948570
45411956
-30393090
225374892
31685238
27292545
171388160
-48004944
-258913508
-536491615
834653605
217422794
-294978882
-293128979
-356522287
-148231872
-57081687
-119579734
408682260
71145432
-32172768
-180978372
121426248
124306164
-45945108
439908668
30514788
-403313372
252949372
-9187700
-265499846
333613124
740887119
-267294476
-207876606
207872190
-572379288
-71081850
-65371548
-283087328
10248912
-530325000
52750530
-116237950
55664404
-883281657
-362242750
167413072
-266194161
-20054076
94615416
-204452352
334148607
-379301840
110162508
-159297280
-391160191
-650502
508807710
390966880
-455693148
168264990
-427990368
-533968880
46499337
147217434
121530794
630583272
861749642
-362253480
-299626314
253242541
115546920
132705408
21487014
301520823
78955525
-750885520
446196320
-200983662
-49300383
369209358
19690359
-53693084
71196125
-815085076
552860805
-292526877
-25874076
99031590
19613478
125674812
-112311395
-21996616
-290217836
-85678520
332818695
476989080
-189664680
84221895
-37291324
368430900
518105770
337661540
817255170
-227907960
-155029226
-498386802
-340815330
233789985
61496721
-36609672
402714242
-41365660
186584970
268680622
-82094250
113130864
-110665360
44623875
-96115159
-100668120
-33100924
-275047854
257888302
53086605
-346692159
128796789
-946086544
448564122
-36866115
535086781
-195617472
-448810560
-211172000
-543270900
19533360
-449403840
-805441752
67002471
725792708
-12844310
-109973182
132071850
299026294
49835296
23560152
42109070
282850481
-832633650
-207914910
193191600
-154598880
-308807590
-65115072
-329521334
-290820183
84843990
-611654967
-198958848
58252716
-139850856
210219002
8955166
-234741690
-321020692
-75596950
273947558
-74888880
-270687195
64930437
-247774527
107949864
291642024
-147828800
-387173397
213264535
196007372
-501611391
-160611104
-635765270
-35094672
-490760380
-205714867
12997306
-574758600
298183054
207991152
15312750
386468760
148563792
-104191796
-30540756
348029425
260255091
487609915
37273120
-348942152
172705439
502966926
459847546
-794598012
-114912945
275311166
163640400
188510400
-5600293
-222505940
4841206
292256248
66518424
359444442
188894160
340844107
-61956180
-415180830
-657885144
153775095
-162592784
327030687
805940982
588045360
416196060
109885926
96734868
3808596
70477392
339187480
346532260
-177989528
66562596
-29472936
-105309840
341803938
381585721
-352808226
-234538402
-585798408
-18272574
37366605
-512266734
-414788920
-587707776
-24874776
-253240316
-79612016
-119131904
-6928972
-396374470
-651699266
585756080
30039408
177030144
645331284
-22436190
304245126
938208
69154980
221840352
-282285913
762789534
-230115912
-327393640
159086196
-99429403
75364200
-77708631
-1016790672
-198282636
-167015196
-41798999
511144950
499922396
-512378144
77768936
-60599970
-619321796
17069619
751893334
-162645105
-2111944
-47498304
120186286
199703718
101079756
-136959060
401057285
594541454
8500375
233482227
139958602
-394838754
-166191008
-541651040
509771328
-198094002
-364554140
220945200
-677970340
123681866
144533781
-721197456
524524032
360363164
-384722448
154755476
-142165062
115024590
-634992500
-565211738
1923146
-555520337
-360641310
-35756246
-713004786
-136570500
-368680560
-115551720
255338320
-61761667
-138880906
-181828764
206555810
749191800
-286671918
-69402645
-171582320
312913560
-63744996
75849356
78683904
309205848
-210758163
961647249
-28553371
-15259107
489330040
412911184
392118608
-513510100
1654346
-601622505
-204276099
-91833848
-155215278
-274177943
-352084215
228824189
-963700100
-769965560
6287204
-7299990
-51021201
-372132507
-141887592
317097935
344765440
222888632
558113108
-290077158
11696190
-204615364
468276328
-442402422
-252234675
380440800
440739968
-74066739
115217124
-527509708
156037053
116003264
325371347
-669536950
25699349
-349739126
328440000
76276620
-814571850
-60873640
-35677375
-615050748
468526634
-145107396
385765338
220226784
102162461
-121462003
-73887580
105604935
42993297
119547034
-39581345
230160585
83576233
-494286256
63295848
-5955360
-139599330
-207469564
-587070099
346087500
35165704
-8952735
-33240909
-36143514
-21498840
-36408240
-86099148
259526479
-771709986
139838944
79162833
-87641208
271023714
-277296876
78960900
-55457587
60298880
-258183562
-758240998
54403920
107345150
-133892286
105646860
-185380020
-192322025
134543255
-478598088
9532479
653359278
-138146748
-811443440
287753040
165045324
-402974499
157503033
-23770557
425349900
-305689626
241267722
346454750
-166588865
484611760
353799316
140470944
465706360
-432669657
-219340495
-16856333
340737153
294576920
603970770
-217834568
199834260
71340672
-84106930
-219697310
-84947666
406805400
-911668000
-994669150
-29680800
-40958780
201308712
-55753800
10614142
-213338840
231419562
348756850
264796200
-542173740
405143324
791339220
86847540
136953720
496110
-457340392
8679120
-545487348
-310016
-397422634
-531985008
423962448
-87757420
109220229
450358389
451262140
-736406111
266469616
12089574
-14048725
234045024
-57710220
131134080
-6837240
-81420066
340627432
-341686870
-2033008
-9633046
-325148800
255007564
194889869
77002656
8900391
-390375420
42084169
-387951921
268054260
36009060
-143925136
304923360
10323402
6006792
-84081772
-644266008
74525235
-13808976
-333017605
-337478472
-152690436
574770144
46941741
-406816496
-95929794
-750870156
-535650588
28496384
-240831240
-1018782450
246227345
50021160
175785147
192458756
114038868
111344128
78242322
86184560
-35323960
-31882994
-86771520
317031260
-539208950
138423170
819087948
66705144
398640612
-2429244
275029620
-763331175
76731108
316299680
651330073
-45349962
-319414084
-13250055
43401526
840871340
-205360344
38694569
84333330
69318100
171656897
483347802
55765412
1097046
-70762970
-108861876
-194155530
-23885400
-57812616
-472564032
-510042526
183735514
-158634893
-269057432
-216642678
669382596
-85014070
-2675400
-273111050
50066368
775797120
106132224
230836767
-1109634
-26848749
328742040
-8979366
-234099920
137530965
544350240
-87682101
-65647530
-419498919
-10390082
-457102204
-43303554
-74636952
131535556
-129236800
366781056
220015872
107034136
135310390
213891387
-579085626
136073844
-274827357
39141984
-262535375
-383980338
-217641175
864197343
-344882148
-307415995
4601025
488960364
-43923888
82190700
-119416442
57868236
444870160
-169102506
-20601739
40908756
-539549640
447564000
-138918750
-310430177
172316946
-172261008
96536996
-160657556
1003826348
187582080
-482529520
2010197
2518720
41924262
-485852256
73831890
-16170980
212986800
-630725970
89100630
-328196440
-215169780
-323140998
430359426
-166154518
23854146
-278039418
-10797802
120802450
-765489744
151661070
308560272
468548784
355447473
725236380
111963825
719332856
579503320
-110322044
-469852461
-311983728
-343075128
-1013503800
122930973
196431872
13715625
124929332
-182152213
504080908
-339258876
-970592532
-179013402
-383719372
157238304
773195009
-59931250
-96230624
-14086645
-367449708
20176416
-26167512
560541323
-27756583
-5856000
6416080
-21387000
-282523046
613212480
-172702305
16861049
689097600
-17668848
-308421615
275194225
-109082427
414739780
-26197200
245716250
-334819065
-397946322
-195645960
-49506446
4304640
-410821354
495885544
84622318
-196021432
-157368138
363908220
33082764
12171530
50658693
-624677064
353508912
153006350
-237071120
-95354343
73101552
63120022
31607381
0
595393892
225435128
-117727155
545561171
185009028
325106950
-449199072
-13716144
-167971122
-3286962
31927746
419608368
95803878
865738124
117906108
67980780
-466071354
-9792714
-182371280
-679169216
21944505
355955072
306701420
230767740
-269965490
683188245
-32296320
-461717460
-220284912
531367804
17262336
-323444366
-121245875
590281968
-478511297
208137435
152149620
112871021
146954880
399860264
-217546252
209522880
-578041601
473424640
-242061989
-420812532
382487446
217344838
-11424231
304796485
381045330
49799790
-137939620
-206134650
-87983386
446453803
-194211150
224094612
-88715161
-446813692
-523821218
-935212875
98052240
-17943814
27625280
52336648
852633486
127537900
50074481
257818600
-41800935
411810642
23514708
315296973
15506563
-906604
372938608
-82670564
726801543
416449964
78752481
-345701184
19479435
140887620
-806322
385770532
-40974185
-38468911
262449604
-3887738
-35555487
-47414980
-210778920
345075
26490720
23433738
-197771003
-2724145
306391167
73901520
244115740
188351668
901392629
-262281264
67417600
728013034
173880720
39735690
373235701
-244726956
-520794015
89200623
756472916
402134694
-64779743
-426902660
-784847700
160612650
35588823
136069974
485046024
6101190
755335924
435469200
-284422320
125594484
353494736
-282609486
77871323
-508455256
-28443093
503801432
231107013
-133460074
287808774
138724524
603190742
15807424
-821219958
-5912487
288419480
-164964696
76260528
109137457
-26088060
48480380
615861228
-6355935
306346217
-263755613
-540851295
31400100
-153342993
187214092
313659598
-732489517
65799650
564691533
-804974148
16598400
193254672
-48126001
142924314
883919916
