1000
9230236
106746640
250629888
-203445243
-230914070
-303870072
-131570920
81117246
455802417
-87904169
-63445688
-593710524
-96275539
-349062648
24953344
-466227040
-35954619
-515173203
-95565294
-201577914
-668399766
-125642224
-751975488
-51163200
-16726563
-143154030
-446288240
-929123289
8108451
-393616580
-212554408
861904616
-609965826
-442575723
434378970
182451934
-226670760
-150248481
-36656945
7302690
-14304758
18034866
-5728595
505791648
329728896
87689028
-279646530
551828190
8053400
-78992065
-449860950
608638960
229188204
476903805
277857486
279244212
-60666028
34722816
520144989
-40472964
-8924145
53734716
-62310050
479930192
-442212144
59854518
-567575460
-213723136
-33480674
475807398
-49649212
748446708
438460270
-344502048
537322910
-948541940
-18421595
-496964174
-702255202
799669604
399143472
83147408
-387277350
-257796556
-225313245
48615036
285014800
144356129
272884456
254139312
-438947658
-166790825
523008000
287089062
377782840
-310382868
-2423136
138038665
226743048
-171182655
-20239632
-652410220
255312395
-25749150
203447296
233968787
99377361
484927623
317275915
-605011775
610115380
635717511
100432600
-611458260
-448813605
-219769865
-100447256
-12849952
-960700800
-453962823
-11343277
188770206
-901840856
-390966228
-193575910
-928905250
-97998656
-222861480
29741184
432813186
266858268
177114010
675645152
-308430384
1047055230
408483845
-285400638
-132699504
490086108
-112500738
75084672
-133883674
-529180140
699747650
2366496
-599511
282788204
241048192
-503613539
-12434292
-315694980
-236424132
-10742410
140479528
923480025
-308635380
-10340617
-149481846
93615834
722849634
90907362
-22050810
209285604
-154158346
36482815
-678398176
-170481496
886409613
-615702516
718973409
634108813
28826567
126760410
-969699027
744361968
404331210
105125895
-356732372
543339615
-87522620
-197162240
-37728730
-362602536
642050852
138566850
23935300
138882996
-20280126
-384902352
258650916
-12192145
79109276
477435720
-690292310
-418251195
326399004
-377343980
-561303927
170529138
227711770
-29261115
-44727272
416317770
-983469420
410172800
165459218
-326993346
167308566
583880134
502334578
246115926
573263244
163074540
624211198
-453331436
117226004
13874250
-566405347
759429700
-486057894
324930397
-304437952
123616764
-102727980
-95369760
-78461739
-30058110
-220146179
-648736
409901926
-262613484
217021824
47959807
-108987372
-327262016
-100917628
-447347010
-384786360
-495370983
764736
29044680
-438426000
35463037
-99817047
-734313114
-194267680
286578176
-111431080
46093254
109711464
11333940
-211615212
-721908944
-40207818
29582640
5989780
-5722282
256285608
116967704
179513774
-120278494
-35234700
-216309440
-539256160
202248490
108491344
425983552
3555045
92556954
-720679914
-137457840
-4806862
841848024
-80502532
532616691
37115056
254610125
-341585040
311603274
-422755866
-176212916
9571494
511240284
592845420
493303200
335696171
659537440
-148868157
-59846864
-137319600
145975788
-322669980
104405944
-249103723
190008900
651998256
158372736
-94618572
-566869320
-183030045
-418724032
-850283868
-1438088
-50064352
-15985920
157961125
-157374476
-302566100
90860318
8466528
-473587000
-285353466
-350664966
1520676
-75601305
582582510
-578643450
-661012264
437184300
-144857232
754997136
-319039785
345202
44846109
88656360
-834025074
168931875
-54841448
-947590315
128122935
309163750
-105430380
-214596070
-166548750
-470022306
126762828
96824412
-335666372
-521462313
-687631815
82559174
-111180408
1010963670
-496595400
-25145080
93470200
88217740
-326333784
-152102716
138073220
186745858
-451437
312964152
-60670420
-529425510
-172388957
-27998936
624290048
7396296
-484995025
-377316701
-120938680
129503506
10895155
-257804688
145757624
-95372280
102135336
136938273
14590140
-59509908
896329476
826843600
-15073631
-381550848
-184957175
773528937
135306075
-50349888
-52886750
-170890472
-253105600
179829768
-363474747
-176856114
477734777
-154066912
-542148659
-29220308
-26938260
4507065
50217937
-328395720
-202703292
-32234072
37392526
-207885101
916235658
-8812544
-111988439
-106957605
-609404676
-31653525
-305591140
-228383764
512081267
39051987
-331780050
80002403
-10346730
625135416
328981476
479076
279634420
-832904868
-87690309
157279516
-29275904
244456508
264985875
583165737
1958580
-90960975
169741396
338200969
-33310877
-512287380
-336476184
105891800
308800386
88291906
-21704802
66339693
-145643520
-27673140
-410352900
-681815584
204853024
-544385853
-9153578
185253678
-279467540
-564877436
952285204
655345
-401565515
21300290
-160797566
255051044
-22316000
35172305
98416134
116052030
56865727
-94821312
-387476004
248583816
-324047964
440435100
-15614665
392690435
187614924
-459025682
586522134
-121088100
-518048560
102684150
720240752
-364731375
652709504
-86247642
-486828207
-58803185
-794367237
199835468
-186954795
-44426041
-196835690
-6168512
-163240734
30157176
556806078
257205682
-304696548
-111300936
-352885920
189666493
18646050
73574160
-384287381
-150151983
-347476915
478711439
-59988600
12564648
305501474
-121884696
-336948948
727719580
101434416
280112400
-965110880
-301272560
-294495912
-170614917
19541760
181616305
19014571
-231205440
250083262
10255484
96139905
-334628140
-48467187
64973733
-975622804
-18609674
89516406
-82419131
-3496644
-159449374
686513490
19824516
-259741726
-211373269
291914442
-23397912
-606838596
-216802535
-116008826
-688007824
-365145732
246941940
-12756625
-119318400
231350105
3480202
-183642165
569498098
-262928960
566428274
251771208
-1332000
-24229440
-139209966
-239699988
54343746
130299939
632552328
-19817130
164785432
-119683965
-255436964
338556870
-38611140
-135671966
-129854907
671771085
218095710
297722740
-430801250
98196273
119264704
-126763020
61866035
27868610
-9729707
79116534
-116821320
-449688584
1278888
611948478
302624082
-123074000
157688723
575061289
238786812
-507413480
-42666666
245423360
285777716
-183874096
-144648604
30619754
10744144
208195197
438486759
-5098880
-106582592
208751706
9650080
-109948108
112611707
595965267
482261700
-43495850
773005367
-426181104
-197132175
-90582156
-330539020
104153256
239844819
-558020380
190224256
408906830
16619946
23540335
-57681204
255532284
256709394
544819300
-720402744
-234358552
-165359166
-919313928
-400542482
-453760780
-343803911
-73634340
-640997888
110013048
58933790
-12945492
763277094
48860226
824502776
307128585
-50688
124779270
765894328
-13005151
-458954309
-3827024
-498966559
199669688
-54982749
559405028
32160186
-465465193
-47398752
-711592436
-11918430
-317247750
-259344288
-479825390
1834432
195987652
-72522855
454001552
-46635696
-757241128
299638044
-255088680
16053634
-200836493
5711004
16591464
25425411
105515124
603334908
451145016
-145110861
9772300
255569489
11423010
-57511200
-348860720
11607318
206326110
529515000
-121985472
395917725
-32554494
58093556
-252254520
-308572416
657025810
307746115
-115435008
-276965109
558517428
-75396170
-142060610
-250370120
-111472056
193283233
-619779581
-258257720
219894948
266986545
560634752
625871834
115198281
708478428
35843310
419933312
2003712
262008976
612915336
-31673547
-230904716
44288655
713401260
-106572090
17504250
148599144
-113071938
527334756
289502506
279099625
-211692536
-19912129
33601554
67794484
-800355179
372362213
596982634
54009176
-315448215
-589080614
-135728496
62038251
391775153
-137954936
-111579048
-36556188
-63778374
-622019152
-178928202
-226747752
-162976636
-679479885
-2324604
-285350560
-244160058
-148625862
-451627608
-9755892
-205629465
-185653265
746756280
-593371900
-844412608
-143220442
-609737875
115996482
-402283476
31245960
-357753312
-865095000
272335050
-486737188
205440350
55041768
48799179
-212264305
203818280
229234070
-42257376
2662545
518005445
215000580
31777191
281787148
192635160
-403643376
614762423
199010874
-317462150
-102376575
-65847312
14891060
468151564
-415888150
-466919187
-711363781
-877998
-57891966
325816750
48497280
-647344080
102604392
41136616
240509280
-321627400
-207543888
561790399
83981924
-511152884
48290528
757603014
79844220
146776308
-617829080
115137718
225644556
-160964918
102780621
542887835
-48535668
-88581008
105229660
-957618002
-66393600
-112072261
657909990
101883852
9227988
-529329548
9891195
520167816
106409178
449677032
733123484
34548960
199029765
487155893
-448704355
64841920
921244739
-114355606
-705683720
-15205872
-528509376
104780074
-147204608
-165192860
-102444952
179493828
-345157044
-303194133
-355246908
625323680
-493969456
100054416
-128638575
132652608
486002109
381118400
-103233996
179794344
-263676374
318514365
-646069815
996184098
399899588
38290100
47034735
67055932
11618154
96491957
-504411488
58732784
-165858680
288098391
88737143
-27585600
-189093080
-239494615
101573130
298727227
81807920
385081730
66449460
-25015718
7943044
63191051
-418998840
88508290
-546818550
-390655926
-572028954
-263165725
108797648
-662078940
146172249
48631193
-1482579
-721916420
-68069164
-322773614
173664864
-249086776
85813776
-10745376
-119888580
50204159
26997460
-148635180
-31291416
70518936
-281539666
221038265
819217728
-154250880
-8418243
-519829128
-195595232
109976590
266512740
614226529
273824870
-93532111
-344539898
-297029473
171049801
-154721710
-486417659
576073237
65731080
-130305700
-410009325
482822205
186443550
-882731584
441163890
155719551
586643106
767780496
-14449460
-806063071
-15621840
99026500
691134152
-455651032
-837724788
239933392
208802257
-193631375
431486076
45296181
133892140
16381288
19221258
841620
-25176546
-440292996
-364509198
26385092
-61840380
-242697222
12267126
96214846
500154816
485603968
171986850
-393665940
73587950
64983195
2792562
-184031016
92664520
14144603
-889340299
-45698994
20817608
87035169
-210056048
-56895234
352156032
320862375
-39700300
-426584800
-188480649
-511273008
-1538316
379967
-34473384
1381520
114425234
-162062660
165426274
-63971465
250859756
626399340
-378452460
956424120
415497655
67767708
105000189
8036886
-305146918
15464008
-76319520
-275072595
-331606849
-30027528
234319056
-343640720
-347936292
767312
45339415
514117608
-734477996
-477228971
-625248086
-36938440
-103632450
-127098000
