1000
-40101087
16634079
-35058096
-3555200
-17854760
-527153250
29977150
-353880333
689382826
-153553327
74322070
682074008
-524013528
-510218460
-144939696
-727934348
-517280047
348482736
564322410
168454157
-58347520
300778920
152613559
-89763114
112332444
-191550764
-101717868
35948703
-147582120
299575454
50129529
398929369
393402786
-10304910
316356054
436790371
-64572137
375967278
-261755307
195145992
-404827920
649474720
99396167
774075120
65186715
-35014825
199078812
85978989
-221530925
302688925
40486152
85923288
-1931359
166545876
115470593
66136448
153113279
46425960
130413522
-609520032
210852978
-27725652
-31581555
-403594380
58025340
-255563625
-112929778
519870108
313578542
-165275371
321804850
-397181022
-72460074
60258039
-757102683
391096470
992617
154586670
-47129670
188877366
-455087993
-163741380
117531048
-375972535
-711486243
-23920128
-28956240
60198350
-38847690
240856704
-313362750
638991796
69276834
-359939082
710275236
114401814
-14973558
-339066959
397001007
18608766
-950670831
-474677970
233223312
76258948
-137197172
74277960
-413678034
25944666
217231687
136292816
-410196150
352867360
494355825
-225935815
561203013
-688345614
-103373075
166367880
-176885272
-46692990
-281591064
390470405
-818824356
-133628670
-39332896
-10659390
36595652
59535744
493118785
344712984
-113182940
-59706345
-227915604
-27117446
-567011660
166484692
22900050
-1639080
-357115825
221576148
-125938688
-124005413
-611847191
148887728
155471790
-520338554
-73923300
-402195024
73688184
-212121784
-793765055
-76321739
83227060
-314650868
547350870
300040488
-486044320
34838580
222466080
-492934704
239813388
216635782
143651044
-403723441
-65242569
-573456510
-77406336
14449680
330804770
85293696
-793844140
29640555
-16811048
393711840
-44693526
101905315
53701992
575850384
-674674396
-12070710
-160280100
-138847608
148706932
102433927
-637590528
-780332775
252294144
-15898024
410888888
-4439820
158099617
-183256074
-125123908
311871345
-249721110
-11649930
-699075
14443710
-334618695
467284792
-573612150
139163310
-269549189
38775282
147657576
-118791310
-161140938
185258346
-10742550
-17857796
17605625
-90839736
204336940
-20952852
-612663425
45758800
-713203604
-328139824
-879756835
59510626
-287587584
-497557796
185001145
22948490
71999473
327256608
-342180096
-42000288
15363765
424204776
-212535537
743282755
98028865
153980413
172156950
910301400
68314750
-194500320
-570054450
150010848
-472211760
-190777086
527251140
-413196843
346945710
99748056
53808960
-476414466
26427478
105555000
-124236750
-140631492
-707045760
-79164920
-316451232
3834162
672073080
-707729470
28272975
-19512192
574815840
276390703
-451144386
-539423820
424028610
-11333896
1156300
154415397
-72589980
-32390748
310114612
-505798603
-106205505
-718654556
535641600
-77251068
148459577
-806473161
166642935
-54280014
-148546860
-6014346
-68349112
-489406851
-150321808
-855794916
-876964432
875401636
-300492180
-237737710
391563502
-188801118
515007477
115654275
-680638518
362935662
-41625029
-528106962
-566539527
-92264388
-373513698
471464448
666510552
544007555
307813836
15667578
-338692500
-146174982
161280810
210742644
-149989698
-649326654
-165515094
-163719060
745840368
668610
-446454716
305310104
350017928
248694420
590220818
-940610230
-53910584
-514984400
-132753813
-233365512
434861964
-37549497
70431192
-14778015
-454675140
-93461216
73800522
-205514904
-633444504
-254260508
227438631
-232408372
-133541880
-30277275
-247953363
263210651
-166529319
-288819300
-150254676
-234856980
76600368
-613686654
-392118804
-175363755
-77193792
-236141270
495386190
474723018
134441748
-786008760
-824877024
379434748
-398038917
-558248385
14121918
-45478860
-22373328
-269212608
28288076
-39292760
182103808
-110308315
827948469
539108240
474570644
-132512710
73644
-60751320
-129250100
300576512
-27031320
146935
-58877575
-25105671
305826120
-362562674
1009553140
405689460
-123356607
-157342690
434758725
-279217110
-468083468
295877872
19057864
9184686
-56053375
-567874494
712862316
40832232
-48171048
-274474555
806916768
118515257
-87964970
321784294
186920640
-132037867
-115537032
36273376
-458873523
-74995419
-578892672
245837207
27379290
125708968
-238736700
-101669976
266074584
-138636563
-460158340
-75004552
-411415355
347631186
-97385421
377885088
-752796832
237480497
706746984
399365560
406481271
-103072200
5300605
-610077043
-477838400
39670689
-244674595
-43600525
264224664
824379390
-274924715
-65951919
-64417458
148590488
851093087
285777410
-360752741
247787712
500001026
9897360
-350390820
148022160
-598999104
693780672
-68777514
214578420
150974257
550224279
636377652
-119962296
431938520
-289118214
-215546100
-398796266
357845994
26026728
-17740541
-288099847
154252504
-165101440
-512722795
1905352
474899150
-112275855
31492240
-378455238
-273809026
66941056
404646672
218429520
289965600
-3194836
-257757864
-421830948
58511544
-360137928
309568094
-411076288
-415584096
-194019462
685835760
-39709010
-129535920
47704956
-380523570
277540182
532105266
-208357360
-9785600
-41410608
-455365004
-350327722
41171059
-174042484
-569148317
-122723010
37778520
-572704272
-168080241
108731904
55614044
-237750552
262392520
-148078260
-899241335
50501984
-30915044
329801868
-661881528
-106980552
199326342
-596940620
26357667
837830567
22903040
-238266288
-18758355
-166117161
481785918
-354144178
-406419
-460105000
-524991600
185715420
4178220
-95471109
-12956483
627296362
-58670538
-650627910
242798080
-444238108
-51265602
-232961895
285360708
-180560088
-62081838
107491113
-442429706
789612340
313489932
296452240
44198050
-281732120
-851335758
-426054480
-652673938
-848199330
523942554
-76333257
787511085
-653161041
-78345305
-143459118
-416234709
235019844
242570153
921825387
386974609
-98897057
195989760
-189628974
-127516544
972184628
-126969858
-265325844
-38115180
-124337824
-760741308
-107887754
607619295
-15369323
-6349914
190136044
234333650
-103001577
23959596
842032512
-2482480
51085770
542506272
274475238
-21449984
215622722
-464868118
26773110
-118129308
595714504
-51169342
527617055
-24254370
22712170
-143455860
454133120
132713652
-239317536
-227653158
-167989678
988851290
627378616
44110159
95656977
305883333
145198885
-149806320
-72437585
391150851
184797252
232858632
174247060
-93922320
-84143719
-214329336
-122273918
358545410
-528678920
90138527
123713620
-82016849
71772912
37614063
-123272460
118491942
373728096
-15078019
255140132
49748460
97186068
505658733
-590411580
-761233152
-489774780
-724398795
-114719280
360054120
228085300
-146275680
39526395
-332820008
-948153120
448950229
754008163
-152963722
-904498
-50963643
393132576
546309869
159218384
-278271797
78157380
-74165614
-198856944
354390664
1046489058
544242353
17309312
49901256
-100225427
141389220
533786688
377925505
-118333000
-114012360
-5444685
-234583074
-362189001
-144488427
-108501940
-113712165
227090520
825327105
738855701
-139156588
70236894
395486226
-3357445
-573424947
-24867084
-686484544
425250144
425330694
524475444
85072104
-6358160
-365284458
-395013772
241385192
-26270960
39986778
-565591408
31938057
-441584458
-37629750
-276930363
-195227450
-566431425
40706154
515560359
-307941122
344850248
-503520530
-796513600
-136860832
298515705
263001152
107973960
-158905500
483952722
-303193684
193395132
-9485927
-508577610
-653297148
602278931
128375908
-150334542
-182767076
-103633090
-357040117
58869580
77198136
227567338
-20347038
76182932
-197313056
-86553852
-144317100
486216612
291521331
141787322
-372458607
-39954434
-13384188
176225892
701102709
-45722880
-3555995
235073641
122246484
-284540770
-264776328
8473892
140845221
156386208
107273457
-51165456
-7235792
369209340
-471596295
15105384
-779786856
73221484
415592586
285920253
-529174620
-294964426
-717075486
-234753277
-4637580
-249563400
-493964451
199294650
160160190
-21466380
-242922675
-464428668
48467993
166831998
11628760
553059255
-323183844
-16269318
150160652
-94562946
43065539
-866036025
668826509
630115335
310819622
142934466
-438567712
-343833576
70454400
36182300
7991424
-72932706
-613158176
186439365
-121496600
83631096
270624258
162112110
-142456533
119775
288770778
9056592
-230670
62751784
518250474
-450470886
75435379
-407287020
5599698
177599968
856537220
147599990
-353217904
502482750
-425284725
-229451601
-156995072
-711433172
-96621880
-185425388
905031248
-346997616
-369698560
228134772
32431035
-157283132
-903654656
104371470
-206239999
597771867
-12820608
-18901504
144222300
-60869895
-7216664
-134461530
-157909572
-318193883
-203904112
-566753380
-74335696
-715976844
39671475
615980628
-199015520
-49615358
-133184494
-271683082
-207443336
116545040
57755606
32251635
-245247424
115261790
400933896
-122110634
6445296
96047250
291782400
162484168
-823463563
-25183340
-96068426
269058085
-751525088
-76774761
-740639957
445125492
726623040
-575453918
-12610000
676233940
179342385
-149348460
-26520832
-743049328
193828923
-531920400
-63275912
139961580
-356731650
-220630956
19642010
-150113331
-83839000
-17978448
32612922
-640523645
85609455
277223769
719136990
-896707845
24636220
-100834195
-135854750
-223871030
-13989060
-94453460
-381397221
268924173
-316039500
102888268
-51492150
-66856340
-99868356
-29050920
50643012
-204963804
92864380
121345284
102181380
670301982
-397553400
-196288224
214461955
28277424
-104821022
-708395903
-123378060
-12917427
-156287952
120820955
72324116
-636627752
306756198
-200083642
-92664000
-373862352
-541496731
301025398
-99174504
-173038250
131452944
-309352230
-41946176
263877570
222326239
246808142
-808316250
306987624
588470883
3770910
21348360
-400692824
810537567
-533839184
26852148
-188507784
88616304
-9361443
-210668094
-199995924
-717945630
68494008
103912704
26226442
-479114349
228194078
256687272
-546535890
-52151788
131347768
-165178750
95527824
223533828
598796506
-177925732
-71205660
-413740920
-12818850
123410342
22636008
-204089735
-211040907
-143385684
-24978160
-190211280
236611228
210644301
-65771580
-176381785
964978668
180680490
-277276596
-395414460
-25750515
26881792
-499685580
310791260
157946724
328241620
165617640
8733258
338837184
-649401190
279181500
23137674
337150210
19607476
613791828
