1000
100218750
90129364
-577348
25962822
3236103
643876464
111501024
38362720
128812244
-446738222
-503118066
72768000
198891987
730246326
583367037
456964960
225004743
0
498772650
1976380
12338396
-494920290
215946710
399674020
-387476544
-80081184
-111525882
-15731648
246104222
167714780
-696618792
87699784
59989120
12137840
104488944
52051575
56824080
-283380561
-188511180
68048196
-176557098
315098817
194898038
-447021456
-144935750
-224489616
1264823
-394611345
57087399
-394035949
2727747
94791772
-109181457
-370448078
41373010
-34263588
-350414967
1885266
871054900
6924555
-250466195
-140214263
-130989114
566440034
193503258
-92180904
161855118
-130887444
47994332
-387064216
-754208532
-225343690
571547916
-27192178
538826042
-474487860
209798038
646839746
233914716
-373407084
-10480140
-41670200
-601886700
307685404
270734691
394508730
12584739
488082042
350838901
22578588
-52276080
38055430
318379980
645124312
-102454820
-90807990
-137537704
742172616
925434344
-177634299
-132333600
-95781345
82303326
-97568831
872131332
652919787
312953760
75700880
-198216772
240501492
365755900
-338695980
7949095
46476326
159156547
443765481
533909036
134704224
243668489
-59352660
-5294016
-317478315
604317000
622193880
-422861120
142757068
-495308308
77277424
-55016390
260105132
120947355
-138089952
-260114404
4046290
-81913832
565335120
199286136
535727628
313498573
-389043018
376693962
5865633
-235915902
-55940797
67818700
-78376194
-262037320
768020235
-90288320
298923471
685045836
352541839
-73300071
291769673
547255648
403823581
-551164908
552704000
925727220
-18257561
-343714059
378689808
281127132
-145549625
-39712856
-424964832
-523443144
-23198973
901936868
-261096528
5664318
3858519
139905792
82366464
-73956597
744160818
-27199432
536753058
146867292
418960630
335387134
227018254
-87223556
64076513
481218388
-147104200
524155185
585685212
-852781400
-305991525
-511610980
-454171050
264795336
-103209792
128787920
-30679230
-157547484
360046416
153277047
656381538
82116928
-42983073
-119278656
268368564
33143640
-401459352
17651320
24103970
478497600
-539067471
-24982668
482895231
272153192
-45063408
-479106786
186820390
-701081500
-574903238
270517464
-287106415
-105202560
126383712
-65081520
-102704625
109508300
-126455277
364214343
145773896
-444325230
300954924
664263990
83458512
13790678
461421450
-23763553
-305062860
-248915875
390733936
-109259665
125235462
317406264
-3731387
135017931
826906350
-192657860
290585343
164938485
200242882
-82900120
545896112
528862500
-238347200
577599732
1001784
-349292266
-822470400
431535030
-366740826
68900376
441392000
396810484
-251359906
40493165
2065908
416554448
-630830420
563654673
101710115
-214092648
324983373
41102460
115438060
-373847022
-301493060
-347260238
83355074
-197479188
210545868
-21501150
-136801844
33894220
-214515
336094200
506009412
-300655784
488093000
52295948
36641507
-165596400
653576896
93217280
391305728
548418644
26796000
136133400
175080626
371225916
51340170
848343000
102458928
-247359504
69450480
758919850
-530605020
93021734
-516794520
128822186
190855404
140757909
294414780
29756140
-30004650
-292492638
-560300280
21998714
113842800
317146624
947766624
-173912244
301584863
-101082050
-59012520
-489323818
123785046
-241407586
-95049915
309105486
103487811
161306954
292649994
35065591
75912006
6303060
-118341405
-112667640
28749032
-485198736
-158613744
237937152
-595711870
-278939313
3988119
-140177830
151192800
-147738465
-69682880
135489344
-370619478
-321629256
-248482247
-282683520
-41957698
175434168
-272733804
255667712
-684888756
-202371900
-380311464
-24818028
26300600
635862170
-658206456
-26570816
-540215274
402784380
187946099
-186837720
70861530
-175326141
31388136
658704690
-85245389
120643120
-145948590
-3037542
421701142
627991140
319987052
54818127
672170582
-144375966
316370250
-568614424
463325184
-84959336
-421491965
129348300
-7441805
-570955550
-25511952
-367997380
155828289
389892748
197101500
-910835466
-85077000
267379622
501090860
-748579320
612960830
-348721686
30758628
17374614
395003768
-170659464
-494396976
-494146962
30484080
-562239810
99162756
2826486
463019649
-344276806
502465086
-407279720
-608521930
-5967850
30135588
-137960240
7315698
467253063
158925360
206031930
-212619297
-159216527
144145750
418225785
-3787923
158310173
11535264
-610439203
200226204
-97032849
29068960
300413610
191968629
-68695326
-446530740
-97831800
9308936
-735137970
302201568
91903173
-140943577
674716740
57991648
-365262976
-481103028
-251822928
-52941735
50644123
116092080
311160976
-24205962
-58856448
84684528
591546076
715619454
212547300
-650775657
-651842247
22450727
-479919196
-222309048
134016702
-40737867
-314149738
-698042870
522623346
-535090952
-301856544
-390279098
21393504
99985732
903982599
186092042
-29753700
-161265278
-178799754
335715597
750046640
-5325745
-23686320
-557242592
100314688
111403995
97179948
-296926433
15992262
-17814937
741723330
-402628512
-143796625
-86668560
452454008
-133594074
443463824
354486098
-170343372
177765536
-58288339
56195550
-191470856
8545424
153017605
-58499622
-526943001
-64393870
161928315
240019740
394566932
-269662662
493121898
665796678
168183540
347016025
-233427600
304929390
748599891
-8167625
-675293568
-201566125
97834808
364509914
-339814772
68404320
-133852044
682889993
152391610
470205657
846289080
387370360
-149455908
-481608960
-87913501
-723697821
207396558
-72770096
218788401
217591712
-5568234
-68168548
-461018155
435172950
-790943229
-123809486
38703678
98697716
-56992410
174224050
-666684672
328370460
-359984146
-14144832
273576643
-515799904
9835540
794783632
285618486
5431500
-67696409
298999195
-9419776
-279564571
159435945
595401429
719649133
-162680472
-405937800
49200032
-220360662
-128535540
-161633688
-264997515
98410050
-56307797
251012696
-835070131
-104215833
-83305209
-37162320
-210573902
-248752336
426227744
-60760416
-487272987
-656864321
-1021743
803391953
343565852
-96157936
-449508524
-463697837
-262364586
217292112
60754833
-360771040
29325857
-41833330
-102491576
194046236
13992640
545403772
880191312
-794152926
194656182
-481895730
253442954
740741004
-48485952
-20858780
439387970
-113122677
-684971168
-28678816
-332346243
393954030
101417940
697678060
-207756594
60514818
-163044880
58012664
-634012911
-134978220
-764305146
-72091696
-620251686
-927937885
-3940272
12222015
183207279
-285648876
22710450
403510800
-134998500
-545056512
-33506380
466484690
-677956539
-274391190
414097884
304412829
-74888472
90484212
592163914
-296420726
-125774523
307093781
160018144
-455706083
-74909053
-140442710
68812614
-377943456
123566807
896196160
-124331979
-296357642
132563401
-501506985
41569394
-333899232
-182180826
8323722
80777113
-832866300
-110761790
228370766
18044299
589649920
-348438760
92564928
-180433470
-632973236
125050120
-226972824
89217880
-793833360
-597606093
329675883
462618090
634003344
-217180790
546853450
-23538680
-354166878
330103956
907631125
-5083644
474893064
-43832432
-23492925
-30064655
-167786487
195139958
-31400496
519427048
-350678152
270218750
-28892075
-510493365
139399512
-326105120
71488606
-109177470
-472390896
-294467658
485054676
-71503590
30344328
-444932840
-400696868
-69250962
123249896
116076356
-908422128
-137265866
-232332213
-567982720
27629748
-42382640
-13888500
228723280
-582756868
-223777708
117080964
128320908
5836230
-167497890
-334307950
-312135501
182805535
337810041
-478649340
-121310137
-91634400
-475810685
51519840
370567568
13272922
60404153
-141850352
35350308
20637845
290701341
-174144640
187499634
204453856
71598156
-31593580
120228722
-87394572
217645425
113205792
-125933222
30087112
-28388508
161172118
-5643417
-308898352
-54232800
-635570432
-14756608
80807670
151703860
167592195
503576150
-377035722
216634894
173686240
360106560
14401608
-176685678
93173910
-228461856
-415416564
262505871
-15603676
-62864920
794439360
104912064
-171153466
-44031222
-125956464
-495731316
-613218464
207717700
-94963428
242882640
146716064
-203857346
235300142
-715483343
-467837160
304386423
100241881
-95544567
679164450
88970920
-81801267
157980130
-42329222
-1530144
300840492
-2373936
-399156736
101744706
424911288
-471234680
271235712
-532547392
676975104
149889185
-122640063
649462250
-438833738
182680417
-77519430
412484940
-55160237
-174429420
406259634
57703297
-661535730
34266377
50208398
225693204
230871384
-434856800
760445060
-221192620
11223428
592575814
19518863
78418215
167669074
-355353396
243135468
-14773472
124884900
184200480
-162612834
193366928
137971200
-33342644
924528
-300209075
373688998
-594908800
290388108
-12681312
25371936
369014886
-204277038
58817871
330643464
-161042224
60165168
-100379520
1567120
-18387520
-118390725
-215182450
-230013447
-126413820
-431461875
260748124
-526753810
260696982
-106013250
290389912
40971915
288603924
-252612243
236979456
-739286361
-517675249
-81911885
178158607
56540883
-583129172
-18985950
-14940242
238137692
209831020
-750279872
-41512148
-25761127
-331487832
134552054
-12287880
-119063690
-23445618
53013325
66709802
-133790832
70266692
524122536
-13566696
335060152
-238464
-168793605
-510157724
-110345928
31078352
183489744
-389963147
16009609
944404515
-96055794
-296472129
-14756955
99522150
659088716
57525155
-104569894
-305780496
213199074
-473448456
284077056
50716223
203416715
-463092168
726920175
452713080
-733445023
487843980
863815502
476947478
106951656
-13844103
228566709
-143790981
-318485258
-387461425
-355126343
-39217449
2514545
648949446
-13461266
-248341604
-797585145
102463100
819161956
-8917155
-82971512
499780260
-251025825
-58208000
-168507486
20935920
-84062270
-677969486
448101504
-188173200
11668216
-49468220
13620256
418169685
848676490
-605867600
89803980
212497632
246705760
-14555208
-328735940
-64750950
-546541370
227570560
-269959916
-824814900
-498012219
136674342
27963879
70554264
910915507
-488473172
-207846090
-671070312
79468496
-329281628
13383072
-158292498
-1017818256
-48102660
-84649542
-9902144
176002074
205450746
-98571450
209109690
176242912
6290625
892753290
451040460
16889600
543328200
-659487674
-28463617
