1000
-454679903
237313220
-235421510
32466294
-59226282
-111914152
88014974
-763200036
729988770
263890200
277064060
-519508832
-786330636
164128304
-222841575
-52064476
229013667
58271940
-456812397
25660492
-93302145
531815130
141060670
224600292
484774500
391056424
-10650640
81456453
-179413425
435692880
42448520
2544766
-395385728
196918464
746025966
-148193319
-4775148
214160772
-53884720
-161971668
157050240
93700600
1505497
-217461720
558158280
425113286
-59801664
448830648
744934602
424015324
478755466
-59913932
233096448
621026400
292444941
478548902
-486447228
-1054298400
-450688355
545032898
214067840
82281048
376940531
784978468
31521630
86079854
-372245972
596438640
-584648400
97842445
-272971866
-820304961
631691606
-109999862
-563369856
90895854
-404040084
100077452
-12381424
-190649745
-755012212
731363898
-284925993
112109000
761109279
-369843570
-254719245
-21126749
-99270333
302898132
402918288
-181824597
-668038800
22319843
20321015
622311690
-222193030
-104132190
83556067
-901782724
591683036
30536502
185967236
989120
-123662988
-135029136
779474932
67064514
-135332664
-17934421
-29758921
72150
843437715
82631079
381354314
-49571125
333492225
-99699000
28728447
648905270
-288515358
199301787
124600918
-214092738
-156888592
-20252892
167858025
-745982688
531826677
49732212
-721429182
129808764
-30671464
-299437310
666327960
266789314
-524164806
-19224000
108324135
-24953084
-76537968
72748473
-68300409
31712292
196569828
-184130723
-38023553
-215926974
17226615
-284409818
-737548218
-459375350
114026904
-61056358
-31203808
180599496
-202429460
113643402
-303084176
122320296
-386102784
-148956192
-938731305
67727064
-28284336
493162350
-74188136
-111530880
-232241614
563083620
-5456412
-324729820
-142223613
-182130588
93808719
-3589364
-141247008
-272362590
303613128
394250624
556030040
-54705705
207203523
55915035
66756720
20776961
33251430
189760400
-452422688
359443632
-535848789
-6265836
813052584
402718440
514835246
-94178376
386727324
438864600
-346105423
-103433608
105966657
578694168
-89306118
20615056
-314666254
-29035580
645067200
-644670
-109652736
211773562
-408555464
-16074525
-265339200
246026880
170703520
-365091987
-26084703
430485070
770088627
-331707215
195640852
501096568
729474879
249831099
510944436
692815522
268010470
214978285
158587816
108321994
-239740884
17155994
137123559
-292603264
30559676
25873068
289461434
-108748416
-101468655
-562230522
-3672744
-26150421
15188063
-296702190
222536538
-258092946
-291134340
198244417
16933160
443107350
-27712800
255813201
-462578800
245412157
-134471820
391192593
78558501
-286916546
56718090
8549181
-224991258
201047600
434944280
391582527
197866808
409266975
-21092002
62969361
-429383892
242980100
335603961
-806781096
194800970
-122629729
228779268
211031550
463552635
200437258
-429409272
605416236
-188213788
-103698918
-559345134
-232110657
162405000
-61147176
597336222
5797440
589408500
626051060
-82143256
-294398550
-168019520
-748172040
-483850770
243257949
57680331
-52286808
-358447640
287618428
-269096701
-53233888
-163374876
255480005
-574959892
630581292
227787865
15865492
185022684
-75756603
-651556467
-639323700
878417160
235901226
333759078
-156786084
32991192
-446915854
-95362136
312660544
-719206032
173790226
192239658
-512370828
421622145
789357775
137133888
510340852
-104192888
-278719431
96134072
-95502648
-440294974
-480278622
-462208312
64141974
-25122216
-190967670
69706232
195152800
86686600
-399914125
-415499108
836652556
-511958860
139938393
-930109964
126614988
132833923
-156368592
-323661420
-2227050
21853549
8819604
581284924
-437910956
-123061205
173942868
90925863
-369702822
111216763
-65052234
825408820
-141375712
-341819352
-463357441
334655664
120725334
949107903
323173090
44230108
-704815792
200783240
469592080
324048690
-39084001
-286476471
42939666
163543268
-383910225
31403182
-606400137
622174700
-239564340
-981958627
-349894786
24175578
125704647
-191220180
249694785
-16940314
210671040
-774484236
-11515713
-455868510
-637475072
-88108654
-54065880
150019386
25380684
56415504
565771614
-779682980
-24630330
-589065617
-114706306
159298394
-367461432
-174408973
-229086900
-274172060
503562334
-220664424
32694269
161460390
420250455
-117742455
450049957
-106835280
48786584
-61602410
-54819093
-92524272
-677397680
-890754322
-610741098
158420592
-334890960
36712014
229826064
114613303
533307495
68130084
-270910946
-410775794
-220380576
252202680
-154493172
-357952800
383831784
-302681786
-131453784
-485683884
-82738964
632249280
-23838080
280433736
282660480
859297098
61727696
198492354
104281696
-152254080
318364032
-426325230
49601986
237909520
-16675912
-12124324
308144658
-76570300
21065195
270221545
2347202
-547563674
285339600
418995850
-159351260
-277586200
-13383090
674108082
117303384
-107474608
-975426309
-215418567
-32164200
-440094144
255564276
-919291996
-140135884
-44179031
-338532696
270156
326890545
2076039
-9584596
-176814000
-42816956
-596961240
-263757213
436332180
207739693
149714605
7762238
-41678872
15438384
-130590022
621209512
637429995
-266479615
-525603259
667071384
-380258593
36284391
-338463112
1663935
-31709454
51731680
813872304
454169100
-638431272
-406386880
-49194752
114638106
-192229532
14292091
442855990
-946380830
-34316688
717109535
-68917905
379652000
60129153
129586149
331846342
706318371
-4219794
-1149387
-78722928
-64414996
449122374
-104755374
-12153568
-11056140
177569496
28897716
-468765696
-3364356
-514642470
-263693285
414951264
-514113336
86391421
-224941165
59295256
-39479223
-430131590
44630080
32910776
-832553267
-21252488
101593921
-917254533
535748400
-11276800
190281792
163134000
-26712
372518300
256083310
482377324
-190184529
-21567036
-616023320
-82549808
-659219600
179968180
-40123052
-111538638
-802790896
1399032
473928222
668656170
221223384
19078930
-519131565
-149407770
212662303
493435140
889643466
-10831467
547461590
249200724
-75448070
-198396912
108952527
283197440
-241111242
122627331
208475177
-23581376
-10873100
128313181
-603594948
-437973650
-709991076
187745246
-168347688
45714906
-67632725
-26057962
-80770365
103184174
85165389
-799309589
-203730644
-98673000
172233102
-234585120
95245542
-654108560
530987340
-832821696
-26914316
-636195760
674879016
-251685010
458855796
26115776
-163012500
-9465300
-184118933
74946225
-130342239
-432421275
-11294778
85175280
-508474980
-71196687
-475123612
21842772
-511549038
-272480916
256821014
-813299112
-653135242
-838804056
-412263940
-56545860
-168174741
583248100
223384052
-591697020
-199491669
-602553447
-535974840
644190588
-201441072
-355954874
59796830
186793852
39848512
127992777
-152089740
-27016128
383097793
271604996
94350256
342907504
-222371236
708222900
450160722
437496822
-120101454
-229256073
47666080
-220037956
-456714336
78992496
-125705160
3183960
107274960
258682614
425290806
90722336
-516392048
-204362784
-264071584
-29850692
-277732340
-62022472
-228952394
18936768
242922619
-215869791
502541970
9578647
10919961
-270829990
-319182600
336488214
633432429
132972048
-78121580
58885840
-226739920
-197028200
58336354
-117805149
290448439
132253836
525421173
100369847
-62696757
340855137
573607156
18386810
-620562700
42665920
441371672
5991532
276615424
-79499776
143667706
530513358
-12752910
165154536
-421161650
3919384
-431534679
97867035
-691977770
-708872340
167423602
-21121313
-52202750
78830874
-140228655
-341072758
455712090
795930918
19499571
251551920
-140718000
-738019968
144270590
-105822542
-921987408
-187406978
2355860
-779823968
-313787052
54437533
-275466100
363872236
-210768974
678741210
-148777343
105265296
727235068
73646979
-85365630
-325852584
-70426356
-556348220
-817436496
656339100
-712097442
-59215308
-246362688
-49350268
128634997
80725580
840078396
663691512
-10689530
-88131792
-422802130
342304740
-446282136
806863460
102621120
115268010
661411803
-145844256
341844480
-259526510
25353000
-452990888
78836580
88479751
144685893
27732640
105565632
-585081478
317271142
647827154
-21203572
22201170
5679768
484161288
22650732
176692789
-440072545
-378583532
122904326
426746610
-688697280
-15772536
-324477340
73251850
-1035838650
-28135170
-798519012
55000932
546985668
-855617870
286828592
-480527194
526840960
456356980
-150484596
-162245070
168322374
184329568
-108968760
522344490
-497037784
92353243
81987615
-205281794
-562470300
-106092108
75107770
-535012590
213214869
-31260510
-392330848
68232206
-372485802
28986012
-45276630
-218102920
91275680
254764482
-264663599
42267168
86651665
-628292896
-667307082
422670048
-73548783
195146604
465871788
587273908
-44092650
-543072639
261322903
-45902871
-678659180
-172306320
320387364
199335200
16145662
422769582
371018592
-126230372
-156492
-18311300
-406630488
-94952730
10748328
672201276
-119232828
-568371384
-1736707
325185057
473949151
367304485
-163914366
881163465
3514804
344955000
128254179
-353908347
-765284457
-554566960
37305569
-35040788
50020352
-373135095
290525742
296311860
-266386347
-569763828
187904463
-612245930
173770272
211208712
15990978
-31618829
-518640288
-412907272
-987018872
-509253750
72633639
-41697865
-25637161
1170684
-377096412
-258288360
226074882
147462564
-242285653
272019252
14283858
717022152
16048611
220870976
-684246474
48373440
16904676
-144772550
-608693848
319103304
196418436
-287031774
-15058188
-25637560
-416742040
4817397
33071115
-626422098
-837135502
13600427
-245144223
879996570
723202080
70285644
-5225199
88380459
-249804612
227585490
21362538
-26470040
7733520
-252526530
162731877
-133735064
-177876850
393096384
-382789290
-18131375
197031250
-362612718
-716984658
-230706385
-231031840
-3668034
-232017623
-57030960
-96960176
163302460
-78141300
749875898
198868158
728674784
-178620394
-304950844
-8595760
427550485
596350300
235797158
419763190
-37164431
106279920
141826506
-1474032
186965302
-274623750
45135810
106166643
7143080
-44939412
4437290
147972675
-2186676
-147140904
-17782546
322904220
456136534
-83284590
-25315280
506311344
-11522392
116585640
-85219788
714707900
55285877
188358876
14609610
-300512532
159766152
819963952
-193263295
-195872180
487703467
344809836
-375418146
832091547
