1000
-563473865
599803385
35978256
56592184
238862064
95747595
-583652
-176835120
149039476
-78269984
10292080
122051759
-954203360
181910152
35480040
-94116952
386738976
708506338
361461140
167755932
290726568
492703676
-39723442
176728175
-93456376
-462368400
181102794
358812490
500228160
-41312898
46258680
-22230936
-63420043
191806600
-12843397
-135829518
507074468
336219750
652859200
26438568
-104777280
15951334
-414577929
-206155642
-470533921
-30746142
313552061
-13761921
-106940328
-229037400
-417949290
26563218
721628705
164686962
419020556
-846066504
-761500554
254085976
74402820
-120500622
-121302005
-37570140
-221430069
-599257592
-656743472
-214079070
102516880
-395867088
49161090
-183936628
-14653769
-42525063
-89380193
-12030850
413008744
46018494
436378624
7840646
58370508
1972496
410838824
236468484
-192539307
925288191
269899578
-233827645
-210295562
-164154166
-29171560
196196000
-37709919
204396480
-426514426
-231380268
138971016
-975411339
-9933240
3130570
531131532
821686530
658331349
-4932840
-180905571
131519424
513094068
48086625
-153382236
-12764055
447708954
-405188404
331046340
62798000
-10224580
-537226524
37116240
35052172
-65704872
220557753
-310607100
230025840
600341238
217837872
-44455674
-237985440
22651590
302951959
-43828594
-150445162
178915488
182784744
-224572392
-478615256
-133356090
-61511081
398180416
287891000
-461573830
-4517172
384787536
16586145
-78875841
39501422
459278856
-160820772
-310600950
76834100
-188505450
-117663468
159676222
-21222562
457558442
162563280
757307560
206178040
4572288
292045680
-684589383
-299894328
-330170040
822695280
235169490
-764261180
-190432
76764804
255996216
242214742
377929404
203565497
813081276
-7469600
-122209920
-4759596
-531245418
6650910
-132527104
-381768100
542252172
-51135480
-280326851
-439779392
-45163560
-100411296
85109123
-112559430
608418950
574982583
364820580
-68237136
-182452698
-30156462
126599669
-216815676
188354033
322190340
-292975500
379545156
-429062816
14187982
129717456
97615312
256315252
-31891754
36783244
469125608
160739375
-273508290
30574364
-674873301
9112653
222901412
590029348
-155820570
643472752
-588654500
189032787
379779840
-108718185
-278713386
16145976
493534000
178699689
-504303777
61564146
179261329
-434452200
40854880
-232415589
-319422600
-196169616
-263289774
98068412
-541118260
273792708
524633180
-19730464
-163957248
180502665
-295169725
-545404140
-121410360
377000145
87021696
291763200
398496704
243503324
10333085
49149009
-231919984
-342521166
174388006
-75404450
-455579256
-504697032
339380920
291273400
697991632
-39326278
147026772
-387986016
-781787376
-184922912
721083930
291368220
-38927040
173290572
25498158
267523524
-325551320
-942819312
601917210
400551228
-610456662
-122227721
69105712
21690684
3313270
589114632
-64063483
-32765650
729629045
-114921408
-300146968
-54829930
-495818557
131242176
-160559553
102509065
-28729436
-90137520
-361424193
170190009
40534866
-222715939
-490438830
-421014576
119441139
-582446283
351678088
162233040
6514898
-68386744
-652612356
-208722468
-163392655
-83391456
-604963800
551943060
-164588830
-284110660
-151036677
-583573941
-148484700
-666121049
154967072
280441500
77509284
682769928
-74176971
-8107344
-462243903
385986240
52640146
60011840
39836552
6068547
-702938964
-161014380
119524514
269664192
-309986064
706031466
-66208663
156887220
-215576960
566341174
-192445843
162473899
-190710000
4908528
412038256
-108776601
-548186040
161249019
206289281
14150019
887337515
640240209
-26537456
63067799
-139426554
-406027973
563145106
352264920
540605600
289679408
-65117836
197925880
93638052
331227256
-17490647
1822496
259461000
-11540
-160885504
-26205776
-514297760
57628934
-528746921
-471032505
-212060388
-14976864
752951100
292914345
45283726
-29819792
92223720
-12808191
-416628720
37202310
-86390368
46806724
-984655728
580984725
-92735880
-245838940
374032139
16106704
-767374080
103941512
136759848
-746436060
70861469
-424793675
69131706
-395289370
332878244
-53081835
3541494
317157874
-368230668
412297542
456683940
-176495544
-272378352
38815798
-140266089
58019076
420686287
10898535
587705170
117925021
681896272
-286237715
1026601555
-388408910
146181750
2753684
-170741472
46159044
-28010544
-227238680
152569710
842606148
-119078375
-2814461
-86787072
-97405548
100200595
68251936
27671600
8535030
108008402
-99908800
-161318773
136641186
761200572
-103419007
802400255
-92241496
144900892
454183620
514577760
664230858
7443222
89973324
-143896489
379886998
7264790
-9482066
-318925926
-471240847
-454645818
-665462790
-460745069
311023399
-17862900
-221195913
372125586
-55366444
564882088
31140612
-775687520
43422222
689411772
154740180
-112094272
-447016082
-431863362
-29207328
118502395
-242547746
-168932192
-92017722
22420880
-133254740
240617454
-44280000
-429362725
-107648521
270944168
133993677
-158707122
-373983168
-288855840
-60220236
-165938794
-882935253
535637004
661129100
-317007060
-32153814
-73569312
-423349354
273700374
213568992
-406332108
472387770
9953294
-16794756
93965472
-758243200
611977464
-187671312
-211031186
32329441
-550305441
262184710
-235836864
-153776072
-252979936
-5478615
462598600
-25685750
76411209
157511640
-450926160
-568332709
124274520
-81806430
-33839883
200201580
-932248690
243306063
-38516835
796544001
-277055200
-1842000
-596216040
-106122149
-483356760
31481865
-50056260
68281992
-24473916
120843372
331789248
289117680
9448752
-843935936
-80673856
-77588864
-143519488
58370998
-970206309
-289463882
-160228398
-370203730
-44471115
445597100
-63893060
-70422000
650368461
734485632
638306370
388991552
-114686604
-1010159
-429345280
139222395
386314764
36140585
5884048
148183618
214254360
-622484545
162723852
287714592
52409686
727626460
665893500
207250260
-43398630
-169019460
-289876009
679895572
32543914
306633096
-407346234
-210424412
-423218630
-767002788
371794176
-469450590
-20995182
-584742604
-532902744
-195696700
-926017503
173770285
-393266952
-405670038
6157584
110660044
674287872
-80907008
-173199708
617421119
126792156
-252377664
-220547250
17778425
-7714315
51638272
-542634478
-75903480
33146781
463112004
511351068
-100830380
-254202829
77567595
-227185640
47726172
43555666
278240655
-283703514
521173220
-43642540
-708128200
-874649842
655445903
139632900
149720840
-426161043
797797728
-224282000
-417241206
111699638
181643421
35376
-7004160
-150503760
40747096
790431095
-60540480
-490413672
183148372
465794802
114639488
5589718
-74029046
79794360
30940368
2073789
640428998
369894462
14388726
-329284588
-632943065
-40099550
-63836018
-155632257
19620150
-211393098
-224684320
-276146484
477697473
296098285
-102340914
173970391
-15048700
342954711
218386317
91922168
-32874068
-588651200
-91779675
-604050827
-652083519
336078630
-523193420
106856608
-466743060
445688832
-81922720
118986699
1071980
-211084684
-596279131
-134190350
486615840
90942579
214681525
-76653412
107016182
-6243200
-286967
4900974
426520378
16454578
150275109
-1032840
-689707600
-943293190
-161924210
-496698686
190285095
133312032
23808372
-435799611
-149534388
-426268535
-86863880
-19499124
-260937632
24190075
-92589460
142225818
660057910
246672558
571855410
435621888
387985091
370752438
235298384
-283861200
-490321998
-9916706
250626750
-810909
73855812
-618321300
71779872
204628248
60211554
-98468214
362162337
804447820
256729594
16474644
-47182890
-50950704
-33774065
181236480
522159336
-147353960
-672480448
-744086044
-375897285
-257977344
-437341320
23501282
-182253024
165263225
379838565
17608248
-449554428
-243218415
127993563
-16079562
175861044
119432980
405810804
112012524
-746726366
8724179
-242166124
33655728
-217745208
48488076
-888675295
2518260
-609497104
388284240
-190966440
1658484
-31381274
6466272
-387331048
253835120
122774799
-157706640
166733134
392515290
361063985
-462098088
-190646812
-1241460
-444055206
-393823100
-777459290
4057604
45264000
-6683662
445135553
-663759383
154084430
-530066184
181141743
-386366604
346030488
26487116
57601156
735804360
686984862
408146486
-4607174
254953062
4139080
94038648
-583938615
765779718
185582014
103939311
-103279550
222597968
647253600
-256605336
-525052231
304369650
-361454560
326066812
5569837
-119399945
-270223681
275608520
22770384
-161915419
-239861862
-897245586
-301463764
-56481124
668043943
316097775
348762072
138169920
359426844
76900600
50317236
52496728
535447815
-46239825
-79840355
50354086
-98272336
33797846
-568799060
-160524300
-563979182
109451001
-193629042
-234390864
-305681157
25454826
36837017
-269038365
-508511348
-432190143
157729108
58013760
848866816
-740993630
-738796930
9659372
-220145508
53406600
-2651004
-69681312
-136885056
-3879557
-15264315
-256783722
-286313895
-907969500
10319055
-96131582
-174911088
-296716174
526005745
430536260
-29040000
381644130
-73951584
412453503
-159039792
-645832605
110609431
-31417664
8979088
615773196
559456284
-637182000
362816440
200866608
-25020345
167599375
-39442424
-310180032
-28329956
-52002804
25339152
-50191790
300426765
-8685312
-800587422
328806621
-41913989
-336384870
-54664902
81170145
-292829812
445660815
-70568553
-111989580
-526063512
-88855704
-712180513
-236689524
-135431082
163011992
798333714
-30126860
-60014405
-393501276
-723846732
847276515
-300227400
299744194
-103136450
173385330
-311351974
-129259968
-354747120
11996616
34613851
-134027664
-408145080
61468011
-1455300
-16509423
33080859
-90515658
-293812887
433736520
-691549695
-734197205
-494233341
342111357
-552181964
440629044
36896028
-258801075
-106330320
-285358428
153543954
-332949652
-258475
322212369
13993056
399043314
25129020
-49484913
768491999
26543440
153087042
3777840
355534017
-294257604
-745735900
614333314
645940831
-123467915
193439616
-29400938
567372236
-349093316
346622224
-105630308
102854080
122101062
39638832
55981104
-79782300
891476692
-564747428
176068640
101443122
314640776
-40315268
275059620
-414735504
-84983010
124586730
-1010488876
-212700858
-299953520
110655480
-694045836
347211332
173936036
-1841054
318858016
297636627
665596787
-247265102
87871414
-90598408
194419302
443653029
-253945830
