1000
-636911766
810784821
517368500
-23998275
412029002
-194082384
160497600
529009625
-258644928
-378191916
-841544907
620852036
440761152
71561894
-98930868
989559714
-239060520
-772652595
71010560
-14527865
-372207748
17533914
451902332
340991560
248417910
99428500
-426641984
-812254968
866295405
-337602988
-70080475
52427820
649946557
286420401
329127500
-703644250
766687085
-385580240
779907060
67697049
-176818411
-6309414
-195034570
-134310000
-704837352
-414360994
-581679378
-952180838
-81130360
-9331583
-245940189
496865361
-586129765
-662838638
-73260888
194403051
-129070608
-46919075
24162505
238466221
1698323
-576258016
112071275
356750950
-337895204
-200782350
42356592
-28140030
-451943799
615554000
725767132
-16836114
174871018
-777667260
154963278
-122564250
-13191020
122936
-145774185
320869588
193044126
106667855
-201474195
-108895098
217421560
-89616901
-40898715
443233986
395070610
-219391161
-670351440
275639520
-434792880
911620155
-81119944
-7130112
-54148626
-126303982
-12144375
30115000
119678449
253016312
213145856
-196928120
130436110
-36471862
68627379
224999586
573518880
875783480
-70580224
681629620
158059720
-520778484
632953033
188127959
-23408000
123665015
-83758528
107150764
180720400
223984764
212019711
-31261506
-138499947
235303200
-774077100
-355920768
27766088
-341278931
284966283
578095162
-30678484
563152384
-74785374
40629618
314396064
-414106560
-219097569
-24236193
316578462
359889222
-345745499
182218140
137204160
-91806750
41744232
-56296000
-487081556
136345397
10320520
-368166688
4345740
-191598726
59727222
69849881
-325387179
155694503
208857699
27862176
7231496
-319516730
341532168
-25477695
-304043586
-113646533
397971860
34202944
-259198506
-237714624
38136372
11069036
-61160043
-342499806
283415592
173307330
-457911324
-128350965
6118146
822521802
224230140
19781100
-353028843
201589380
313574673
575512487
-230441418
-256536278
-140096238
-57560244
323872285
424862681
247792662
-51196716
-129769596
-47281944
-265227393
36024641
-435374760
-816107895
-25353746
155169180
454700466
550014264
148693620
-148816268
-109778796
152146024
14809488
552190050
-134548098
-223734312
125583379
509921490
682368032
-697507552
480255048
-16462224
-517563342
718954560
-344483888
573027403
266040242
-376170336
-1336388
-50620560
-28127274
-574309332
-275862120
91721700
185417934
-52131996
-70837998
-247457252
261936350
-25432086
12591951
400632195
399849340
618903263
135328050
-20675696
166348832
727513904
-104660725
-131739847
602262024
343207854
47634906
-44987990
23070231
-520276160
412820366
485649360
10849545
-354653704
620919352
29063958
-195195000
-637537616
-201323226
-290914406
101482696
159198950
216719136
63947728
740321912
120248424
48658390
-510195351
-93571596
43705368
-704992057
-3834218
278882708
25854477
-99816167
3481920
-48008714
63803025
682815504
-6294510
-96848314
98418564
-295617216
138765348
247878315
166358052
-77804040
-276346050
345124885
-24827050
56802856
-54301042
-100930734
116318420
171232880
99576648
115496194
-59625527
84137904
275515200
-526955310
-230436360
-340199772
138369950
524491489
-130655400
42941640
326128374
-85761872
-74170876
10816503
-765417
-233081056
-285809944
137309076
-45136896
-77432040
-242974437
14619400
-871626553
-33573720
159745688
-129429824
-933921855
-578956
71144424
60209600
-172140021
108295780
-403235472
216321872
21767380
268303200
-425021728
-416139176
-2273767
-144580964
95040544
347745416
13613040
-445058512
1066181596
-147648893
-134149685
40069332
635636736
126328840
392279100
278469455
132430085
-440284194
-291729123
153212751
278233375
-70024002
-21334284
-518118192
5115045
-541809072
-234856012
423092080
17962764
-4064192
51075122
73718775
-242775881
83887145
162257953
171009536
172852690
-121172352
-25542984
-116129254
-316878369
113317408
358846016
364696710
-43292676
663493900
-172051572
-268263046
443747516
25045608
-202266576
-223553468
596345856
11833056
3194240
-123429984
-553579485
-37438032
351459245
620684820
-92111838
335556606
-9420048
581842056
-336857400
486316654
-648705328
695365047
-245181872
-217054784
17870260
-22435017
-149106027
41952768
578357290
-653869143
557235294
1230021
-173369749
17403023
52511300
-641952914
-351645965
498129795
-617206783
331555120
-785842710
774766360
73991726
61665804
705280256
345128179
100594732
72943995
84555038
388172169
221497800
777985835
-50994818
-159300570
-15595232
-1153475
-94623870
4773275
757265680
-32254292
445700892
17182740
11757333
102060750
-402817705
-36521838
295941135
38806580
173784500
-91475538
348977850
-220727040
-493843392
136796340
-582162162
-121899180
692203981
-387866930
667434898
-1692351
-37476075
-229899391
455343390
624194308
-338987106
-808825650
36371112
708378867
-8779080
141290000
206802108
169969520
-470970060
212025501
-176221284
-446328544
350870212
710569600
231102131
-148170220
539627240
351553048
109200361
195427617
-232662204
-137373090
335923854
-314764180
345160764
71428260
-12015293
-10579608
-48292870
-403680896
676500264
-69862912
-513181824
203565006
827957832
-351656888
-393223479
-207449750
-361056294
-257473800
314256384
-105340122
-13583450
65117973
-429709820
15316780
-174734640
524553612
202737131
-406466825
-32881380
-44086926
-516265860
6797124
59700211
-15219021
-516646560
-4105207
-160996020
96562821
68937576
833310525
596321952
73960998
-353522142
-92877786
20904300
344769728
382240803
680278232
14165140
-323896030
175490694
-1823794
224286832
815679040
-418019024
173792259
41791692
46536120
-172075872
494856124
488157454
362964348
300205260
-506332713
165427280
185541312
352510200
195669648
549660690
293300336
25951395
-573435135
-320254872
-706321649
143678912
-57286008
45664152
-253023200
-734328868
-90171936
-16098032
-450945112
-837937608
583854051
51497460
180129585
-86317867
80471769
-882924830
180249870
86355900
-56038905
-473342254
-703231083
19480692
6592179
14446170
732718728
-556377576
679423470
254686158
-411962625
464302240
331896560
-4211696
-206910760
91102242
167203504
22939712
-238596330
-754795028
-107031440
-421921269
-108978350
611365257
554602655
-546806700
145076984
-319066101
757492120
-97469308
-681216
81828468
-338554815
57412530
-28895196
285560200
694270764
-58596265
-463476102
599508
-72661072
-24389196
234571117
-181120317
-526478150
-101800270
-451408212
260584848
668322050
366900544
-170723324
-417200880
210839370
-833653223
4390184
-706579155
350188400
-160994855
320430250
723386412
25487968
612993208
-76980780
-707062333
-163763565
-67968856
196024036
826517155
167694212
-23619120
511547120
-956260838
-437549857
-58936515
700318638
-190952320
-531574110
-138025650
947277009
-557528400
-636884718
41960763
756709933
-484577028
336893975
-409430730
506680594
-427398204
-371213836
-479603896
-91746572
255838000
-800503275
272021280
113301656
344141248
639945900
493947738
320845446
-57873683
-139435632
337612401
591102910
74116245
-71103261
-151923555
422098992
499678320
261483846
-329173125
38460310
773952256
-261741384
431856570
125843628
167659830
253936266
-815407408
200407896
184003032
-90885513
-160334538
148690872
1693620
3069520
-190313500
-51034456
-93194343
348500394
-113889762
-985908105
458810824
-209142561
778237792
-381308004
775659288
-491816510
-294231740
180065781
-798646313
40185155
-712221732
-42156380
467218710
-488731300
19740367
-582419760
619795214
559235006
-373866948
-599588670
-581551344
419864664
525123936
-752268816
627971220
-303427625
-505751488
-86656986
-731791316
-19990384
17530968
320746555
-199311192
412612425
-97284404
94096135
255272556
-332238222
-552730200
-605412275
-62707776
148463601
-191235610
213451095
4452270
256283874
56178560
-183400764
390744543
-669970270
-3185070
-245336258
-267547180
-263048106
232198393
-709698888
585903780
397722350
51872611
-3540845
687019521
91129263
-689010069
29810333
-398818368
729089200
-861425776
631165130
105497216
220367440
-228408060
-87762618
305913546
450128580
-536198433
269475448
-546404560
153706977
156483055
229705722
11990889
-230595722
-589284696
-134494143
-30999156
110788541
844963650
-156860391
658062048
-185199690
317699764
-162649064
-65437510
31685862
5530230
150357838
87183876
-584971800
52481607
-412186512
-257197080
486665058
-178395156
-421235160
-287022208
-66909952
-830000428
-31923896
-82417395
-542271408
179134740
243520620
-431366320
228387276
-190156852
610352058
259181352
-291930742
-451245858
-551438310
-266400
-462789875
-58635460
-152695858
-25895520
430138619
104296704
210065856
-359338112
164683678
-497249263
564957880
-700224283
83345388
-107097684
840335652
100504890
-486856578
187386696
822996780
-25507596
264114900
-584936973
-448592810
97998615
-41463620
584088865
335532484
638182533
-27694305
-197541772
95116678
-499041152
195990496
134580525
-26269200
349091210
66195712
-317781910
285311296
9000992
-161896032
36283797
40084800
322752783
165363933
-139395172
315715260
-292785129
546846125
882036468
249465783
221412454
-122473890
-8977550
-582327656
-90680300
355800748
149758284
33807000
102467722
4901250
-81250765
-665414672
87654840
28291302
-148869392
-393147968
157121111
47803048
-126713269
-445778464
31610194
48410244
-230620432
-3425934
121267550
684634112
-15679125
643969527
135968220
-498733686
-289897244
-86123520
-34793750
706898380
205161775
353969842
-62446786
-66686892
-37376036
-29280737
245243460
-276253545
-221551400
53381670
438590152
304728574
26782260
-173505315
963594
313447026
14923464
184238875
84729225
-679496448
102249456
440022759
-201349782
-141009432
157216500
64171190
-96612065
107946840
-5958954
538401160
-355144086
79620736
304050366
-380026790
210913596
-546553396
-7991198
-92893556
6019632
350393895
-330187156
20995988
3399556
-33074052
-222171904
5607504
398868129
400794756
621502236
-220688340
-23432196
-690532100
-143399130
-276802497
36405200
-197531334
601963434
-487017008
-18610856
407712310
247078952
185300832
-403175630
-264156130
-60209062
-127553652
-662578650
150211045
13127708
354706765
-32166204
-180239176
27444116
-575101600
-502232472
-61147470
615023295
-158299944
-110315304
120684496
-272815348
-74918368
219913974
379957136
430870146
