1000
-330904533
-6928896
-419296302
68016290
33092064
-679278208
32782944
77980364
-70446984
37435616
424025828
-215073608
202194024
-768620034
597325384
-20030213
859314432
397879092
233506203
-466759726
223970040
192816472
-136888182
-20686560
149212287
17623320
-82553768
-538853002
-128451364
-229612416
236632396
128347450
341842790
-7086777
667046058
-493161049
411640082
-680235732
297335701
320920290
798698813
173401108
-70395042
-487839875
-181620978
-330288603
-194126490
151959236
90581814
379199598
215525868
-180605048
212638524
-50784062
-266780496
234630000
-194334768
-848452490
195887021
129535809
-560127044
167073576
258855828
-200159217
822327605
-112349120
-106085956
130965024
-89373636
-74189500
853482325
729064224
-537658611
-470945969
-171753696
425738872
-180633362
-29940090
-388291336
3112192
115223433
-65167200
-379306865
-517997196
-576856525
-424953080
28769050
15408525
-775654828
45532284
-71496506
281677641
574812422
-347323345
-676640664
-189298120
-539213282
2125575
107748810
-644344904
-61892293
489585418
44605015
-113940790
-368848995
377409160
-436054640
5007852
-338138019
55691370
6218997
326727414
-23610096
179486580
436387380
-128361816
-46613418
316892016
509708068
644963880
-247672722
17472644
-1053773304
83084361
-582473840
-189249720
64631589
1004669022
172961888
32367968
353596275
4677120
191510880
-918659502
352819852
-3726500
854203390
22889532
-32479125
550105424
-37141613
-659865530
607059492
-31123720
150409842
29055390
-219712318
-423036096
123087195
-171854700
351670200
-160549776
558525540
439784424
377591577
274595678
3573248
-4097169
-593362
324960768
202549092
46301750
290784536
-358775315
-89210811
-147244653
659141250
728674903
-102875475
-362375611
-73299614
448978123
204848340
154463400
472923612
330389250
-143456755
-391298452
681505374
-473880501
155844540
-5267388
-107418700
508799628
224663350
-12811808
-90540198
268595270
154300570
282996468
606518825
-26377932
-362175685
139642347
628406898
45546600
-340920333
-58460
270927090
-124023360
-221286996
281432375
138804171
290859128
436970142
58581711
-93223110
-45116064
-29974128
399220135
119367756
539771069
-212740011
-59606579
-114596125
-513013500
344794875
136787300
96854518
213373215
268905572
-571159510
-571081824
269788827
451817200
450149476
9825004
165022704
23660092
-199006752
-97612970
56700046
104747304
290966456
303821944
266690088
-125818704
325340722
-91413322
-805338807
610366596
-262619837
-70158119
125410320
-252552183
433949764
534706612
-481833785
-208953792
-366989975
-434524816
385714575
76580868
-175011828
-559075774
-298304899
193222627
351776614
-753281970
-601095570
-250617798
109581683
154015755
63376474
-80133214
255998976
25374426
349631750
-598141216
-308607344
144722354
-489923930
-104241297
-7987392
29855380
506155708
86020506
-58226625
-883911574
-417075120
-173945728
44191060
-668169050
203627214
-558091170
-130497248
92574120
-431017702
-201750542
859183254
-301383836
339357936
-386704440
12373636
-84444480
269122770
-277612060
-24937744
376455168
28589115
-257629006
58497202
104555220
-133130060
-278869699
230593308
80207880
-825840246
305318376
-93978858
7561899
-34152210
-184683576
864541230
297899910
139891072
687177130
-36916408
183441870
-378398400
418002486
-93720025
407071847
421764516
249032700
467111232
514879000
353806090
690283028
936035980
243304917
-5560360
-2125188
774568548
-226590969
175975470
47994804
-34312285
64167276
-32294900
-411938620
-380422559
-133596546
171848023
-145597788
-392461362
-187881966
-139576116
-231269298
188753744
88635000
-353242702
7192100
92200680
153601110
-301436298
-497928795
48778695
-29992433
-331092312
155124067
290279644
-631552815
-16703316
-673683171
865705888
69237800
341913403
-52755406
-528033390
305840535
510279627
230252344
-28063143
-21726
33539355
711299434
468932711
129163224
-188086844
58069170
-541408111
-287338260
-125100304
-2680884
102465720
55176525
-81567816
249916758
76652068
-138389740
341398616
620448425
80730432
-71030097
-378363088
355139320
-188158519
321255136
-180100280
-881284828
-198534
210912936
125821632
376680222
30362520
69433540
-586240860
-59975664
20937648
-360857871
-3912176
529163712
-192286154
-481284397
-205166184
90518428
-988297050
-707048640
-526688760
28270320
110147968
-337159536
381778407
-104435240
-533729760
-743798820
795921000
-624048992
104604570
-665506268
-7771131
98702748
788907774
278708682
-55632687
25530129
-568551978
379173445
772152075
106106040
17225260
-500673895
26886795
-222552400
-360011890
142774840
-473467354
657876098
365273837
-7843920
352179329
547445034
-6195120
861500822
292571550
833734364
-95494764
-780211896
147895605
714444500
-258366088
-56514528
-163282598
-250720260
72639014
-221234323
372113526
163580464
-410769456
123571824
-142801920
355985222
-316238698
504106912
70372656
-626938602
715578500
-213324592
249636975
-41436720
167358009
784297171
20177248
10650250
-259477530
-13682550
340485120
36176228
-263868696
-1986117
-159632655
74400480
-250871520
-864488124
-5907630
62049932
493690432
120570015
-57952260
332275710
-106482545
403359148
-19168671
145431480
5004061
90126918
-263077584
15451752
-176620316
55702073
-3529673
566962574
2985854
532382267
192516545
-204092850
-271036944
-391882096
-150458091
-612400080
12077520
2031260
-108446148
647678592
-153909928
-55775225
619322826
37378500
-230325144
12010640
507983392
-493058718
433240224
-233429448
262139198
56968632
236369912
17860965
-35486710
-196543547
85332319
-337667847
699394128
-251682761
-462032116
310672100
104391105
345006480
153791235
-14172840
-106028444
-392660520
-367950080
506626660
415960726
379764749
296425220
-12105439
86350157
197352240
153291150
-64277460
82832529
17818904
-93040994
-94970736
-717564722
45612680
-39983492
-575336330
723668386
174653600
169779456
56859168
137661452
-83598004
-54247347
90379800
467087729
-598441634
227832539
322126038
117404016
-288567225
-138331014
-255065580
-72023904
-249042484
-61732000
484882580
416899070
287093450
-213829534
211951227
-231980295
582033810
-126714170
70534800
187282368
235625712
37765502
50991094
-468208585
181900488
-334786200
1968976
-335690184
-793252183
-962788864
554513008
199324736
-24069804
-313500117
-38089350
290629055
176757174
-132934725
322132677
107676660
45987883
-194536765
-99430074
257590220
-180773451
21475536
-645837171
-237548970
-222959817
-78094120
-183025788
-16625610
238361200
45429270
-8401992
18018954
7661250
281535768
-462796100
-189512802
-652904815
-101842372
-4490202
33848400
491605978
-221749462
372563172
-217098772
70670445
278247095
-53453925
335437500
-15941632
-108228609
-118219908
804600228
-511937348
-21042128
137510164
466546311
-428541760
-1635752
390459310
66914204
-46041424
117358584
536473314
-132561468
640527300
-412629132
-317158908
199612854
49367083
393362088
16169472
223624858
-447729822
127198120
-122052220
-93690063
55066590
194905242
122223270
-148054816
28146975
-541753212
176309312
-333656680
-179132289
33367733
467532005
-22979124
635409326
90421860
17635072
-918968668
644346822
-104592937
-683571860
130153568
-932630886
285680988
681873850
91710022
731792880
706094450
-205497789
712249306
-17828832
-969152218
-486831912
11391927
-575022280
613510282
224674471
31066263
518209412
112884138
162577730
64955385
67678094
6977250
-182577388
299450259
63523876
-639503040
-51753060
-45980625
252176568
76570830
17984098
-325699779
212429025
-384535396
93214398
304481971
29313000
176798384
467182188
-945384872
623299929
-253692475
190236452
533264501
-235673709
-86388632
-233944476
-14775792
156379384
-912370095
-44574072
-492688160
-311010869
-483984114
-284924
-270253845
-302830689
-112664576
-104683908
-209220210
287202294
274275824
4264150
182618880
-429768498
-139306004
56184703
167194656
-225913684
-81529161
162793264
-219766150
-275140140
-161480930
484236874
-119194752
-6080186
368557752
533249514
-50120119
-467112582
-248494524
-194221693
-158022378
214453434
622159600
949671283
-61498525
-421313972
-68110560
-64164216
-435267665
228660685
-468498016
-164247336
-111971250
-219679131
486789753
-189263066
-357776640
-810998656
-292413294
-46018592
69077610
-25209344
-222830550
252568260
23580144
335452366
4941363
-393885117
388922765
-289091808
-136656140
317314204
52288424
-892904980
-92041056
-62489784
43129476
234743192
-92301526
-296826924
876195817
860150096
34502520
-418109220
638282670
-46427985
193280808
349913622
211897167
-138404368
-348464028
-452131818
322045808
32258772
110051319
351311526
-742733412
410199268
365961596
296925
-324333288
-143738784
40053240
267605184
193449788
238078440
107049954
-302331332
552098675
211282784
14378200
-533524508
481335750
766640404
-209874000
543585575
-277361392
-354573347
-141853050
-1008708792
-37389558
377792399
-838577709
16284240
-126829962
22845640
-131802880
-109736991
150874360
244189836
-429485418
273702992
58666084
31544514
-194524284
-966106017
-171540096
-439358140
248366800
227643535
-143850486
485416338
43782875
150086814
-373676952
-160422732
228098416
-382276608
-94303714
4747248
192514770
21760182
235939834
101880517
537535180
-39618556
-189892584
-90758535
-353194112
-196512271
-27703396
497353804
78225206
-80180208
261533742
2058642
-223732998
-98484300
-328829952
105757470
9493556
225357590
-368369454
-280779510
509542847
80894837
-256962528
329729543
315197376
501648228
447429120
-55365814
19437236
37562000
-304536034
576571000
203454888
-180216732
651811160
-267449336
-404598860
608918205
711616440
-71290870
10459264
-403972376
-125848688
12737400
-486869628
425172533
317989686
53547040
607904430
-427351320
-158383225
752861626
592158218
-129733320
181088868
835355520
33856680
-95620380
-333614720
137438720
230625052
-291303930
221387166
-117505918
751628523
121724111
198918720
72694904
-59442768
-174867038
-149605932
9123840
-251537966
-956598336
366415002
198839157
-72618048
144769669
40708850
487160718
51203580
217065253
407347443
-14002100
-63017276
43941410
148271602
-76451570
-69959520
-58511034
-497200
-153019503
-49348365
-276315456
-593221783
-313229686
-299257560
38099930
-213032780
36376080
25061408
257843782
632036844
