1000
10322875
19221882
-84384664
-11062816
-186490472
31571798
875262640
273445634
-312487878
-203592732
99645457
521775180
182879341
765994320
-618023580
557448435
149623252
-326044467
-210066768
-224160300
-363137657
174196750
332782116
-767316615
254480940
129256896
-583358311
584863590
-494414623
184594348
-107786959
164042760
-37258132
55671060
128317887
115403820
704231918
-285253050
-843735132
-481283725
425188164
-239322732
-448014930
-366016000
32613126
-291095800
197201970
-128701428
-195209875
-303801708
150672956
141897729
-105386154
848507230
1036866
-392144056
-20813184
213115908
583208201
146495300
-398587500
459528
111170137
-767325351
-166564836
-464949810
451468310
-176354585
-10651760
-101708838
934554432
19205230
72857671
230369986
337424148
157766312
386459283
232452054
-108871425
349755784
-744303222
-460942976
432434102
-15016700
-572559218
929894715
258582072
946425012
-189859404
91935048
49171710
494547680
-113846502
-459410462
132281808
-62017470
-78061368
-177791086
24791227
-328904937
-129120642
14662950
-449180777
-179615614
183443620
-370961445
791371544
-339140780
330672205
-277897950
13826679
-27357348
337977837
670232420
437707522
44770990
78763584
-595078548
693493065
456903020
-578403598
-6423660
-222028727
-124164688
132756078
782032032
-722630708
543482390
65165724
-699710382
267836078
585879912
-194564326
-502943080
321352113
351368288
-1439256
-458571707
-639687740
157678782
-309013815
222078368
182778528
-738741020
-10042137
-214896061
294353013
-504945552
-167217432
-332589912
259018075
241823208
-271433657
2033647
350929300
-726813080
-220192524
-268622015
-425227278
69490256
352218340
339185260
105498750
45450848
-770291250
312022811
-109285282
-203761920
-42032962
847728468
-178107882
4795312
27740856
446197844
-564175434
-830024824
-322750033
-9009094
65125830
486947923
799137612
33133510
-277968530
293809314
18899832
8385225
196516710
-458506120
499869668
-100217040
81996768
-379676220
82699316
-125569536
660768300
-672746940
-159495044
227350950
-12731235
-483134787
-118091727
-209585920
-21046710
-831167300
-218048466
177892620
-539580
-600728210
27379743
635438664
-443658897
-592816734
4993356
-382106892
-50066768
-46011690
34739874
9523400
-36487040
531323440
-110089551
12794336
136297602
56438982
143085529
-153650403
163856931
42112900
83461672
315441120
-300920182
925657876
888425628
382234272
-88576788
142266999
-123604175
281258565
-238726784
28184960
-3492720
-642936840
-167846238
1100280
509200224
203200245
428525856
24496738
159885880
341099964
-56014260
189688751
-81022992
-24198264
-267982516
-783254525
-444712176
-609204072
257285590
-163918820
-2008832
-46906288
-14522130
57587433
1049620160
-891323370
-139255235
12064608
-16435680
-319186816
218526460
302229928
-258866172
81686808
34469640
-50425117
636993786
342528132
-162999348
-40754615
-114124774
74278541
-77584744
-274944731
-28526680
39818844
-144694905
527587231
103218024
420158094
421345288
144630360
-580012008
343153984
-127277010
-86474560
29104
-239211584
45637146
-519949716
-143249639
-185919951
463711776
-254020595
77145040
-60689352
-22931488
-310370586
195898368
-540118756
-939957480
7144445
-35583882
-142202124
-26459096
-224960430
-306155070
-152567772
107642862
-31597989
-6516169
-341405991
-98437654
32051556
424732875
-70839600
-658563600
-268816240
-4262802
-129397884
594122880
-275660899
-314014730
-389021484
-161790688
-96744424
68619600
-13012276
-215054496
69230070
-26437537
-252237636
836705700
-208810394
434725732
-196011530
-705461223
120679020
278193975
3478304
495686486
386226480
-10409070
-23851048
361506054
-15384690
521240578
-712952732
618358634
302591258
-21082653
-482510550
164755194
-300777792
19794138
-106085700
798838960
118966260
163091321
-298967452
486582930
105553155
507352248
-223212000
442104500
29653391
-722916090
-100037739
317295550
-145385632
-31935030
102546200
-284769036
91413795
-477781140
122524098
-363021890
-164750740
-21367230
607296150
-144918446
773388582
-34490280
-109200420
140282308
-100986624
-220017658
331829124
-444686204
-236102125
-175518784
-905355776
441828920
-395308851
554082438
330252540
109926483
40437992
114246528
57215786
176453409
-93221184
307077837
-431060960
163374474
70184040
-521251778
-316537956
350696520
602450860
-329794470
-352391160
404467488
-831585150
-221226816
123791634
139158280
454629630
-118702506
-331854969
408954426
432745736
805993776
-212778900
-52301473
-567367526
16896760
700687400
156658008
596494569
-17765568
-700536268
-57583328
121302649
517666408
115925810
44566722
473414550
425065578
-283146576
277014850
309490608
299641920
32978400
-179597010
177452613
3801900
14490648
-200924894
25222430
-513310270
-81709956
-301657500
2001664
621635996
125732728
296549028
269984490
725197238
-221586800
120120946
43824006
379999968
-999113474
23322120
-262677730
12930369
48523644
-341562096
-118125033
-5226138
-94574790
-294588
-451380720
-167220118
201849856
664447640
-487950750
-663049422
247188619
-160824510
51388737
-251662086
-116491284
-251203541
-880003334
-27474720
15725
-252136208
637183982
76967093
54938202
71763030
-581409386
74408670
253525365
20888452
28595516
282794661
-94328388
-28481043
-37420747
388376057
25931046
-275662050
-104436538
-63336063
525986433
-14243322
-457546228
85266336
-609357108
-32123200
69937400
-248525056
-222212216
-164215990
39856042
-87123960
39999775
424203360
209258304
-74651422
-480065880
-203092680
-39871391
639749372
-68932710
-31585946
-29795363
-107282252
-309379380
-419942982
81069065
296961444
-450836808
-562140720
-3046880
-835411710
753146469
-472717245
-262602288
710304
251847813
-139009992
348324479
38823744
73079056
23668560
-371473509
-454895919
175737457
162931534
182047148
217773356
-797306112
-27226228
408496087
102927888
269791383
-38167170
34125351
48167980
-368191608
-805447080
81872968
-106486610
-59429748
-219551242
-78415902
-494860674
-13251500
-173417130
657068264
-328089006
275904220
-7244160
116352066
-747936
-326435200
-12095260
349694461
73366956
260053370
-56137750
645997545
-509599996
-100469976
74205984
654021054
206620290
748266018
14888275
-274433134
-51555816
240852212
-507236858
-157951806
541051737
594634365
-74623896
-29179890
140336968
-50166900
-381662466
-178992860
84085160
11280492
218897478
-984076016
96600762
-161949446
-236874555
390468554
201006453
-25925214
103428955
99279040
-53484780
747165380
200709600
-539064526
272328093
-515851884
124424160
-201758256
284405130
43537569
-141190123
-397519120
93507048
-810456696
62460516
-101879900
-422375434
-362523388
-1957375
320764068
76715639
-17040852
553817377
-114058468
261150026
281554275
-56709974
539326400
576260640
5460749
-3654586
114878400
-553240176
-200063864
-4465971
431609888
-216671712
86136596
311853780
76979776
533073144
-169862676
283766580
51368163
-49014580
-156409176
305065014
-136212174
681459350
-59625750
223048406
230798307
215501670
-500259520
-12091008
-54655914
529721280
509304320
418452918
10929402
-406000425
-585700608
329521752
214911096
-20667781
77888720
19985966
-265783678
-230423283
128882376
-91377000
-207960200
270561463
368577760
-131731796
-3575775
55197824
-152707269
493939740
-62120212
-502184189
107875464
382656285
577198620
122418156
-324688
-1412170
-328806744
357477828
-57106185
-351004038
-592766700
-282684720
253614768
529734579
632868605
151613616
307058688
13568558
-1004789856
337504980
-468430144
-76664640
-288028026
-56010006
-798300144
788286930
614444205
69955434
101259873
688615824
-137161035
-803580762
-74450684
-391015438
311886560
177524992
666091985
-117890998
361011210
-114842748
-226895736
351644332
-15335705
-588841920
33708639
-451504724
524681498
-274310910
-275837870
344261988
-35813100
-399183714
-138634983
390500810
24312720
-1023413769
-313254765
-96740710
386801624
-477241650
-18190125
69953332
-578424
-71879286
-783997206
714304305
-17301400
467790525
-455411756
116534054
7601580
304365642
-12947279
-928900145
149308110
-64772862
-13469776
416735640
54888509
227377488
42693084
33044375
-790433471
-206343235
-83035228
-285591654
525689395
-772681824
-709863176
671986791
13216644
-11761860
-148672857
-700015800
372071412
-133232208
-25371954
-172068204
-139436015
51262956
-495959463
294308000
-116590222
-222779940
-671776611
-65260000
103588550
445690648
72999795
-150488778
-83701580
631881272
-914275769
335376459
-561748864
205715700
-100785494
10579701
-248765340
84111805
145143565
641338272
4171230
-595260822
-16013301
-2750818
282154516
455419800
-303080598
-159023081
166175464
25023817
-53903656
-11805500
10613820
4923738
518960832
-650972058
-87510412
-170346048
664751100
577149300
-359297037
128830560
-971923925
-675640602
-192579800
667277182
344424012
-511782399
-791580158
9114233
-54610019
127106133
113382444
160924100
67451692
-829433250
349428735
-332521964
633867384
673090800
323713887
-479900154
344820896
-6805825
50122800
487446377
221783940
36591216
-82564461
402349761
33953562
100962520
-155333472
19911015
-581256
-113692288
-55771352
103964080
-274465480
-133107498
-41201847
550851354
120748750
511942518
-131782456
-59633280
3558999
-304182140
-335273928
337894144
119642431
352761840
664899000
554586400
-240998866
-7448418
-61098129
800217984
-509812888
211408505
173474658
696913175
-114517340
-260690582
905731407
332979629
5953442
715406331
267649152
-137342712
-814441760
19565190
495988260
18808356
175976788
631781250
112584264
-426484362
190507882
-22036434
-39830175
41297072
53628325
150540345
126958836
33973368
177990
27580630
561468033
-280618995
211740417
-98693902
39548925
116262292
-494177630
-333517739
-67769922
-564330146
-491695075
-526146016
-230587788
279298110
-154511700
-138481304
1367032
-52144208
-114971955
950385
-103612608
460349995
-133605465
97203738
75950554
8287895
850425524
163092689
-238972370
-512953104
345846396
825950976
-162579582
304666092
597169796
-52088136
24457480
509427945
-43497504
-61238216
-136082241
174311320
182261520
127184064
445219296
64874161
59051068
421617670
83790080
-134437020
-757138032
-529736180
-45021340
334477917
845926680
563725025
-239853966
298747644
9680188
377886642
-188402346
