1000
27334008
-260902033
-590919861
34683825
-458320408
-179108306
-106716918
312975440
452251450
-131871168
-42018086
193483983
-286830180
112831556
-704039105
51499149
-51778896
-355199400
-464357718
563959553
-162787558
-41314572
-180378666
25570434
-205910250
-89688303
159956940
70234752
-229835442
-252279736
-9557730
30833068
-341724861
106771028
389771654
561649800
105263307
62385920
-66924308
-329727297
178116992
-44207956
407124950
-770918508
-330341811
-74786880
-151769800
125190000
-111600312
-629966118
-475002385
-130161374
20959760
-240025044
-83437060
582113038
-751819284
549742500
710873054
-82022710
-846288864
-178558776
-466621288
-76929030
314579304
-445007531
-842697828
428257500
-101886088
34565229
315034767
-659494594
-13807116
-221979653
-278715
-154641825
38270340
-82679754
50427615
95416955
47847492
-603792336
366407892
383757747
694259628
-40915048
824188890
24861696
-21651160
62269584
-200977920
-159966920
-11093180
29982152
-517385701
-310768809
350380166
-182037580
-178680497
71596470
-620805064
21721609
-220755801
221483276
-704937668
153116624
190358400
196762423
445867110
-42617289
-429916838
380079096
86581200
702970920
-204991725
-159990110
104687640
-470120596
266165457
4433594
-53483857
6222365
-167812875
478849216
-261820116
-147753564
-1055282
334380192
-668446868
417158610
-82203840
360573387
-69099524
8225840
237702912
339433195
-53912760
110733700
-637259151
-301659015
-720779796
-230838624
3117360
167404488
567246542
537176200
-470227010
-98926704
109041114
42154560
-93773736
-292353579
-478185424
-60920994
270449672
-50018524
963459991
-501564032
-512206641
476575904
-673528517
17509032
12078946
805693707
265454615
-52817198
48827220
23620515
249589018
732161610
-44429460
820850450
-62635044
779762614
-34118217
83489222
-656220033
628959513
193249728
20102344
-85025160
-61378065
340862832
874701680
-201797106
408379582
-108655197
100075800
-65298187
-209109200
-455243
-38616752
-5254975
15395520
-126682624
-1628660
-226730040
-78241592
480423429
225611502
36807790
478519727
-491294400
-191914264
-221313939
690557430
23357646
-442723518
-824539056
1561387
25464912
-45515720
14574300
-220445692
220841250
-50398264
-136298400
205653080
-199629351
-242430162
14348160
-693124224
380944590
38149400
15635967
-185889258
-4975776
-646874500
642492500
-526519087
-23024816
-224727450
11062688
94162104
-173323146
921628323
-336174462
-202977243
28448850
-241692713
-159141080
-422499470
745781400
-788315346
-406148360
-27301740
26586711
-40047000
237829020
319697312
400865817
-333702696
534533538
370469178
844148368
-38408797
12607578
388995494
278934040
-155072912
-251474318
-40272918
-147971425
-518950992
-279021408
-21155616
41419876
-49073618
97373010
136990334
70497000
-259706204
646312289
-40904908
331628750
19583430
-1313872
296879380
503659288
89022690
-205446326
-464164104
103882041
3307248
155613568
2547672
-49863204
-609848152
406836027
636324480
431385500
404500490
-20731851
194951312
12419540
-418442023
-112720680
18350077
-15397728
-193817442
-268972216
272045092
717060195
-123989211
345950044
-26987823
49656082
-20368006
-72067320
-383580742
273185215
10747440
-184356536
-3840600
-349729590
-16746954
194803765
759328639
45807359
-74016964
-101381378
-607956120
-561917048
243485508
-21794073
-668669820
20653586
-73199692
274370475
-406887852
-30060738
170983428
-245193646
-369296214
39948270
273046646
292545115
121621122
-1007644008
-374920920
-662887930
393226652
-419702360
-8818944
86918463
-121464525
21300948
89151485
-44857540
186922035
617353520
-286881951
-539951984
219674067
1029205258
-53032875
241423084
-172984400
347578030
-36362039
-123584956
32464822
175979680
-480726660
36571248
-60069250
11896344
462491128
-48561296
-91910128
-54245256
-156755625
217685189
418170340
419973378
-137779522
-1725824
173415425
59911306
456381700
-256029344
-124808112
-2291312
-351372775
-125008506
23978430
35017240
74222400
57568800
-464453550
-468472774
-48249723
-91257008
79146144
-850634316
-327651364
152410950
-272258271
-98592175
15381716
-48031536
-29383345
-654412004
525583800
369580785
60660720
792084810
623722518
310321308
-476979550
-207254584
-693070068
-168177638
426233590
-202644294
409482473
9997134
393703942
-189788016
155238556
-709963262
-165797020
64571535
-587976170
-91233160
-293544859
280264684
181424
-23617988
-810214696
677506410
641351211
-45200740
402881616
-2372335
728246700
146604016
-144129840
-88344060
464423204
68475371
-301478616
-381577242
-137385004
86430672
48881288
712881315
-78206688
380319219
-246846609
-392278905
-13055900
-162328340
320019040
-142919067
529968640
13985016
171643698
-318889965
73062252
-218060087
48372045
193991000
-582209124
188569230
-96383601
-392715368
58038425
-489660127
617765080
-54742450
-304145690
585881685
138909632
547765057
779799290
181560834
242537169
276754929
224182982
-16933708
609714742
90498686
663372990
52537258
786565504
-554551362
732766320
132337898
26445377
-231952864
-544161120
60760287
-13631598
106456350
-27019188
228588360
-369233524
109992372
30473758
-165996257
333381357
819146628
630202938
332792745
-23475200
12274
482988420
29131248
417708090
-116516054
270414144
19220418
831409020
-76359216
-230146217
292236228
16107720
103769936
-88127434
-13370174
393188319
190178184
-386769144
47717622
-85337406
-42480078
-219216900
-154213035
-120279830
751245484
372721272
-356187678
75168792
33398156
-374013373
-184654630
8877648
54897934
150794003
379216512
-473840520
-648018514
-492340540
148659412
315582400
-60014019
267645984
407418099
19911315
656636016
871983660
409146684
-4482924
7725480
-36889944
-362871376
-83040342
240615902
-230357358
11303562
-103515720
-216731207
24926697
-2632818
-35309094
-442199598
28781568
-183840669
87078760
-109396768
-101613100
-6548514
293703254
161616875
-69512326
732818016
-857605530
394517247
-47830386
-853310995
-93166759
49292374
-494055767
557247306
178872162
716672760
-9525400
-194911740
550713120
155165013
-118310500
300402286
-167859588
243003360
77791500
505119000
-51171054
-482255682
-114426535
-246742560
-46567794
-127629047
-298257382
189290992
586617976
179619444
95065020
57684483
-249640182
59662240
265339308
105690630
607985388
69731991
-670274136
-165111990
330786945
163126800
410886481
-201535620
-133036371
8192448
-397903896
596742238
-318068256
112557284
421340920
-9698969
-85611606
235768860
466226475
212390080
154259925
145974465
-160028136
351802368
127916025
-82520217
82547640
-692585888
-102126624
-170285319
-466777383
-93635562
-4598786
190814800
-146674611
22469068
-776036352
100083336
103420860
164525382
105133119
135022444
-714278412
471152828
-243722
131440272
145336400
160293136
-87050160
138763835
-442918406
49116464
22846812
-537639663
-241579456
-298750137
-473434136
478524704
-394292291
355870144
50982308
-80709456
470466072
22797558
834226992
66013291
-89113872
87514620
50459352
-146762690
191157384
-59635926
462850938
357026900
-21798456
316507520
239384145
-317019810
629249600
419023890
-341768364
405708271
85459451
530656848
204126496
287873566
-197601990
-123092488
172420512
205280899
-2199808
-779561415
-77797395
-415848516
29863492
188537730
144980410
-441982810
118849549
-22421829
-295666833
-37069675
808715073
296658411
880976216
-271968378
-237128505
501612684
603656640
636494950
-124587010
93169296
416911050
-169950734
400120586
-25612412
-31320878
-225688722
-45250044
-375179904
71667498
-56587410
667266010
-96404958
-688080960
6024816
-17829750
112535766
-133551264
318485076
65102877
65795248
236434084
-157368554
-136044594
-214978032
-92123901
-452333208
168604720
71322966
195871522
229152315
-103744510
353078853
-667056880
172366350
-57689328
-276285576
-69781708
-430262391
-3689492
194992490
53020
-26127443
-520571373
15632133
-95330367
144526536
211400100
-48761655
233752470
-218568290
206824878
485026455
30861138
-38717022
-651008421
-330593016
428691848
6521620
376448674
668406834
648547435
842344254
36263206
-540039250
652356616
-142565100
11452352
-443595306
-51820764
302377575
13697862
-57739020
142336568
-3910512
54233508
-32489088
56947844
-625364892
263975444
245126580
135801410
75030918
261445477
-271862288
697065100
-596177190
-69204148
-201727620
149104685
-123662500
-284720070
86728852
150211347
-452561360
226426949
8760555
98319582
421894746
-209695465
275531424
405406982
-60243230
315441668
134164230
-150526058
-419992247
-254644684
-270551512
436186485
473565664
-128775524
-808134770
112505921
-69379751
63702320
-70491892
191674746
420596982
-398993343
-53274510
401888874
75272067
-16871070
8501664
-107267868
-523009608
-225352952
-444265677
-340250886
5381712
-26243569
566818275
-4168836
70908384
196676124
56389200
273045500
-52739674
174534080
139010717
727204534
-164808300
-175196736
519446004
-346135680
-354813430
7221957
-61757600
36241640
332129600
174275738
684480087
-226769157
-379448498
72268
190717978
61630272
110134398
-591843339
-168673230
75703852
-14932226
220929655
-97363266
-18931938
-109323600
-160924686
151063696
7607700
522826452
-20334027
383124835
21343520
20134299
-421378200
134784430
60638880
-407882805
521577342
795920652
-555372440
-432090400
164448666
-124028588
148413591
-22026864
339863150
430720453
-385017472
54374682
1315320
202244080
-442312928
-16281920
-745421250
14456940
-203214368
-424039875
-466515029
197527208
153932870
67257428
686608812
178892706
112989760
159367641
293094945
654224850
400936901
-257186646
225785274
-43617805
-76402014
52706430
-33245268
-276300813
-104716792
-561073752
-358085988
50647939
291237540
858672885
-427714770
-40134982
-338647647
-379417545
451776984
186213632
41409550
158587968
616302452
119946276
-462073712
-313084200
-246392320
404090568
-112304952
-332329624
565950780
236892837
236695311
-2738025
100083100
-42218217
-52685160
513311152
-114142938
590415807
-109924740
-67255740
-230661024
14616412
153251514
-270378108
258525930
-641698421
-538328042
398437510
113730428
418290029
-406481565
278181864
171268584
-586279254
43814100
368979968
-452625000
318863571
479658250
-59857938
15592825
-385227735
42663282
-641760
-405433790
