1000
644001752
879182550
610191400
63705510
69872110
250334550
-94491712
-43663270
-947071041
30981678
-190088000
80243493
224587456
168106149
-621836319
568538201
69737689
-171106150
791038920
-203037735
-321640709
182398139
-560674612
213513588
32858000
-230313804
-56979300
-149249760
29510194
-457589090
-619528532
-48319986
-227618672
160530602
48522339
109559100
87635475
436149585
367984269
-488237376
-456745735
10447470
-44784970
-450778419
563763072
571183272
174978944
-301036510
-3274560
501927632
36729400
1941920
104794785
-410034840
578021436
-36542421
-300089952
680750160
44086266
-85258525
-305628095
-20886390
173611032
349207563
191762272
258716806
-303377340
-81317439
-308997848
-580308615
201315297
-235688640
-151984475
36467515
-575880328
-19783364
-255889270
-425400668
329243796
-680550381
242697632
-352352091
780107436
376846064
-343606326
-43743326
-9361424
-702882510
-550139755
202020192
48708500
151057525
-118285716
175734000
190681939
-31644380
341808390
-421576902
-149422306
5271915
-368533650
88812080
69338577
732346297
111191760
-1883096
549142572
16938855
-73089
480282776
-277918335
13337656
-27429938
554984064
363077091
66482910
367235151
-670131121
42291150
278611029
-21450693
260010469
273594120
235496808
-63210379
338572466
12923361
180366480
360179179
20914110
41014796
-691463548
42008044
-116412880
-421493175
-222596122
21935950
-333089841
-688420620
467318006
217603372
-23689823
156560976
-625171932
-106059724
1674243
-349757391
294888604
19524537
96309576
-770491148
654439220
-190776041
-861890350
515767456
-330593331
-240759511
-119794500
-166845072
342776720
-733159812
93027852
-183538420
133695150
213451500
-251058088
3259698
81595212
-78934200
-404869147
40810507
168458340
-10886715
-269284848
377025062
84386432
-572826256
163941450
-778484960
492588464
78996675
447648552
-326703960
381540354
535301905
-101033811
78688869
-322164476
-614014599
532750360
-184120104
-205509348
-219901240
10571645
-494151040
-699332
-329917168
-23266480
101810688
542588346
96488425
342113890
-449024000
-83318697
-288197838
-18636072
-63075430
48102288
122878588
-796582
-599277081
379730770
-72361520
-334251197
-12545379
385632550
293898308
-18190992
-363843982
-79047280
224896600
-72556918
-474405627
-174110063
803283728
-10652178
242135888
54046080
-59923192
194810902
164511504
-332610480
702808162
301841200
2321264
-253879233
-542894745
-16652584
-31653668
6521328
43204716
180498308
-206434486
664605615
-344634160
17848320
-671617120
503149623
52235128
479077800
-32615296
-144746472
-176664234
-183180800
866880
85563555
-476700
-657338451
14284802
-851460480
83893134
-375985306
862038249
-7786224
-745970302
350821345
-57996520
-83306496
-381009607
705961620
-28857219
110907846
-67100124
40987440
-367816869
51999192
103261626
-36428336
-535786632
203556240
-3969948
-328420848
160939345
-282867520
67231494
-71722770
-549362401
371508158
-15554034
-109274418
-337493175
44601280
-188885524
-330489402
314579153
213047508
186487545
365945776
-258371966
-42609996
102104917
6422702
-218712753
180417575
100992129
155402717
959294700
24149016
32999808
-325634040
-164369912
76518440
-631205892
-133783572
471156474
-486802575
361863660
325417000
658843836
-204940596
720938008
745104000
-20981220
-41187286
-32626440
-679307794
-497004090
1492032
345959896
-36006036
152146827
-14381360
78671356
13285275
-174860268
-102901450
236615852
-9220662
652885376
31119541
-721159168
-108876800
211390544
-411606943
-157663145
-47615406
29278052
-252381888
86086257
-43431465
374590419
-301279320
-726343902
-793258200
-113007874
-313778967
-78948450
-114493360
-483344010
280793904
-245418240
-107940
189670536
-187714568
120355125
222211911
-60645200
56246768
-396327693
-286683096
-449515059
-536716362
-484325452
309308004
511417170
703756599
197939936
812424960
-255337408
-353980836
66141100
1053837312
-99325908
-56161752
-103486500
-43940546
8175320
287941280
-288049402
12516306
170070560
713649664
81597780
-124911396
-98717570
-351950184
-258601365
-29808410
28731850
-66891841
226004986
-239824395
-327893154
-591179410
200666540
-604601910
-684782386
-685697882
316897635
-776205846
-117091830
-392999775
-28969527
355639167
-57029875
-449075946
-510069474
-482650112
115901574
-88481580
-343730514
-679078575
-173458990
-114787876
100863676
495639072
8724480
-339540110
-550919904
136705184
-163944621
-32807673
21952652
-589860000
-529379898
-235013492
812578954
-261414200
280253928
-665193775
344946525
352487118
218454810
-390718160
18478272
-362488176
-345336130
311970148
-246708070
126958579
-60986275
-195022643
108645096
-734998076
37768042
101171200
-556076427
-184720112
14694501
-270301120
-656355030
160506962
739439950
135266528
-42911083
-150189000
30037770
52823550
-763120842
-5891679
312892146
495962649
-26544388
20506144
256774460
-863324991
-60309478
230563296
-446272967
-84499119
-682989372
386633075
585908928
253143968
-212101142
-21091350
351184450
-39136023
-33303600
-591118696
-794309295
85700576
-115541853
3491068
-831484976
120238785
34488816
121701840
194290019
-220153942
13812309
-421101639
-213162858
19986393
-3414471
-517088045
495932928
11943932
-611071647
-455241579
-249914928
60005662
715903083
174530996
-271801029
504638442
54501300
644598690
-668710130
169731636
-102849026
630987480
-44636100
19063450
467298705
100293475
7465422
-82312488
9900792
-47742016
-603747606
-515630028
48397500
10268280
-263171085
-131075
447112770
-637028412
-314013135
282616944
6204360
-835152891
56418580
-145296080
-23500
177538284
61741812
115107130
15922752
-113036786
-9515142
-123648606
28356770
-233606458
73123460
-207194676
-310739660
-27455100
99656154
-804998860
-463702680
256469382
-90870780
400304844
155723280
-244895720
-325936292
-814397122
-105198464
-183789812
160958119
-150393360
-85024341
-32883780
27907282
-258992656
-92156025
546531108
346977750
-144578544
210692366
-50848784
-642855139
145531350
-28750464
2159158
-449030024
-372702330
451129160
-291233754
535618167
181332851
42692292
-295307586
-342794023
-423424041
151676460
-438508656
-335680359
-224150400
-371050312
144937386
241245312
-16080597
-307482791
199008612
-683030512
-244145496
357530868
-61278336
-102420112
-955906419
20166832
-288816600
-471459244
179972625
-84420836
68287182
499154982
276331476
704244856
-207288888
-629781740
-17194708
-542106416
-62789908
134504512
-245611377
330056573
-488811713
-919923249
-164293528
-587438229
11328640
451930905
251190351
30038425
-870259129
810460
-4442884
-109917122
688445184
-54685664
-151784958
-165446814
-247098696
-150390130
-357804172
201915211
-589369135
-138500868
5763954
36983132
-213272905
358317408
118542660
-47955640
146023956
127762538
31236716
-88954616
41799408
-166099176
862200740
-50509248
200301010
-204592352
394098651
-19278972
15487764
-107261142
505776762
642742086
-339386652
-526443596
-152777664
365522536
1831634
24957851
15795945
991017261
708125877
-187432232
-17070185
27462375
4627824
298014720
161277498
-277169088
-11069523
-291282600
-59598912
96775476
-728917792
370635339
103952016
-449206833
9332424
384246027
-178237120
327419340
45155760
-402547239
229453614
326432314
450412378
96448389
-642565638
-116686752
-85634080
-283257311
-137664120
56022624
833726958
-302627244
35993535
-956925744
-575199996
341149
442718903
-171501780
-478278392
-611124927
342929436
125589213
205276500
-96284605
130753920
-826947792
-533721598
71713530
1015820724
23798929
32071676
56006514
-519284039
8379888
17468376
80916297
-235936656
-235437010
-580062285
-24061800
-178096137
-376994943
-104719056
-617256357
41386840
80578689
2835493
-442467850
288029000
337801992
-174108285
-530774391
-449541050
-3406102
99346584
393418560
195929594
265733200
-135371070
-3793716
-860018208
149877008
-284326544
18522668
-272236040
14077089
-152823260
-660843300
-41215215
-502800376
-448248729
504344916
493524339
-172001700
138727296
-724875172
-204117420
-38182474
358247265
266314932
525502794
-115497018
611821300
-278065344
334794450
-187402643
-48355632
-749796750
525558231
400460494
-635728764
-260134934
-999512856
-16480125
756243040
35002602
554571328
-80385796
88207230
-391613292
-433403426
-229222026
116478256
232586247
269665940
-377163627
-381514844
-207529734
154674930
183593181
-221735556
-210771423
261825833
468934710
-900557788
-28951390
600188032
47449485
355178280
311724273
-3742050
-446387220
113245440
-118786275
252865158
-608103688
17027582
31458980
610024317
-401948890
-717036432
-118965920
-606065061
-74287850
-413330518
-583869559
35768516
581012520
-306514050
-7466823
-112071648
4990601
644739796
751722720
623671043
-63727390
-465456300
123505246
-415812672
128926743
-68136313
301365117
322183827
436152192
394661052
-19813134
-81274382
932157160
374380266
24462150
-128648748
-280329660
25045821
-49039026
263328270
620482016
183431688
-5104789
15554779
33067484
241612840
-651920076
562438002
74981064
-222923200
165167287
-247200
555300308
601163736
54417946
362273520
-35763672
239432280
-201826037
-211877409
-59590300
-263683502
-395766434
-178249534
129737230
-177908676
-253624008
108545850
155102719
-49219670
-114455556
16784760
-569221163
307906703
-366434436
-117218376
126759970
-408154435
-308654930
-48127896
-753253680
-288467247
-40143396
-354755730
-271572280
-76582038
72752839
295784166
-144530122
-136390800
-643792884
-520245968
-131203800
435917810
412252260
225023319
-592735340
611125768
803492950
-730179528
13390046
238912256
268966380
210072528
-25907823
-4512150
-78001444
67602549
-148917756
-440403057
-139774333
654473922
322951224
-803304432
-117191610
389583646
108960465
-366987402
-203972250
-433008150
158211727
-639544080
-151427880
734123002
-48978732
-547071638
350622600
-212340135
-136886400
-622829064
49641636
-443459813
8021195
645589657
515441640
-162543645
13059726
-62794743
-99403340
-452958000
-299897506
-494894400
-196700301
59838581
-392016922
416476242
-290469564
-321992126
-577911600
-61429800
343764144
-50454954
197145920
95561058
79104090
13208868
-109038078
-533840754
868745383
401074710
-301488
-98053067
-84896110
-29862903
-105603750
769154783
511191546
-101813360
891036540
-248192428
-87587808
-729883380
