1000
853938250
151410540
-618550542
20203693
292645864
-232485626
101892567
-262062142
-172946950
577370814
74176452
556561392
-14436484
40434016
-185651403
-49988106
-29665608
143665676
285965700
-622683397
-49758963
-76575372
-4344980
33596760
390563525
378084729
-2895530
-98328096
43596872
-31272402
326609647
-166524944
10612448
-215288886
11629590
-36441804
-5650064
201638313
-426798060
172091087
729230388
221908980
-6518320
-141762400
117516817
28160400
946380666
-182888048
-533459496
178955414
-172812864
312659826
-413855938
-383390352
698250220
56369152
-491524500
315164500
-500746834
-141960700
-186597972
371918568
-386622657
-210163434
-87615583
-206533050
78813000
-816316904
75522245
-151372848
-14956918
62952564
6071608
-608601825
-323591860
937248480
61617622
-140948150
-40199064
-62173099
-124575280
-232103907
48273620
858969762
170008044
108568327
-52182100
-22516503
566984096
146378432
-29112750
-222411769
1086821
-77763785
439631192
-197461224
233342109
-232175972
-70256691
149352426
475104642
-515435908
-387315000
75922616
41449842
125020804
24703511
-364861600
-379519964
-168228270
4907976
-18337660
-499836402
-58825428
218218572
-20351252
-45972058
-36099873
533925984
244181500
54069015
-308261410
39346482
-86883195
595544939
-57716470
218901888
-278766326
-95346201
301014921
-326450971
218757494
28899936
564798183
-382823753
66358340
-145180090
93795500
-92569461
200531889
-98904547
-32905756
8528050
745444098
-467704866
-737460
-212459676
-195998460
64713654
-195961597
-250746600
-362070621
334058514
-214944336
6567932
-94123935
765932720
-341033758
-60997744
97319310
-212052840
307951703
-274982400
99173008
-601838568
-132883050
22924830
-268615710
-522359356
-65059702
-299666620
-123447004
141466234
-13443584
-200507390
282342489
1023135228
49772100
-54671488
-29045991
-145917684
-165935232
-55672176
-39441141
-188883672
362256104
-8840051
-493524654
-166885296
-105045906
-551020455
-163547552
-139063613
76949512
81345902
-474943500
-359947491
120775775
757177860
-96938367
698852250
16029495
13963455
292744288
402931676
495021996
-125529219
-166603500
860180574
444892080
-794132708
237742067
-134405481
385738500
-14750517
-474261095
-76737132
-63170391
196759485
-715036732
-110057748
197075400
-685693015
488599506
-17445120
-49676880
479408490
-580443864
7343497
657769512
-133645050
98661687
-3877200
-357803622
75376800
-155137070
-1101884
-224278756
-429688974
-284558478
-48752654
485287644
-203431365
14044992
46426275
-437342177
252987069
-83067270
312641158
-381439996
19000196
-95758636
571060240
238763378
-256381614
-25709544
43979068
233345840
-164528140
-770220849
309697050
504678935
207534264
23776866
-9990552
509488694
-479714840
402115571
541756527
282686250
-119518560
295313964
298354848
335960847
-895350300
372699865
28310502
831509901
234337587
-123240936
-820446880
367485680
-558702782
-186017104
163396421
686231172
-138457000
-36940052
890013732
167585250
505347590
-121064548
-719610512
-133506021
-74712892
-824890026
-95028237
163093680
-9715334
-852143468
129080826
142043177
61450800
221921848
520720919
-9823680
98255787
28325704
-144820032
238195986
-456579739
363556158
-62935255
-288369400
-202899616
-105514576
-12756000
323843319
513145230
-48651729
608738050
228788384
-2782845
-37455828
-43701427
155803320
70234211
46603648
-201011536
123370020
-160198404
300363140
-39144896
-65340588
43084885
-265725576
-245811997
-417423098
191323134
94752000
452842808
618829328
-161446175
51935000
163270335
129484802
787270424
14056962
-213369552
-544247300
-439564680
-508996418
-255242496
-77080450
117806821
-5203530
6499020
198216207
413968158
-469084594
-402715326
-294360396
118611442
525095848
494735754
102976818
-413299704
100967230
-189396480
-560453040
475439250
486353010
-488172080
-85758183
661093845
127926240
-29504790
54251992
897225135
99202762
69324822
68529393
290587868
126217465
-257265218
89233134
274835836
-537052418
712216700
533758450
93120900
-706252950
-507556500
37704222
282226800
-601172424
539929845
-520612128
61278417
-89813310
-435626519
347740712
823740852
-38934720
-36503510
46003750
118242840
107099034
-686157880
-135069375
116244468
188876445
216955735
-61581850
-125164865
142640352
157190900
-223780320
-12922870
-201668500
-159665220
920963250
-355052419
-365746432
-117574352
-48094249
-411020337
-588942202
-62125284
-593059957
-121457600
-214683323
-688119952
-860334142
127868685
-171217557
-173864268
35523756
-1688462
-360984338
289678781
60289008
-87691010
-391485501
-120251505
-353343963
233084672
-612130119
-246329566
-485871080
101311678
629856426
936579557
-14987629
-354217212
-168262495
-300726279
57621256
342874776
181784274
69896520
-21777976
-21003568
-236592950
-242486301
-537677391
-748138347
-111935596
146325741
62020448
-177511746
-53315360
-754082112
686338400
-450049697
-26937752
232366043
8155511
-25051255
-57993615
-297644919
58252285
-13222551
113785821
471133598
420306368
308483627
-326137660
-139984320
6071760
-906968556
845144700
-476352090
14137525
775081216
-288320095
-634029176
433682095
-162125025
-90066580
308417929
-155889884
286566696
614117843
-157322022
342735426
23449209
644952010
35504160
-190375656
-72989268
99158124
-692274120
384874204
406096400
433851400
483250380
522210768
14980758
-390050348
-428558640
-269814240
11417032
-611761046
-119032606
-631681155
372648406
-439461760
152321360
-580896519
-362109930
591639688
-743618694
30856788
-52061828
42687596
42584948
-25492038
558664128
-363669480
289493538
91543874
-264508454
526258884
244563200
87324550
348867200
-95742450
40794096
15301777
-421165286
-183691008
-8622350
947213528
318811352
-148716593
-2279760
543151618
437286192
27590500
-309060685
164461600
-756897200
14620480
-5263848
-29236320
-726329877
95666832
-1834656
-381224327
325147381
153640558
114112851
28302246
-379787523
-93478512
184125928
-196912692
-747440561
-383446790
-226732608
-9452452
54930507
12561808
98133360
112347432
-8555921
-694229328
-118638387
3002460
97633470
-981370440
574290449
210163294
-360212565
-217651280
208321360
-17830260
-32520354
66990333
-309737721
-85903323
-244208052
34041642
437752300
532500937
-101102976
-748123380
-414772189
-344605174
-260929474
449155835
-33133166
33846112
-387662523
-587707815
-176714860
98122332
-98978490
-276239249
1316844
-92553219
426467104
403990956
76319208
-293501344
762848164
252652911
43913590
-207282360
-7084530
-256730157
568995856
-61563762
-55166100
-57780441
-21069622
-122842538
-157952031
-268667045
191771580
-547372026
-157206656
-74144890
108758382
-182678549
8249700
76259262
-538965569
-80843415
-437749032
-579318452
-288406330
12895536
-397283800
211728710
207391530
38395770
88834410
123830111
-107641044
2279394
205124736
-274135184
180292558
-137646394
728172
816156
214432362
139779120
144972126
-70146250
87347540
-10403960
-100027728
-182151359
676142261
-607293350
-75472000
102157076
207279883
-206818135
596143800
-71699993
794296026
-714763980
694173600
-143967052
32974091
54649192
-154690140
-12942796
-477344988
-122205006
251846875
-272048672
113819948
351404705
178772432
-439786560
894492282
-568512000
-865612664
-644660412
331498836
346091317
-4760030
79129710
47741390
423922880
-44694360
-532146263
11498343
-37716480
41754435
-418399800
242487115
-12460880
-334145600
-607626184
-8112678
-403326300
-205364709
386695224
88043025
-547348527
-353340952
-380502924
-23087904
-482450058
-551716826
256924536
-56229980
-719379024
284585679
-148046565
528943688
364996743
212144346
-236863890
247585875
105309477
-98046309
-279057960
38904894
-464712990
-139559161
-9447466
129337208
-883278876
148781184
331128608
-355869800
317752632
-527577820
-250415550
-43246280
-79575279
335479796
-58734216
47377405
-247891842
120779850
-635795160
-4111338
-353923770
-163661958
-47693360
235635380
472992016
-289453710
215338466
51946180
372287590
-113400846
244386612
-54579339
73162696
-68470831
-27725334
153354037
3776120
-737432768
86031224
-164070312
-4607744
129046480
931487607
-877568565
-47371384
-264506620
494346944
-44771320
-36229700
292679943
-57542280
43870890
80383820
367808670
-59207035
33058100
-779692430
134805550
-654795000
-382191722
-98192612
-18219841
129815018
174235670
4588160
153991047
-172598412
271114080
-106912300
62866314
-143409960
186399972
-20722760
382085015
-146890008
-6336665
16935870
159335628
-420094048
-43554042
-110090640
-448609542
927044324
185076798
-284504400
791485344
-161539238
241391852
-24891735
-124536960
209608566
11226480
514597440
-23373915
-354024820
-42510642
236298399
-579337280
-134468520
-103294633
492584544
435958012
485403022
751499330
631509307
-406872270
54814696
-62302101
-309070922
-461581790
458085537
-86928310
-295403165
-79880128
-19333488
-94823212
-201724944
18369470
67151240
175879020
385334780
211515376
-67607516
-151447149
17396595
-603409284
486677920
18366561
-621657081
-384399495
407514162
355710156
452414124
8468178
-226639693
96797640
-197101069
462123970
-265459124
-337116918
-377162213
-666209352
541801178
-389690
90162787
-551062365
-120380400
-36104629
-990468262
-122249674
23543793
-504735000
-343222890
-564431554
109207566
-251990804
-133476488
140796396
-4924356
-297906672
599053680
552745952
291511870
183868244
479400001
454376790
-227961664
-760928553
-182434140
-11156445
157065367
10825968
-390340995
-128420919
-377757566
220371675
295644440
-118862221
57864583
93006144
464562592
300168840
429856266
87813885
75630000
12660080
-155086776
776204442
179612918
-287847594
-125644365
119878124
99140490
251665480
-360419936
-285132696
-162364272
226737004
-81030560
-465267456
-252765941
105670565
-147593715
-243196956
13063765
-34735640
-96137316
182579158
46403604
-838361056
-588910560
25352730
-82915392
99464436
188313290
828643908
37953036
-36371808
-226113539
-609542250
736367520
933873999
-120664999
-35589890
-63761642
75968046
-10775280
-335681022
462653354
370017670
-177347643
721812488
163952320
714075256
181370980
96665269
-547986036
-217108338
332087340
-471025420
-276973256
84793854
-222380236
314705854
552377787
258496866
-215636684
-163182747
12280080
-84215565
20024136
-495965652
-337020890
-519164632
-158669440
