1000
792294810
-163532740
792645115
15000876
40754336
-225850112
-625287365
-83633520
-745683400
847944
-470540010
-511508472
-331094580
-699151180
669398422
11567496
173046005
-300365300
322058607
-41224839
-109720814
-345168378
-206029390
451510960
-11012076
861217112
-9029097
-609221908
22185900
60017676
460472922
779473040
-80969920
-105419545
691951680
-53646327
9654606
-116631492
-673227478
399602000
388925145
509865484
665901118
-181000958
-527132160
85553811
92514849
-118726400
167867080
608106336
44429340
476800968
-33649172
-88347042
117561630
31489430
-304331760
200696440
-501614460
51685062
36111529
-33211271
-72516730
-298864272
-455126885
-237028800
232809840
127761459
-16005990
693733530
-878226600
-124304460
731765188
318451818
461999884
183189990
55221912
-741152520
64295753
-236707660
170492850
785366850
14139924
-368310915
-85107200
199387062
-351085644
32407555
673323150
-187727764
563631660
51152622
37250455
284108550
-328568878
670643610
-192797190
971185
124763220
-90925666
-126865998
-97848960
-57789828
863998
338273988
-26342626
-479942463
444433773
-423862245
351231314
-283426143
632505450
-100411740
490738740
563815674
-107493848
202496376
-87538265
127134126
76114269
8904544
237693960
-460698840
-612165378
352515092
247286624
-593184792
-160475520
573087276
279264132
565861836
-827683125
-114034368
-428604975
66091000
-891880730
-608522420
116271824
-469103624
410768266
-233656704
674962632
484200902
3493466
64411235
388334737
50083544
356549760
-191742609
83164160
-55766800
476623708
-724404960
49274515
-94480986
-347357408
-45636248
101902108
26733126
619055136
130262202
543393464
490065403
125370355
-4701762
-351284424
757874205
77104152
-312657408
334237740
93038688
-15837120
128090970
-264486711
101929407
239060196
618251580
739414269
-52931640
37610685
93472652
-676955752
-356414741
-74903871
632968000
877716960
207333760
299784300
523466300
-127165100
-10524710
22447854
-556816645
443213316
-32551925
117923091
-75976816
-41653630
-378207962
127729533
-44946347
-208800956
-117344472
-368604180
-478976351
-141988600
-1201465
2121840
-88508248
2231064
-142821404
-42156405
-97795035
300658246
-1009934708
270619272
-200598789
-98754331
618686865
-105150424
-167178720
84769146
54740054
164356624
524696526
-81369267
8704300
-791609671
83832199
294032119
66245850
-24566360
-282543009
294926676
-295972014
-209633820
-71063621
-159149840
-318043676
-9005532
-884765130
27069680
63354866
-116063176
-146754680
51175551
-108679896
-585218640
228317573
13754480
-49598778
267914412
-6581116
-670217436
190618380
310300167
640905064
-637257778
440505571
-112844942
291363755
-782848480
-126677705
-72869670
718408746
-224439040
724596096
-369168800
52453531
51425140
88958604
-211600410
-348772319
-86128188
-25394757
12061875
-58067072
-475337773
-56146644
-5147504
-951538500
17392222
506730456
-119772450
-403177192
-100558540
-92304928
-480371490
54657261
-759146648
-143616220
295414119
118839690
-308842885
261340065
-796244742
-190428
261910575
347548608
-265125848
-114453830
34550991
127103872
-248752165
378033096
-52228312
79575780
348485857
45550589
472571554
418737440
216493326
-472528485
142476096
-787606515
199542080
-27362314
-51140131
-488233703
-45974740
332191923
160744346
-183434607
97939129
-239401350
-429518124
228659255
-167959860
466849233
299027700
-62370760
-21281190
-174585216
-308813700
-93970212
-509337680
-415896
-647215894
-429890124
434736240
733631832
-462432630
281353972
249781323
-43377204
-13010712
38336171
-385164700
238468150
338640723
-48562570
140081320
22271395
202670664
-633277574
260337
-12834508
75149124
-161361200
-20802080
151426968
246591741
26181270
-167470008
100864330
249697330
-254841127
-398741171
27801750
-39558475
-454235110
78662305
-143379023
-69585040
-204982815
-187549127
-63773082
-342853136
449551648
619565900
308540178
-131411408
-420777286
504884102
18625134
503964300
-632035704
123365000
-845128880
-204209465
-182778428
-443640287
-78327120
347733072
-549189152
-423859125
-148891600
-314025690
-66386625
-580615163
-216516408
-385362693
116165016
225420608
-38695077
-53433618
210108780
-824290700
-729704294
-50633770
123626118
-76022572
397437040
-445948875
-5440618
-104318360
533326547
35953186
-272652397
115200202
49265370
542186946
-138174608
-156651075
2699319
25482930
752306910
-836400
42154749
-198068159
27186944
-5220564
142334098
-1676178
-382223324
-56623572
547846182
132418190
-267996862
116681732
-306581184
46787244
385509040
120711850
-34483284
-464341968
-64018095
-28478495
340561760
-275697850
567978716
35965974
-265946200
169525224
976816896
5354932
604264440
-324576924
54795342
-43282125
13167912
-65018033
461610500
122721243
-70853739
-92443812
-221759288
-781034124
245683370
-232984764
83024769
721504872
42367392
-37908278
91003056
-124832456
-365955473
-642938580
480636180
-69237444
187665240
-424413002
-5600140
87784352
111624283
533957280
35123344
-370612854
462690766
180857050
249579440
188289615
435107096
77818356
-529810508
-314014400
268327532
548614710
-650875643
266991060
-237447189
-716460170
19904278
239685710
423520135
-234942176
-324335166
-222948700
-37551228
64956920
-449812480
-151430580
365759886
-199663302
727834419
808481560
-219774638
-684827968
-307839340
195345545
554743713
-190456890
12246336
692005860
61969614
-326741010
875380962
23216640
29587180
-947956322
-385494956
146182751
-275247522
-280739160
-93387176
138746270
-110725920
-515917661
-452335048
356920632
-129168112
197514528
403043770
495808050
704506434
485662432
-67411914
489634438
-298607556
18740745
-146387040
87699761
8488407
-75031560
41517990
142272212
-782201331
-14628024
-314887257
36103106
791686298
-14963697
98106625
660424576
141684970
-38001431
-272379258
-919920120
527869287
660527160
60548673
80458179
194116140
-197884922
-266810964
-579557332
-209164500
-160825392
198436088
312020280
-63649838
81416090
184672824
-3221127
329331264
393790124
204893973
-492416276
-229298969
-316587038
717568044
-85552801
-280871640
397629720
-224094683
230770512
-61197062
192772710
-650932300
13605979
189755286
358604796
503361000
-25679454
-82554914
658399401
79935831
336767555
27305160
-119443876
-504906000
-146803416
641332686
198993753
352426176
-139492392
411017497
123125667
86430524
-30200715
-283825455
-333808448
596124903
-478176153
-56361110
-131063204
171894125
-92562668
-152513394
-84087630
50085945
-518540800
-13435792
106944084
266772960
-165193518
-59165886
99085532
62413120
-45819072
236258218
12189435
-273302744
-434147554
138676035
712542934
-110038215
268979112
464815424
-9947868
35458272
7932488
118800240
84248686
-473836410
107877479
-387931032
-94852185
-227339028
-436588530
-436715510
-825648670
79070168
199255266
-6757738
464669378
-781952559
299835150
360390072
-36923670
31874373
577572072
-14197680
-548561559
-164182744
-349082964
-132003768
-58651369
173930119
586379520
-389754582
37250362
51537098
-21532975
447235184
-207717823
-844014627
542792712
-903440916
-6299316
-543675936
-380019600
-20964375
-352654120
-601264692
48100336
-62794600
-274527762
-295960784
76579272
145349442
-119200501
580335540
-553283228
-83588988
342066974
-455642173
74173125
-122101557
-99355256
319419269
-354499015
74798250
-84178314
68687684
618266145
373929552
-282817576
-75619740
-131435776
1012111842
425229750
376306896
415253430
-267554821
161604670
626723549
215075136
-249614552
-20648400
76593625
3201219
-387386136
-151593547
3528118
-86454609
-70428177
482943125
-23946798
357926706
551600847
-30960875
296294064
-236950644
350760898
-216106108
277278221
125286980
-377215650
-78913710
150091824
46826010
-27793660
68621784
52326536
499148910
13161255
-88728480
-105369726
37254750
-52443420
383911533
215917969
701853177
-103478330
-93620670
151760169
-222728814
183089292
-369230800
209639115
-434351610
471586825
-109897436
326937876
-332271240
-454858182
565636664
379850172
-1063629040
-227656638
7758805
374534907
-887752644
13480432
44475970
466114311
-428456539
-423724320
51539670
104287500
-124318178
-893259866
47182977
181720400
23922180
78993499
291796005
208656500
-75594222
-235063640
25933150
139018561
30142521
-103052292
235288581
890026026
-209551212
171549764
-5296032
-789763169
636405132
-149623484
-181079176
-18720628
-142706814
819676062
171385803
-232036701
106203904
-44847
183354027
-48976656
-320052308
670368366
719039652
15349154
128585865
-633641490
-128664897
-139798750
581687730
449798580
89754110
-434188515
523521375
-797832990
-120315852
-23360224
-51447188
-509596828
-30899400
57254526
-268226508
30333022
41284245
-601240710
-689128442
-427682061
-232678320
12597767
-682009713
-204898347
-124693272
-109292228
4906515
42790275
135141803
62119239
51090728
-497622102
-38092776
881116348
227748840
-58888830
-65628388
87261624
-424555110
779805096
273335040
77921268
-479080301
93072399
0
-275275492
144502748
210043008
152004740
253993311
-506360184
54644260
-356134416
538931035
-34820320
-594298116
-617690883
-665577290
536648784
479263131
-495263724
-692358788
92106927
-190564016
-201756000
-375137730
-5789319
401701069
30001950
-320726972
176791404
-183672573
223774715
590524235
-949782944
-175109760
310339616
47350308
-301118247
411257665
-79000264
-349305884
-639639772
88835292
-60440237
115243680
90005880
-227002360
-190573406
141506227
-292431990
-25714980
319799082
137394235
590964990
-211188380
238177245
14944664
-45504702
-403536246
-14947504
612920848
-218209484
-23046100
-247641550
82398780
-170756964
-54126593
-375278832
181829480
-104240164
39948252
198791671
-194416608
46166400
-319499522
337053960
-64688760
-319781462
15578640
464758059
-5978406
-53674845
134624196
-70642824
-43336503
303018294
300328611
-124630737
131154560
-273478062
225050888
-72972336
105351904
297878112
-140409126
179535720
-34700018
-100881474
421224528
-706607473
-188840415
57519956
-29401202
-95803020
209030106
-154635660
778632912
-104431560
562473798
182647575
-148705344
377098818
-141037785
399370080
-84063672
6624768
80994030
118192815
2452108
445920078
-79739847
-127295440
-460700669
451014315
-356397321
-1883137
-11158355
-262750210
506208040
243474476
