1000
-47478970
9260030
-34444992
56066454
-55545063
17162460
-131250602
24787800
-306228864
-148717296
-111859374
-154922955
-294157500
-66083616
-409403050
340512618
-160410300
22147220
419002650
230757526
-66189968
-435671104
110207515
630154098
-191416480
-250921985
-145021870
541481355
341032919
307970208
183334762
121979138
70219440
-9108668
-128685438
-661987104
454950880
-9256290
-750028686
-337497620
154100070
-581929392
476679741
-330318795
110862882
-198616125
-472817250
-408156896
-507187616
787168492
-875053104
75853500
3666603
127083539
-5253714
100307354
-87495408
-113401728
-94560322
-28846416
-228582675
-30130002
197680952
-61117518
-5600420
695147784
173484288
25068729
-6616400
830384666
85272512
-36168412
76387480
118765440
-609226046
27743634
263461914
385551840
187455576
-150816996
100747268
301973984
42264810
942221676
-330719364
-120125775
-263839680
-549456620
-225414175
-238922380
606679409
483550366
-677179896
636282426
-308259630
658578181
-326135394
80513914
206374038
-420443735
-346837400
-178962628
-470634370
-14578894
-8328987
-59626775
-106200360
-202458512
186129340
-445067514
328360725
314580000
-23212172
126113704
5705523
413096484
-88316250
-110860566
883464959
-257733515
212093048
-31507680
-84893172
6290010
229570770
475471983
-762921045
132350400
435826280
685723796
420361461
252070147
28101672
-366605695
53629740
-643103142
502031649
89002972
243317448
422059630
805184224
853330772
-71088339
541394545
-73032336
-72203346
-142498425
31193856
143262906
-173151528
-207813265
116907912
-362918208
829407073
758541828
-682775184
-360435130
429149775
206432224
594295408
52322382
-156041712
132366520
-308683319
6423690
339913330
-6533248
-22073796
222870920
-717689060
102899368
22328800
444901380
-10646064
-750600582
-483047792
267625220
587233962
-425591439
-581954832
-774455175
71655408
-1265184
104654400
88945536
8725923
-377539170
300886678
-436755930
235590840
-305023887
-64865819
253972809
127166214
153716755
405125262
-74489598
6561270
544976684
-110351670
-2079194
-35479980
-317940040
-562501888
-57233639
-310836850
-8581734
-194730144
459569517
-750082046
-611346375
-123813800
-315327792
-103213068
46305246
-375067114
-447493020
72751000
-392122152
-100096161
-46726580
-142508178
-420214608
264323190
-329340878
1697878
-168456576
-42038883
-467495417
391015323
937334007
-573111548
659541282
-421762869
213121480
83419420
293896335
-169195628
464808
-525381668
68801295
484483533
-310741200
-96528725
583991100
65781787
101101910
221113533
698679950
468947500
608669606
6811220
-417579670
329436393
282391879
-134334760
-108003125
-140224575
427667580
-65624976
125251836
-149732973
-115953354
248255657
128687735
-130630353
96997550
-6581960
-27757188
-90763320
24365551
-89916525
-8261259
103247340
-79926631
-448429270
-90546904
467942024
-145375614
-536172520
-35694648
-525306222
-438104100
-66423214
-642638256
31320800
70293552
-760691756
-171110198
227738862
-462432165
325620844
649471680
-104814945
-256515552
585549598
-414412650
-435827126
-295579194
-300840071
-268932680
455566800
-12194784
61760373
-18009554
406729532
286842600
81047925
-598544109
19384326
-115486265
-353915380
184484570
-115398660
979723008
52587315
48123800
112664922
-410367022
3591225
380082954
-473870754
698566941
919346410
-7352208
618529338
-490878180
-405067500
-42901024
94292488
-550930536
37335260
266830515
26994384
12570166
-32041456
-43575384
167401025
67721776
112781922
247841742
-893898131
118175922
-14221220
495637920
451420320
-250417332
15876487
-468517500
-162491661
-490218300
168676312
672796704
893179455
404202000
-507689160
-459437528
-140198535
6573000
-310581656
-393521760
62691032
26428275
-522237731
-137257030
272256171
-11120681
469906180
48380416
36389135
545107330
-258709470
126386150
480864384
152703282
-475264581
9927918
-154479842
-264736771
-417752720
40984060
391377308
8309950
-156881440
270255400
-24904388
-303188080
-315796608
-9624885
-816780984
25679066
26682695
-123580212
8102800
-571017216
375100044
-108736397
560144291
9140649
-328493295
704858660
-264981608
314141848
-662839848
-27167830
609571094
-83583144
-15533750
-96970666
573920888
332923164
6783901
490818158
437294781
26793760
-158169375
-7671279
324397808
-147534162
178273938
245181156
918844680
-130559526
33769956
-94394880
-720507086
-12493494
200199184
276892028
-178470280
168843558
169474515
442988175
-64810135
478613267
368502363
-1013065002
781643436
-104314602
-152109914
-610450916
19729188
-25170552
308469063
19826730
204533608
387519040
275719464
-685776000
20859865
815744440
5478657
-118936794
-6660940
223019880
-399216819
-485851432
285080560
-135729840
-51144885
-378601158
168728920
-187158020
-107601116
103081216
-62145720
-15644540
-132867665
766307000
-3033776
504278155
-371224560
61188894
-117830094
198230391
-92596727
682842400
475704768
-492724728
484300080
-218714685
153526464
-758075814
92643204
308397100
-430716720
-292185505
-692567613
96003450
10617964
206768496
-299992245
-161962218
-40564638
-511920036
-493507980
-86649811
284789670
-258615350
658675848
98915567
210630820
-265759915
573684299
-17579484
8455826
-19482125
-401508931
-948219370
-30129120
22040937
-226680954
64195144
-85166049
488551896
-77216857
-421033173
-276047648
96785934
185734850
340218024
-545156616
-543408407
68917872
-392431566
-26373777
-523367252
-653827770
446961450
-393872220
-777264684
26623089
-24241150
-364459338
-468330348
-136555200
-683643168
-338283155
-28696206
211394456
21654768
109464240
-331071804
404214954
317416803
-34079780
-290581179
-10807986
-195928356
574204134
-208875810
-17986320
142074586
1659006
-160319595
589561875
-114017806
186008900
-677205593
-398289596
-313090540
-9297802
-681469920
-469962480
-313220648
-163898306
209411320
93344492
-214218412
138926992
9429900
249347363
-11796806
199829695
384922300
-81618500
-91897800
-164540724
-1554822
-556725487
-126404520
803085870
-185892278
373458168
-79721964
-124038432
-260046660
134664201
-118368000
-382480280
357581900
196566132
-753257619
113206875
-287006208
313500993
126451660
-321452600
757568070
23758524
-41018870
-158102150
820051089
51529665
-579538219
517128844
315118496
-28249980
208179394
155519280
-528501393
-337764540
4509228
-51664230
-79463174
89123775
19989640
-178068555
107601858
405103842
44328368
5367516
620851221
140073120
-594477464
-885094305
416273948
-22608692
694247420
267351330
318628934
-119495452
-280210656
303272245
-239374581
470799105
-17423650
-379264800
80123412
-23695421
126280300
-378423738
-410557728
-246692940
286299122
355704339
274318460
392279589
-606771393
613402482
7765588
-74695945
-63650818
777605400
-272321856
-140741836
-691948368
51440690
742743
808378088
-121384952
-223109640
4927043
-477206139
-845091573
5254560
165985876
578061582
-434501720
397993960
-15522060
-199564670
254890064
-208439616
-400109109
261489492
-204326664
-33271458
-2120937
663168600
230629195
-171054884
-5100972
-108133784
183737010
274067769
6247496
-860768688
254124000
302415467
-384338647
179220824
415213532
-372641456
11265784
21668388
-430141570
-241657650
243480042
-62576184
131573376
-145288878
63552874
-969386184
219401308
-22721608
49325034
620934288
-481127133
-92172054
-404091000
222185928
-15718786
-189525303
370632928
-458348832
41500617
-19788860
-146560686
230223315
-7527354
-49005006
638616172
-267116040
627869295
-200189529
114743215
-100041300
-147625720
32998910
-111092960
-169497228
419077780
-704240203
144073665
640459514
301753008
259034105
69284748
242405940
31363760
-825792368
669919896
-109115664
39783684
-94291052
-236670245
-194469084
65088137
492263450
593275296
33333300
28806116
132678832
-7695390
563771476
697641
-586185429
-599512770
133818920
-664111990
-9480163
-787047326
-86880760
50531418
-185944924
58978750
620682816
210983028
22652280
-456291911
317438504
505011816
558884781
63560550
-348338472
-18575883
325405600
417015533
-7661424
127935600
108730548
219807637
480048036
404549289
283889697
173072156
-719897018
71201796
247286022
113034240
14473944
-246325086
-486701199
-551769068
119464
-85854357
65324196
-197355972
127598976
48988131
231796485
299121900
-182728200
-521500039
-337774178
-445306864
-510429020
53855178
225865978
99760044
-494701407
-328740567
373134123
638983332
49350525
-131130917
-340016040
93167826
-353075244
571894884
3370896
-336435766
-422974116
-106436700
195620904
-192502853
106467304
-36425034
-259519524
499839179
436512790
26335617
-226352888
-32493340
-166594565
-206338428
-121548843
19784193
-152597585
-98185068
82294814
-125183640
233857800
22145412
114239496
320490279
743699484
147863382
605911860
91110531
32030512
-386255294
-415632021
423867468
11695482
125071616
373342992
-355196160
318368986
-322616428
-100972854
-204209355
-616753184
481137076
172398835
136730220
59650045
154630113
-366866592
-188821376
11650230
303944921
182726764
25499474
63184752
-452964427
-345449928
19493993
43191540
70626320
-141282340
38063204
156525702
421940904
656208
-688442039
-446986925
-97215363
180752740
523785920
45443188
-304535268
-42640444
235950921
-291618140
182727283
614563200
173662775
47616024
-437407151
-287663544
-450873427
207114520
145036208
580871676
-100137075
66542619
-862316767
66344207
300214108
142064120
-113844077
-677880522
451934021
-341541720
-31322466
117490365
-197122016
7018392
-195155356
86227740
40535766
-433062104
251180600
65195667
-87110880
252501718
113831576
459888128
-731398840
-1277016
-195867480
213021507
-306471024
-592480872
248067765
-29997606
356126240
-782624490
388984410
294451407
90958107
61286975
-103777683
82697832
210025620
-97812
-166142110
-671546652
-8315517
-295118538
351968688
-45931152
-46651804
-669136320
-495168756
122713500
-43652896
434850800
76403668
-414818220
31115182
-456070096
-279311088
-52442676
204001783
-362639904
-288541512
305616229
12221784
-5089568
-333842600
232553178
-54294485
539533282
-350607752
-86690259
86081368
-61404839
-201468515
-164500661
-39415996
327355
99058723
-447246576
701169483
33229757
364067508
94199862
115743076
-56220660
199329816
-545246052
-594099
105397332
-9329667
-164141380
21648416
-165936882
