1000
82278630
547444465
122267761
382396850
334353136
-134277966
149205065
1972464
-195595200
-450333900
-266134052
-537702812
450039720
71252351
-131899208
-500424640
198122865
-229244159
-327859060
-527899300
-105676272
792891230
110019710
824170032
492234384
6894504
-78022350
141469614
-389762163
-196052945
-114724800
-607334112
809071720
30459720
276403305
188931288
-811482724
-610213656
92635872
645174080
228851730
628820460
-11734906
-746409510
276525824
-144495468
110255514
424887300
-514929558
-385448559
-43779596
172542620
13239779
-110353624
-701704500
-112120245
-777671265
251280224
-161582509
643397538
646975332
-230507470
296040966
-789507316
90781449
-26902180
381772800
-112093274
3719744
406346835
299030630
275350070
1292076
-636673722
717718622
366768558
-177376549
-526534709
23021999
-266171828
5926124
-62869152
153524348
-618599384
-410651502
31110956
-99878926
-516489464
-79090362
144162252
-120208590
-558861156
31804210
-207508944
357555
-544165986
-53979627
-29934135
-121993368
-268918047
-58355528
-913455
-89402949
-13870620
21223200
-323326865
-673779945
-229596752
-205899708
30749484
74839440
96599655
91908064
754828182
-423794448
164538520
2083668
281533040
645254314
-292819670
164588109
-163601750
-322626048
188200537
-15207835
-463732724
-106026500
24865208
99812608
-44372555
3462327
-127011096
-701637178
-15135120
193921280
-212515488
-339979356
307295003
-242264550
133714062
373341026
279278062
-25128564
-757142082
-311330960
-481653693
170733861
-77651587
65403730
-692741190
-179452770
-546747749
-100590615
-191604968
8301384
-762532800
40368150
59303160
-681305888
67785579
-240066414
-390171250
146521986
278086032
213476346
-140637056
-632540448
849252612
53942116
-98329140
-69485508
162963505
-213322384
105286016
315587798
37393626
-224622268
-349747250
-465150978
15830908
86124600
678421950
139439025
-869865060
-502930620
-157078485
264863712
365314482
169097890
-558835452
-20538258
-128871468
-258233228
396795960
597494315
17208906
-189501630
10439328
148923385
42631288
-684981846
60220154
78551935
-43370393
-335620843
150133600
-249380208
-896083396
-52054159
-165953664
-216744583
-88744488
-691401828
-205923426
682661980
848796568
157080781
722222360
406894040
-434588058
-432306734
-355894374
-142222234
83680002
-44424494
208876896
-115569155
265425464
-6434008
-254581864
659549898
716283520
137522
248042655
423572176
132996040
-386503380
-163965056
198287587
-59069891
122461455
-38025522
12208488
-248607268
-182153640
389436875
-528847592
-524257920
-457668872
596400120
317566704
144470035
187132800
-62394860
-51593002
-179595650
-654660534
128912916
537844034
243637965
184526320
-202215150
-300905356
22487142
139088492
-18085728
-379063250
-545479596
-125624280
-269043420
445350576
-146544086
227676920
-416696202
21620384
41914600
206615807
312217488
-840250530
467004202
-200649825
-394471740
394239384
-363577368
-64516476
1007024580
411456648
-866404032
206085694
-272915160
187273539
-34462932
-246913807
156916548
-956316490
-662902597
24624932
67906052
-72595728
789728000
-245825250
462215448
-122213893
-211077338
422747328
-194746695
228714156
-239381982
-233279390
499505225
-5080634
57614625
148095906
62061008
-874011666
109334078
16366064
-71204320
-81528678
173775864
114653448
-1582286
-227395116
-423833580
376264671
-102996967
-28675650
-363410928
-17697932
170087346
-203118000
61603200
353020140
-561317540
-252883500
572906692
-364484831
351499401
14580741
-833704740
-455395680
29180548
-24106784
-333091745
232240554
-145326714
-556697888
-234292695
200420044
218373576
-29006034
-610358608
100025346
175285638
-119106558
-558268157
227551145
625172548
-422206228
-444540388
-348861869
392278144
70240500
-235608740
-290165200
-147252053
-6714025
126712410
-709069205
129012216
90364000
136406445
-121778473
-605718300
-224898843
-19983816
128752052
-758298120
-7820595
6022960
-156020040
467682319
615551244
80137130
-304768956
-82656581
35466692
569004133
293430276
-470559168
110860456
-29505691
-405505695
-456950505
196278222
228154432
698906160
37419360
-405873806
-150070054
-99759622
-36322619
-52792698
318282279
-425967080
-10745614
1967056
173821250
-291698400
-466375902
-12754944
380323776
-533728311
524488167
604024588
-69909266
-450667888
31583575
-88329844
-55395522
-108507133
134655220
126644650
-37332954
64040076
-499967364
-199143756
539313160
623095910
12329092
-29692234
-36057000
80499177
-65574930
-420672960
-246090450
169843048
-125568520
536146560
12672870
54495875
96639065
-15861006
-258206652
182698516
-28458000
-21118968
361430012
-283881962
221393464
-937781335
-170761547
-245728450
-177785486
-113554910
-160386240
35778712
-86915625
-406619209
-259922780
573325248
432012768
425867829
723463356
512140770
199749676
-165906768
-267374380
-118446724
-769982712
-45800056
-270816357
5258265
-386231645
69730737
389856272
-334796484
50294860
-497387165
-4800422
-142593152
224303183
162332824
515032284
94031272
-257218221
218298112
-872886944
-4944920
-64391836
-244900215
91876772
524834060
525320310
-528123336
359519060
9208902
-353432118
-7062364
-303481984
25700895
168386949
404371520
-219689844
-29680560
-139024050
96326208
26217856
-282271400
90183060
-287452932
-3375350
340704036
-229284000
137305440
-592575425
174310373
35232136
-522425130
107111849
40274416
486609795
-81478773
722721282
-20769000
-947569860
152381416
-294476007
118241440
82905188
-249961860
-315824838
-96158146
-630836800
-869195618
3601845
-598597540
-472760955
-100113111
234785178
696656801
399146817
-34645860
-255038107
-691424790
81689895
-289890250
189354396
-17823680
-184622466
182938122
94327254
5036526
935777970
-94520250
160552840
145828345
13341610
-130459545
546269152
-117584070
163952290
85921935
-72111620
-269990166
-149280864
-37294838
-197529526
-6100524
94079040
282352491
-357755550
-636657276
770698626
-931271356
-2849066
9204336
164472018
156305370
-84316032
-6195441
-146146772
552671667
-433031900
474949965
337344189
603990560
-223876794
-195305949
150013248
12775721
-83027301
547276884
2495464
162926848
-490829100
-204669078
-124099212
307717773
155956332
64690070
134554326
885031300
-465248322
-153702522
-473749800
-233831492
24306840
180076710
29724277
331479972
-148857184
30749789
459946953
-13379256
789218870
772405020
-452278946
-63724089
-603474690
-45213376
46576960
9494067
190661997
-427637206
-432669096
-86670969
-267938505
-289758924
-159989226
289592600
-400970520
-19356800
163554576
104818735
-83028449
348839388
-309240250
685519796
421988688
536960512
-20410380
176571010
-272186745
36412600
215018514
-353140074
-169725024
166433991
-72943920
90157620
-58443266
-45986330
-311412318
-112964454
-133650935
-17751107
42080880
5582978
-465280
3289857
160747092
167635728
272137043
191487835
-22755375
833648724
-344174360
-599892348
42596832
-688844415
-124669600
33607644
-59272480
-91525379
126753724
-494930240
56730496
-6242646
-76110840
128133954
-13722731
-733633300
-51747906
-138937386
719510616
-288396134
453560368
-23956053
197068454
845963004
-161636790
-181157494
235153878
468027072
-708888698
-15039009
840389485
13584876
409928700
105411080
-245552553
479291428
-361768386
578705910
-2703834
244516320
-527794920
176005824
-333028608
29478495
-687821652
239294734
-472390398
-477722454
-199885700
-40432535
-60620640
-233526050
-153485280
-188860049
779961850
490740344
-258016760
-248400894
-207305250
-94954395
73252344
283955525
570894552
31549296
652344897
555759240
-260755950
-23053176
231194650
134303147
161402241
42827406
145922659
298897236
-459170569
55474856
-652104852
148132764
817584482
48224472
-184552508
68640836
-676508430
-46755276
256281828
-150769430
-119415672
47643840
-88076618
265242640
213787800
-47986155
-556716075
-110045800
129421354
82559606
2117695
178815399
54477396
188507201
-101254566
-651558124
-607790840
77196500
-10415181
-304731674
170386566
-124472005
165404400
449325574
814393486
15768690
-509816480
-71610448
195777246
83760930
298808904
-246805317
-243763683
51398819
-438868885
745926417
325119526
198821550
-423937395
83706705
-562099044
-328118637
399299439
341761246
580213312
-11680420
352534018
-761327684
-761609580
-356321750
-57493893
697784003
-367336288
-14794773
268508688
349275496
889749432
-148992632
-212692096
-149661663
41553072
66876118
161703660
-348095124
-703316716
130804794
951457728
-193107789
-4788332
-383182008
322441084
248790620
77063040
-112772664
-386619604
-58056474
327564284
-19347293
274493778
171092726
-481448296
-325866732
711267165
87915446
224912078
670164144
73264532
106359043
-394379592
333869613
-408614159
-95208224
127181887
-48820200
104101198
-405081270
-482481370
666800750
163599480
-410939658
-804318388
169165404
-595031688
383984110
-101467542
284959304
-244783390
92275120
27531438
-208517190
918390109
-22534968
24953667
544853799
5690670
-536544817
838114501
28549098
928712400
-402170256
611088840
-1524400
-92293160
-74154867
-41175888
160554072
-170046940
-290616966
-16265592
-549247050
-160026192
634527000
-5900664
-281445385
340822025
-133962390
-219906806
363975130
-540678548
-679497378
-211308342
-8078732
821237930
-11243154
413814240
70097214
-114961805
350477400
920174950
-541725120
296522071
448597170
46096136
12077208
87220200
-268502464
-310873772
-155929180
-187070784
-86467332
736769650
-482390675
-134695436
-1750490
-164195200
-424242528
530104553
-468886896
253512728
262900275
-212276844
13630260
-15792650
-291084609
505588602
890003400
72199025
240350805
-113818375
-369272301
-18621805
-113687075
36764820
385625324
-166159131
-123970060
26898804
94898574
86026752
-651873475
365492663
-88856586
-92156781
316231776
671210575
-96122741
264584124
42950908
-247622375
-924851800
390992209
243236208
403895888
38690400
269146836
718215880
247816374
92832876
301910
-18436032
487343687
-77592793
496973570
120591744
1458814
-95892818
17682615
15412312
513046395
-168820872
-252219118
537254019
21307320
474514880
66269161
275929856
-144635034
-790552896
494422720
575239176
182043660
-234703537
262487732
329481848
96955755
349827604
388730668
589513428
168933891
175795910
107984310
-495957000
119047500
-88619520
-470859642
87412910
300167802
