1000
493906761
304776864
29968503
-37347156
-7781190
265528510
-293729380
-155387854
365069796
-159650400
-686118175
181808571
-406466424
55108700
112124112
454294773
156691260
130852488
-67801024
104293800
-72532188
-106840020
-4835866
11560860
10414560
-23930940
57371537
38947628
60820615
-589616797
-250953688
-20813280
-87942876
384800000
-604753584
31926465
-479957744
241419820
-125845400
-15258552
84155610
-115688880
428055940
-131069600
-125405577
345897006
205979148
573385995
474794670
563835984
67157296
-123704680
-1831613
-97529404
-198680160
822501456
98387346
160623048
332980200
-138033238
-190884625
425566114
279195601
-370696710
245453176
86071596
156052704
73351258
191242096
-365480970
-64320786
25152960
-75432415
470678796
-589171404
165781056
-21610120
2336003
142767625
-218552510
306881848
195168078
615356190
352571752
15056756
-420593460
-163396242
-152934125
266662462
98852056
-58452912
7222320
157736880
571092480
-112335847
-651972860
-105241376
-219928851
-558952069
20073536
-156557760
375217624
30015730
928789758
-31370085
-28700684
-19318222
550106928
-1030118247
-2897448
21822858
243105880
57340518
-166630040
-103368636
-720710716
-259992
99679680
2034330
690856872
39702586
-34330384
172367928
294453711
-430788288
189770796
-40696648
-198898308
-17571200
5166823
18186744
20975087
270552789
-394534800
-244892568
-219111849
-176991080
-353663562
-80021913
-8001246
202765662
597317548
7400778
-421507968
937481534
-9307424
-936491184
521644872
297396820
658663896
-27612308
-401604492
67837718
47495299
83693070
-48744420
-4758585
315423872
387875160
153957660
-626281956
220195500
394851306
719969985
73191114
-233971771
-427831536
-251654040
443933035
-512022012
-514324330
139110988
682057689
79342578
-179644010
340437483
-13700670
-36564858
-19579560
-470881240
8789814
100836548
537996134
58318610
56104692
-532887804
-22940340
74674383
-237205320
-900735690
220880100
43919833
-365840065
-17398966
-20569186
180806864
-77135552
-55103010
-75639322
85603168
144211362
652514364
-151530624
-219359680
168794808
348365730
409464588
-21948615
-264359784
223047000
-33760293
53389688
407672595
36206514
-432352024
-145437872
92295144
492520454
-240983274
-648600705
-29814933
691962752
845566848
-70433984
92606514
320547816
-328028785
903598416
363207858
-543208086
243989361
61602351
166250799
436481832
603081774
127808016
-2534149
82043336
-107954262
63783840
-196652400
476119917
-302782704
-129990915
-100358157
-136481316
348664554
551832015
14417388
-391165656
-237350556
324330446
492290920
236181453
5625084
-925766800
153308768
580788960
-114683520
-210957152
125801154
794518695
-88664136
-81176976
-32228337
25052606
9457320
-22425074
-94937057
-275348355
484405180
-305004986
203065520
765079007
102199788
619776157
-51208535
681206875
798174720
179352030
214546350
15983365
-552028424
-124987920
-867312000
18992790
354057144
-215850928
513874944
119370555
-314977158
-107763461
-659471815
902995768
-651303472
-220535496
-254299056
1008375108
-483884758
51605703
-284864557
-47526548
61268312
55029915
-664619907
19462080
-440771812
111006336
427428376
906312474
-432240368
-472680432
545620984
765233
-46656935
152814776
177822740
243496308
-53842158
-29529664
-73075926
-272090025
-141872782
-450683860
105954795
21882025
-81886752
-361810800
-18399740
673659328
-34547842
-246753330
258462720
802519816
-648951992
131951745
131582676
-608479560
97834880
-561630307
-61128480
244026081
-163835064
147712950
160199640
176294784
80157838
-444191132
95736330
-2049488
191164728
66336573
-462381990
328161718
742314177
84380373
211485414
317302414
-690317100
-63331398
149985300
-17916906
-655556720
379630520
195067392
-416166090
-633380307
-35697996
-792475250
-473290
-29926800
19526173
-197452242
-180505520
-216334730
-281638464
351780858
-77648000
19983009
200572728
601224156
-27268950
-11240850
-82487184
-672405903
672114246
80499360
136874514
-472171065
-3703116
-5099024
352299699
44872900
35008610
121690624
-518364544
-41803374
-464568982
-10948112
-12723147
611175588
-373087093
107670180
196693092
-453336960
86839962
228186920
-2480474
25459264
-50619600
11959104
219458370
57305236
-223188630
18926028
552823600
26463360
-405541852
121601220
-96041973
-25577619
524482049
-7279947
-207321310
-543636456
-172879248
85045491
4115285
-352283133
209453617
-896060225
797053719
-914233662
4505202
-292271472
-183367524
-7438951
-103223520
454883008
11393958
-632417280
-515427072
693863349
-350222128
-42157694
-549196578
-281383634
-51508287
763891770
250539054
42630014
-5000688
4522861
54561840
495096203
75274195
119947554
136690791
-30019872
52229232
-82276940
737265599
38836084
245056320
315186836
-226164640
21965930
-643249908
871974675
-140617420
-350902890
319975920
356250088
1161840
100984158
147819230
436883538
10760645
136267868
173823719
41639660
410217960
621657438
857807
152815404
906647260
-593668869
-194262255
-111920437
9006552
-241854900
-368412070
-24509248
80174150
272887650
-348866595
335652420
-278817776
-451516158
-470925780
-4614618
-657298218
16121098
-254458716
294945994
-20632032
-84673552
87769594
-87451056
-36201465
96521022
-161356580
-294647712
27506490
-26741302
-205254001
-300538458
-109637632
-509654528
-685301620
987815688
-727561330
-193198355
-196547845
-36951512
49348794
-121871221
-42779835
104437675
464297034
641962690
-103390849
460567632
85987701
-210746720
163901976
-624277483
-12160736
-801211635
-308486682
27333728
-811518804
313863964
-7876960
-122856320
-562899048
-351368226
-642581121
-241613442
-49260835
-94771116
-454903614
-424493377
15562150
-93148893
663954600
242347721
-117934531
4171979
84432304
-61778337
-267727719
-167028738
131238396
-867722426
-942559996
568384256
-129258752
-109689144
520228576
811142648
-156288000
192723480
-175952392
217368224
-15903342
319865812
477887278
-556484595
331021812
82518304
-529222396
26775840
-403071624
-681628818
388621392
-52928028
89163984
-57866346
933824257
-269868370
-427514800
-95181317
544564944
40654425
328250400
-37323526
-69265902
-675948077
-60857832
-237190034
-405222720
-230557000
827686692
314927184
-45248868
54081174
-993124224
-173854512
155187712
-338495805
-194254028
616936505
-601230357
-79968654
205938320
3770712
26119854
77285376
29820830
255329163
351431645
264286800
61511400
237274578
-8722318
478174488
28756158
-334240898
-717772512
-63800440
-132964821
849332526
193714820
374447613
564985800
-464775314
26505282
17192175
339296100
-42170202
837928485
-790462530
39287000
-404850765
-128211012
-338204170
304080750
-266722890
-10310454
142313745
-103866102
-13414395
143755996
87747975
-293041930
-283655769
-335344126
28090195
280499168
13873853
267938034
-166135365
-11805716
339925440
185499167
-383043646
55228998
-695674999
-68778591
-733596920
110980716
-38124450
-750430800
280149243
-154628094
-41091960
997289368
-1035710893
-766811715
-291558777
189036144
705212085
-218629812
-363338241
-150747520
-40513092
571336580
-195267072
-1030590509
45587205
124482904
233028992
-124430343
-104377020
-256048275
853474425
-9270457
-510455370
239275068
38538270
-790760901
30594498
-618699452
37081980
-41473155
577329500
552001292
179506236
-73516146
-665452920
-146198430
149148692
32179860
-455550480
-25583932
-193218396
305634889
-412790163
-376044116
-613460880
-29126474
252767868
287968826
-411257468
434046418
-46813308
-396557535
-586661115
355553718
-679165113
451118208
548436834
-2086832
-167688614
-1604120
279654512
-51818904
-141939018
-45538792
-31773192
-943036365
-216258588
329725095
-97641204
-72820237
461755822
-335385721
654682501
-334102485
-745207793
20144384
31119920
-23543316
-94938522
-364626493
-45154810
175952020
-235423584
-167984492
-509285412
125810234
-637370032
9119
-498672600
555893
12544
348522115
-6127990
568674312
531239544
-285832675
-204572628
-293767740
7980480
339923000
-911516279
264003460
-748318440
-24282443
-647337312
-425822548
-627949880
-696764484
103451150
311630
-5555920
-114518010
4416498
217514776
412246152
-33452751
-572711064
98227045
-117449826
394158940
-527830012
-338354953
-168447290
-484588800
130712704
-11371150
-296596080
375110565
823792130
-557246794
713274240
-727649325
99697997
-208091688
237234750
-8006040
563375088
-18682360
556907277
-278234401
-264934188
-280535618
344820140
-821992920
144157824
-305900301
111511296
-270636000
205241183
-667240448
-250403604
70114380
86128050
-277747631
-24342472
141230372
116478456
-3677202
235763892
-328479438
-178050391
578507891
-5694978
153542933
-127871172
-45966892
-340830490
-141278319
-296622237
157366467
6769386
-680372687
331846252
4110120
-6109807
29657826
-47852518
74383452
-33890095
4870347
215622978
-72791400
-274775
782282296
398056536
-275424950
771630668
13757709
-669747258
-62388
257294752
-422427853
-191254082
-804690082
150340239
-19381596
-49309488
325008369
92650077
-385161984
-493529520
-1126089
-764437205
-28894904
16939363
557036345
529804520
10070507
-332925048
-279607704
126270924
112228866
775051206
-22701471
-239781528
583067072
-167698561
-34533066
862754772
53020716
219984240
989265907
-32165249
265022010
129158865
-781025792
-239269952
-727974765
145056621
112661773
-826150724
-52522253
-2849892
-51416190
76437834
156552449
-183043740
-195457186
-421700546
183844800
356639826
-119845960
17929235
-715442761
-339398961
352086904
-401382738
223108923
942705184
349352656
58459425
623602512
83262564
415424138
115629624
204974464
-369647736
-110585043
-54765214
-25461048
-63096748
314635209
13246800
490570808
263031045
-952333302
-6670594
123177418
203583534
-60930963
-52347033
-690957435
-33211892
859230312
-105894144
-1000140561
-666404900
-23862819
114362712
-946473864
529175208
-880182784
-44721142
65454896
-17294840
251115228
-128781750
-318778487
59289690
565852196
623734384
198534028
328493034
130112210
74761920
158830191
325612905
1865526
-931221495
-126167250
-475642944
534178254
837472233
403570464
-387965652
-116520040
-849174350
505629827
7493733
756589720
-541860831
-806529878
3245940
-281128960
-257877062
482137099
422052750
573612000
347996130
-78751155
224192065
-97434392
50895620
-22441280
