1000
-185652324
-33125212
-218042176
-61741384
524457912
557564304
5082740
57423591
-1017853980
-26041015
-417883550
154151189
257909220
-23489954
143510125
748554363
703208772
-193041216
-153143439
-198600495
-39217660
-357122150
-175139874
-166468819
-332985800
395958024
26604008
-301027680
196974974
-186278904
-395057040
88408064
-179950491
-286423525
-29014181
-665605644
-642880560
-59306114
-358639782
31100605
847652267
-98106822
-1284816
129750362
-157485514
-86741885
395689050
-105256658
90401520
17601528
-49328622
109289520
291416125
774563806
351767520
705219200
267669296
-142234852
-260348780
-2087634
-110997950
-671527021
73418736
-16125783
119916505
303059822
-144677490
-1073150
182138028
383278374
165721017
-553593175
603078885
-167786373
257544339
-365840772
-900768644
-52791609
311747904
179534150
576549652
-21172396
-70624120
-334475994
-604922160
-139346214
820708626
41579649
811613718
-766485664
-86548242
265353799
49074784
-10400790
-426658182
-868502180
213584790
153823594
502915750
-531579712
2552308
-736170789
-10139616
48629416
364511433
288957052
-50282379
-251452327
-350014058
4528950
304236002
531452490
616925916
-568844480
-73686004
332732039
-277572065
-333635624
-183690045
-435013665
-28534200
-76632624
522742923
228378264
-357361374
502051550
504814400
-414470421
5244510
71894354
324918192
-280843500
25766208
-209469942
-65112387
-23780196
-216373206
37181907
207440128
-197050425
48095629
713396276
537051960
-259984164
-342558020
297530459
-53860068
-4014708
466398645
-14669255
-82745133
-351886464
89654828
16282041
462239596
200453910
-2134847
-303013950
-252777720
-410790005
133776401
-8549103
227807112
-558714123
-103222070
18684277
-239416772
378504367
43456392
669138910
-6146658
-363977145
144995082
136156642
-458279824
-431087067
31893550
-119999385
446783970
490289480
388435050
139414419
-697886910
-301767585
57748230
53023060
532095344
611712
421596838
-759719232
-107128840
-2873223
590236732
287129810
8797844
-502161072
-370804380
-18771412
-393384134
-17336550
-251646224
-524152706
-247687065
94309137
-504426168
351502050
472734095
404189667
-96814806
3456314
667498500
-26067544
-654539520
-14364882
-437637420
125897104
4714644
265644060
35891966
198199850
-4124370
45302931
-389659764
-109056990
223522320
597030465
207253256
-139227231
98344870
430428672
-144394002
16600356
686928379
312385758
159553884
45740282
-116369880
556159393
-5311602
13394940
-646378620
-1283055
-1600984
200240277
719138882
-410275131
-27851760
-21104682
184504068
929485903
57869298
-586289440
-87905664
17680383
-18408240
-52369200
-2602787
-429403520
-799523040
-213872958
344248044
599315520
-518984406
-391946490
-223402608
124970521
-488955214
295196776
94514556
-155965668
308721530
-444686320
271167988
-111127996
402015808
-117200996
164308200
-119066640
823678900
-184825357
111624695
-229805976
-133933279
-429697350
54798666
301864338
-64080633
917199646
-493877592
222149312
-368270240
-128704095
-613723132
617771040
193688208
266372832
863176384
64490112
261144389
163935855
132269440
58906068
-127307640
-806727078
-50062467
-16212568
-64699754
-26830132
634177768
-932531600
797345744
3184064
-220840109
-73931964
-366708888
396552123
-74136654
320699400
218753040
-12320692
477040784
-18134423
14455985
535484712
-50723036
-287598420
631399061
380224858
-97849084
-369458000
-108765150
264363932
-574593981
-275448734
123088803
-97342452
-117601488
53989425
454111320
192685493
767957235
97916934
-110717595
98130630
546801444
-41537680
-2881736
104284236
-102786333
-536715789
117924831
121243200
-819525609
-795713732
695430450
262047480
198024944
76818318
-357840072
-832859052
-317550195
10667612
-111673
236135850
-36310200
-5006988
566772250
-116497320
296602086
-763911512
81964800
-31240224
1740860
770759840
893967352
781526620
144082944
14406630
-34769040
483287156
252892786
25082568
-94838975
544219116
-68877459
261548044
152179236
-331103704
742211250
549486
670560474
-172749817
-151661646
-103693970
260330574
-332709608
19251785
201110196
312529230
83994180
-804235754
271843944
-499872256
-91569348
-194869225
-21383924
-24816345
44129892
-111396077
-3373152
-53146989
747210042
416376854
239981469
630605227
-140442050
152959680
-268569664
-504847024
-30238670
-206149500
2863512
305595480
-140960720
608044320
-81650
-376072697
-92169876
165539880
170312766
410579136
-672127883
-279025200
-448860720
253638267
637835284
28455136
16190577
51903784
351435450
668042460
-475200150
181816895
359633901
-605481912
122646650
-109238280
-8398912
-117714690
-649356273
-6426252
521625629
327259170
386542208
-66403277
-881832576
87423378
46755284
99728695
-44855622
-389498560
791036400
279445225
234314730
190880573
-20407570
-216921832
920504250
-149775741
1018538
334361797
398635200
378304906
3317760
394712322
-275444533
-35521784
602857365
-19159056
115148595
-224624032
-229899805
239982540
704025290
69338640
-97282818
-321309620
-9784284
337741362
99803747
-443464
269228252
-535642570
76532000
-520712472
-258133370
-120121218
52367086
433663068
202128536
-69275793
-53730030
223647000
86851640
-212011488
-18209228
452445000
-778414926
-58099860
-42987735
449435144
193344800
30126684
308271825
195280703
-2175724
13289345
439724304
275602196
-480257186
7730348
282111280
-309740912
277453855
-102555140
689507692
-188168820
-240148320
-97620438
-603991763
303575886
-291200238
-141788160
-335215245
234594634
61646046
-211463637
38024016
39633920
13584832
252658224
427548912
792488814
-162374160
59613194
41979333
913066128
165016138
193395270
384641787
-255901756
108521226
424845120
-2765416
232004402
-682900864
115026277
684219648
212861749
-603679950
843569919
-163300200
-13467200
-363288660
-108249960
-77297963
122765672
241438182
-357345670
276830952
7180950
185134976
-149142442
371670036
925857475
-113877205
560424416
63777540
-34867525
-561332460
198476775
45155808
-2980185
686419965
44205622
-706154112
616285340
-111206646
181333740
-620733120
-429188902
-398287080
27682282
-154411758
465566782
-141510122
123934320
-629330760
912096
-54769020
372435776
-4103920
-625178778
-3012654
-244229271
-53967027
608308120
-39798845
-89965458
448039382
-37444979
-106218342
-31131936
-312417280
-79025796
-255870080
-949598240
-93929440
87286500
155525010
565823840
-200537835
-132066984
25909996
186645718
180912306
-21286419
-267780816
-182007200
407232021
-259087582
-676023608
-863147620
779496900
-835510368
-625713618
15312036
-412568920
367241326
-20662380
393077040
-906343012
22635921
430221792
146970575
11264594
112014602
59933230
-607089210
-65996766
-382207168
-537404
-322804438
-366051240
663683220
60435486
-21481590
419600277
362898831
-61308171
17147325
711059073
-302944746
80218537
471697595
494579904
428288832
314955702
162944176
23757240
-203345158
-90389376
373015380
-24217875
285128737
-716066802
487238955
114395350
345697229
-36642096
205244380
629597700
199812354
-89211801
-46545324
-527299047
-964708224
-11462947
174330856
22061430
34608320
-9807966
146006653
-110892012
418778928
205365294
-47757480
-64609925
-313883962
-306614234
-708403782
54248304
-300409616
-849459648
-600075
714671542
181857094
634813060
-30750056
614657450
-351291633
227257940
-677622544
15720302
8538810
381535224
-123339476
515702052
-473018000
-355745600
760673784
391019307
-42784416
-167252138
1664252
-163621388
-192280924
-81851000
5125820
185836231
206022362
238256228
303554670
67127458
825826560
-76652528
-235756080
392016625
406056906
2334500
-436660602
71694672
-696981234
-482597220
-581187384
848068683
518693706
-403988130
-687143422
-114169979
-33390855
45902534
-29949920
-202985890
-110706996
-96849708
120890919
96428477
-158680137
-340978235
-554953672
-13586020
-276676290
-185955105
454325566
-28818510
-346986321
-5531392
-183187569
3171454
626236600
-506515800
201330558
-32737344
486707904
286642968
65254800
-362940000
-100659240
239691564
900142375
-154702800
-181238634
82305597
-62119581
-128323404
-1042631952
-244925957
42720880
-657282249
406149744
476895783
292790784
-412467526
-726378899
413952528
166484360
-51429763
3575136
-88398816
87899376
334770351
-529260804
154122800
539773465
154568049
-14653440
213412050
-161989828
278642390
35571148
-12824147
-582552143
-3360560
267176401
-33043482
-369428043
-487375624
-207732333
36487104
-808853850
-144533970
371695344
542207050
-317457671
412465931
280701740
-229883194
17114616
-418371264
24735750
34821657
341057805
6405142
112923166
-103062775
-84768604
15709122
-453630005
114852699
-79914164
65804875
134987616
456046344
133666080
285986400
258736005
-409661086
755662206
969242274
-207658752
248414928
8053584
94897776
-301743306
497220656
394237428
-265025880
-14559176
689671880
506732640
-245623536
-256596650
360152450
867997816
-188325588
-122625212
-43145452
-405811800
74625723
-167166531
299229084
12726280
-32902168
-248819350
-114563502
199421356
-255416136
-365686813
-176955678
89794053
-345654477
158366955
33927950
444094510
-362084
-137692060
316315083
-148044456
-652426254
954697125
-72866672
-263573212
-120467000
-46353125
205709218
-182448716
-198610819
253706140
79626880
614329168
658347858
-347910328
-245700114
-158489930
530791714
-114146120
215902135
123974564
297707469
185587215
-947823605
376460890
-206837535
107389494
-668976525
-27952305
175540589
547605720
-547247454
-100952612
-27211200
-141597981
746501700
49368342
-225402082
-12016161
241047092
-17191590
-192173085
-18804695
133906509
381475332
-1067990
-10441387
-412559784
101376492
455228892
10671080
402905136
122840493
63223380
-65590688
-529985763
-571692032
201235902
733744375
-77892
-146422963
-6101634
79753824
423218880
-161981572
54847296
-113134560
120705000
231820080
330228913
-922942740
-766351096
-44588232
52904448
822805902
-180772611
334447605
-129679290
251443813
501644104
55307348
147381979
-541445508
-23787912
266397628
482341350
25009568
-8458618
-123035120
-323503128
445082440
675169956
23449758
-101450037
196923978
-379790131
667660392
427705278
100276150
-202529950
-317904543
537691407
409405300
-28862921
27751616
91034032
-196970922
-388901192
-684568660
-130965688
-329313796
273023400
