1000
-45447264
-303596196
7948500
-58601088
-757021218
-505268160
632535808
-363031170
-87123009
-176824592
164848360
-88656022
312121626
268233235
-1372560
272869722
-290970900
37631622
-359148526
-174347676
459957110
597660591
-12609312
-177683997
74306176
-310303800
-159796291
91761876
626259255
-372293505
12718692
-788005800
343040288
-45280000
140513500
492283750
-81720548
634215322
-30421548
-69210540
854840454
-138684897
-63863195
325407306
-322274780
-677890080
3567340
-52096608
170311136
-522824984
59789052
412860419
-492192364
707003028
-155611313
639520296
-57369008
555881172
746686080
786867067
92710752
401881244
-21571875
-162405492
-90835565
280492047
-127511553
-404981745
-166236567
-98376896
617200990
81869376
161797461
535923919
-163221905
-626149733
190885596
-235683812
232134048
695705
168734748
-701623292
186724356
-94727880
43339120
-717140733
-108455277
23117226
144831736
563616
6165747
-83145150
649981248
479801136
-29683207
157000534
80171644
-412806525
80415647
560586950
-33361768
-800917880
56825180
71597235
700201890
-20990880
-182273508
125013493
-10154837
-159286608
241462078
163699988
-331561790
7564620
-430710488
-441382370
-354885992
107316275
335688309
21058138
-89238576
63617880
-89631930
-61099692
-165336405
-133429842
-192164499
40202685
-546469328
-26150080
-756206848
-892009712
20388921
-466258044
198342144
2356263
-175387252
-721003250
-734952084
366200112
-316716664
-228021774
344686537
-260102590
45081540
-979380732
-141244650
549477891
-26355820
-487706715
-448767099
267471674
100579668
125244444
-818698410
93858912
-8075202
-664539029
-980201497
22600245
-140100336
-606946269
545644536
-70390805
-71088338
248924637
540138650
104442273
-129727440
-160900555
-101582727
-733988439
632810400
475088432
104805025
-163279760
491515082
-18318209
179728244
-231036912
76606437
-68199632
617177900
153965175
-106148559
23328936
342696206
567197928
-598075500
-112893356
10858018
269499924
-118316982
5726700
50042376
569597670
25518328
-126418280
63485995
-298507420
-42158892
113956576
714124640
-870444036
-440198250
109420596
-1208715
61610679
-391461522
-150711429
-506179272
150860138
249427154
507326400
-274269564
77559885
80836525
-37386855
-301113474
-501464850
-1934328
67452021
341273781
137860800
38501470
451728933
-180114550
-619942740
13599040
124949285
346482528
-57587500
569064470
-807300
24114146
-21258680
-83850318
387793384
-705471302
16985430
-746505315
-32392217
627122664
4839984
-401102118
200131431
-35392320
265030922
-961367776
-593909460
-517294339
-213604990
309256668
544382410
-139460859
153521610
67487715
15447384
-12413390
-30561960
343730695
407020960
-294972126
610019958
153556128
-102807257
206606487
17295188
590752305
470482531
156336651
-21444115
-294788110
-776390090
-40945503
-46471920
138475125
-28718712
452427802
40925423
617006610
-347609920
73465824
170991087
-342757995
-117818922
400454722
604542695
-472430331
118603611
-7524957
48948536
100688000
-67479240
-773815119
-993272778
-154685501
-462111540
427471502
677857687
-38140821
-244133571
-41787297
-651817453
280801080
-431246619
-668762001
-297499760
265233120
-51637704
30998310
5782312
530427040
245114937
693879786
-529445839
3853762
25224441
-745712380
-844416240
7302616
-168531594
138236384
37741134
-338410931
688763396
351010288
11893875
745867062
302697081
417099397
223432648
-84261983
555855102
523255824
9461282
-151747228
-100214800
-183449328
305121096
762411017
-320772320
126246471
-53446905
9626127
-16302420
-16875258
19321962
684781302
-914934048
157439624
-77241681
119253267
-146003073
501187239
-343424295
185966240
-475193740
-47064028
126330270
151620931
364187049
-243684672
219995488
-243443025
41898196
238596680
-582244212
148426095
465534812
-145172160
168881346
47083302
13021558
248264476
-685622294
-219107065
-63852958
182701448
-22628928
158617848
-192807871
504648854
-17315473
351994356
-329821212
-588856380
-283593392
-297943104
-65974920
-168366835
145088370
151059264
249038180
-204908761
603513516
-567300051
238944750
-190378852
507190992
70602632
373041000
-73260750
284833036
161106282
-28396887
-697099264
156708770
-620190648
10590416
-55764068
24566308
457699267
56087680
288092486
-33254650
-169073336
662095446
-560236347
-406450106
-201569746
-894987852
70977021
39683061
-318078615
-41797032
300147100
17582411
-87627504
323602211
-210035715
-91075035
194196864
140016848
70775796
-769329
-80181472
683138540
-370242948
106538463
249379999
-743296656
615217872
-147513352
-203051875
714707274
-866916435
610059537
-117168000
159602202
321314880
-537169860
-59404500
-183515298
589516410
648801139
-95521838
75838158
-1781580
73336384
221037176
-298840896
-142916003
38898405
131783992
769183723
151384050
-202844286
869015792
248060475
25976818
-59261431
-585773920
285521664
92704947
236593080
-26489498
-373725788
-37307518
883677238
149769120
-156337921
-62382762
642059374
-164515312
859042524
5070000
660076656
517883019
80138860
59613514
260416076
-402043028
49405902
-12989088
-10672770
-109750916
28852269
-105373690
-292913358
-544215540
615177980
-253076427
-992986254
-235868199
368239080
631131330
-244800270
-237452685
-171995178
222426848
27751008
-544972384
217739536
-115358484
584205164
-22990728
72483808
167323520
408331200
-644600330
278878896
-141086400
637078815
173804240
323180475
96018272
105647652
-873121476
295863858
-40712620
-348209705
-651601080
-622144578
298188
755912150
-91230942
-281848290
310396746
243371044
187029375
-701104895
607792570
117757325
-138293729
-192933096
69969280
848908170
30968694
132024123
108883824
193499848
-521611608
-183626785
-640343529
763366527
587877534
-22850497
658136432
-440185374
-24822747
259048988
-458510390
-28161775
-260789238
20567246
202797000
34120800
-416336570
28994980
404965050
-20173140
287819190
202545603
-56903885
-910918519
89390475
-413437506
14994300
28656150
-565638799
91383538
13713024
246386259
78479558
-329308122
-564168232
-170349712
723978144
-328433062
-289379816
-401004184
-10707970
-194282426
78262056
-2674251
-56612346
-103523805
-603486660
-42848950
-34092
144565260
-18117750
-12223348
306639738
24904206
577356600
-403951435
43611043
-229432356
179070727
-73356224
-25050934
-298812036
-72553552
-24125196
-160568675
-96997164
-809681916
-15660288
19995326
803375664
409752594
184368096
466163872
17940344
262063458
-194887350
150559164
-37389945
-809589261
43907280
-486562100
-169344144
-88491626
75248160
-214720824
641168160
-186681225
-18580269
13510568
154679946
62187258
-354995024
-134443617
362622351
815789546
-115731104
-191773913
426321951
-855405364
-54619872
-68606930
131250
-979112816
-12549225
-541737096
436534152
-335679680
7848240
-164782800
223367774
-54011440
-935322740
-854512169
250215966
295463927
34303620
-11761971
16302300
12167376
-703675350
120120939
-143150460
347427800
-68047759
-19938200
353892214
-627102864
153740576
554220260
-625496040
-117691896
120435270
634905824
627383750
389678364
379169280
142528352
-422519634
-518583440
122571636
345832448
-92792115
-2321000
511033215
-795320214
-17475381
373102048
-21602376
14743420
255917408
-319758804
266831600
209667354
-381823200
-290192832
-2726037
-45089098
594746152
466060985
70444975
-231022919
-659047872
-127565480
-92199640
-812961645
104336522
434371875
51388560
564698420
724081860
-459227428
99324506
-60552052
42983936
-577621800
-689558784
-39702960
-314834784
279866645
-156612650
769550730
-280956390
-276000720
-57133076
382542368
-426746408
-687063618
302981725
163893702
978355588
-325300344
-115278695
-87304532
-89890196
-398951475
-610004850
313316655
-13655466
-75122250
-20973825
171429104
785559441
136682110
-36523520
-268058700
133674268
-866710944
93888648
-92752904
730074496
-143708532
-41198304
-397234719
528487232
132758122
-163468350
-493960896
-264904640
615289626
480129768
-81372459
-628760286
-161388789
-65995039
282983424
101785734
-29489166
634351302
193668336
-143476416
-27807760
112834236
-9383446
7088740
127054940
-8779615
210722796
151087200
216837550
-169902568
-470594769
-239803200
-209957696
59450688
-373853475
-4232639
10676480
-320431048
245992500
83530434
-433270957
19021200
36476205
-35539758
65293860
200921216
-157039812
801339687
-582508624
-130810988
207221088
1546728
-143061751
-192393180
-19554898
-631531506
-282873135
445208984
297941392
566880405
-266524368
527098048
340177446
-88777728
52685822
697052532
19912893
-145864488
261706602
-17185004
-284828460
331524032
-22199450
-182824648
359701562
385772592
834657840
168372008
-101874825
50702092
-27425664
-259929516
-51797781
-302861812
-371239800
-21134157
163322790
-391733397
-577977435
191092869
-7773106
170423682
24138800
56343372
-399601720
-448121688
439427515
20448858
83122204
2054778
-368146848
30336444
-2523192
-328746815
-483381791
12284370
70735657
-218452040
-233537598
12966750
266037291
154620678
-29909730
142024
10703560
-866608925
82857003
415296708
-23363964
-105179088
-355066800
-178770012
152314506
-403620112
-335409200
-317720752
-153799110
1169820
389917440
284343451
-64019030
453445580
-71185488
800588230
-73201790
2238869
-222508305
195832806
155876900
-758627382
-201685825
25913270
356348168
-92039178
715584558
-645819504
-811176380
119179562
236632480
-48212532
-513227924
-227700411
-74203572
-18708008
-231645988
-209674550
-352271700
-481877088
227599915
-31129412
126449320
912231254
-355404747
452907836
86630184
-158923529
-749895058
432946770
-21219879
-711462369
-300866
-768998412
-173673720
-591525550
238706400
-180162905
-114552592
155376305
122468333
52051920
-475588944
461167950
-687523341
117152926
-175711928
374207809
-204979502
-6189336
382428104
32280759
425984
-492609036
2660710
490207080
467357984
-284568382
-514103300
-560446020
212495072
-223611540
-327551787
139373820
447475428
140504765
501159919
400866452
-30581596
-422193592
143919344
-284074380
200167866
27301274
147601994
-46631508
-785706702
215482100
109982290
-14326308
-62588274
404996114
256462500
1400560
245124129
331098824
-536162438
402090655
236652000
5353572
4888736
629052204
84082544
-19366776
-413035150
-64707728
-47545338
43601294
-308821600
249031134
