1000
449212459
41794129
175829136
208203930
-657756896
-142878026
132902754
215451720
22368544
206709988
381327468
392029920
-424662180
-311958148
-120449700
-70016370
-726508548
-483249613
-70343510
-218077596
-53251793
-648273114
-792591393
-25666114
108372297
413218575
-404248835
432976992
-513459192
73807872
171352020
-353375590
-474421640
555336670
104439660
355097850
135901088
58472512
248335512
53201142
-379172805
195529855
-48160021
380157876
-168791491
8607681
-6405202
-26526800
-123155208
588852486
-236495348
-111595810
51485665
161550562
-572178
-493091520
-367536111
94299429
111277089
-479602218
363101650
63269758
-284080136
-37236400
-436729235
44379832
-862862444
-25936728
-450316096
670282104
-114731604
-190879395
1007699550
-230799024
-141910935
81178296
-816904896
-592490781
-63209536
-605297622
107077696
-101739199
397996059
-448773056
-256246440
445528479
-526400452
-505996988
-64367648
-72871344
-51328443
-156901500
153058427
-372748068
-98103852
71711460
429308386
-396610844
73318004
225421614
676484912
276880176
-457700698
-287910720
191713800
144161512
142229250
276733404
167009340
-455738580
-525723440
-478927016
111893166
23925273
124635168
-43181108
-4101386
574595265
25065536
-68321800
-17667650
425430222
39332178
-18207408
24888160
268559340
110494467
180243291
-183178296
270740304
-133635216
-595796178
368329984
206189000
30530500
26913900
-182236290
58344480
464047488
515863083
-221613170
-710141000
86009400
-822505047
-609763860
-94738184
-33116704
-309137050
-166021345
-216475660
-296095549
-110069041
442005135
-175507217
-392460000
-210629226
265856000
61527616
-609994000
-220808136
-91060684
157324761
135452485
-539411292
120810515
-760974732
346547992
-533457285
289072966
345403096
260082494
97088310
-30468984
680070876
485475700
31104492
284987912
-159493256
61849332
202320972
-171598365
615046500
858728952
805134
252973008
303347184
-559665095
15107196
-765473272
115071902
-176227898
137427318
15729088
910752714
359473500
30769949
-464205000
-193623696
-209870815
7422350
-176157322
-147697080
400604568
63770400
-34999225
-629728305
-803188386
59266588
143343788
2679502
-4254525
487915221
616150692
58664640
-160952688
48737052
-106062138
16570494
141566755
542336619
30624602
124970898
-398553255
-21408750
-294279585
-655815576
-69702788
-31980872
249473369
270200106
-212764812
376779296
-19238656
11578918
59176332
531965980
-27297688
-26590278
495926428
-530425000
-2969472
-661652279
53942511
-334260885
-494211522
503751174
102249168
-931047980
189741537
-134934650
263216538
612509373
-530299904
-691777810
-600348976
32017128
-454111987
59922834
41289168
-296797932
-236741448
-737080425
423962922
651056280
-1144595
127152450
-217774120
384926381
-640644925
-184533060
-79129310
-16640235
24720000
-396013310
483416274
-92901240
552116820
75499992
-153992245
-114613254
138208196
637304744
476374570
237561400
254847360
685433097
-14358607
-943987317
263810040
-584348310
-342539292
-114465923
89568869
-106063276
-105168100
-257937732
-338164
61873994
-496562385
-7333645
172682996
219751714
-79523422
501585644
184985136
292086900
-387795256
13609916
53485642
-35293414
-123610900
606450070
77981981
337458537
-518486928
-669237228
18764441
192786085
188149742
656258680
-380860480
-215710152
68874804
392530238
300113145
326137945
-120491655
772001187
325781544
-200613875
54876625
-118977130
-4780395
-485590500
188451461
719121291
-89871133
125925600
203245020
-352814496
-55158796
279333198
-698293230
97769679
-135450854
267567700
-639150791
-39097712
44984880
67989564
508156116
-34091911
-40197690
56938176
279727656
81338112
123350520
29852514
-64783478
-137373600
-271627587
-460316976
-82477044
47490452
636903540
350296848
25708032
-316402520
-816600167
230157184
-350087638
-15478344
134082333
243496024
-43206952
-69230724
-354786770
-917473588
18461344
827856315
-70809648
-386332828
-703276139
462278063
2880348
567491950
-644847958
195349770
196595204
66169035
-612957816
-359923500
-406980846
-507061581
-102141045
6297696
62476770
338640126
52357620
-2668690
-277196092
613877916
748335083
104652674
454656600
253047382
-710277129
403081515
83254352
169151528
192909698
352623478
862511770
140985555
89397455
134191161
16022872
595010682
581558127
197018076
-26066040
28585326
433986091
-271852271
295619976
289088808
-536409500
-114260000
369918250
629170700
153287680
-414471510
173999714
-35503062
205255248
-56097625
-35081417
-464615557
198500784
-375591404
-204719914
15982560
227651076
-538536232
-563767890
-19989908
-226140372
-20302784
17309865
-307011705
-860810544
51553848
883777980
-299020
207886980
-264856662
104537901
-294675500
228223596
175693518
394466106
-67278618
16324801
-604046741
-119352030
108448604
-135135682
61079168
66450832
214005296
374494676
-621613300
-105724422
-25526991
161644582
617889104
63572340
-84853210
-211629854
-681537996
-686122635
-54655493
60636786
777277020
-573324013
-322543286
-265248252
4299570
257452929
-688847616
-1049470962
288372824
2777140
17216280
-474732824
16803450
-286382025
-199620680
-183246716
-83521224
-342662880
260517136
-196045941
-454488320
-282538155
88395694
874180452
116549280
501481240
42773756
182025171
308362672
390107620
-164195128
522150246
173383946
86632440
342061704
997141035
738984315
-893441467
-253747750
-17088358
-13215474
-878424625
43990463
-854461678
-35307776
237181270
118123994
-930914082
361453048
-701379263
250656588
642329865
-423107104
-115413049
5176256
-47136505
-46544385
425266968
78766170
143798733
234077466
545940286
-410774155
-624070848
713786056
422211468
693580248
-1002834216
-145715130
-101849604
309500212
-627804645
200166042
-390694320
174463275
3163342
-151491940
322330064
-251841228
-738797760
-153335336
-5388760
363117120
-60749346
-179467470
-397352112
377080125
-709356816
82654554
195684709
435674066
276712502
-827761830
-461363026
-347044484
-664562894
75594836
646804707
-308433629
394148700
-303671932
-163751990
44002334
3479112
-107944121
162299774
611169240
-68221680
-690868500
214442208
216020912
-295242490
297404324
-372907300
-259402572
27437622
-88992046
-296389992
-313657434
-242052296
-382743793
-377185257
-14076202
402574665
-39478158
-32857650
661941112
-694172109
692145036
-95474800
91663345
-71739090
28851588
181327401
590118408
349429500
488481400
68767945
-213668300
4994841
-454348593
-38981088
84275793
86681265
4672206
179658116
471923230
747328680
-3974337
-252465018
74211464
-386818068
13602160
298278350
124247681
-123067035
57528435
-14078004
-615293874
-564559234
257344614
883178400
75552750
-494511997
-664171725
493234300
-200519346
-543872279
-37065738
717409566
88275313
124927166
29986985
-379029356
-311743535
-340024203
-571024880
-651271550
125422638
99108285
23357184
-553608227
86982336
-299136656
-496129095
-40974912
10057320
-30157218
255953192
7582694
-275018590
-9574818
-16863964
-276823103
-663752232
-58294062
155653700
715666255
213454053
-369288918
77957374
-27433123
119606760
-4633818
-495992334
-146391145
267466364
290251030
303976260
238182750
74345880
8138419
180436065
295811325
-289847808
43750396
51463696
-616559724
-83517175
377118812
10316240
130777862
-141241597
361479404
-399134596
606415620
445249140
-155977145
408068962
-489277371
158146880
-600446610
-82977408
-179666082
498267282
-14804648
37092060
22962816
-529105192
-498467440
398962542
16920680
203255316
997231782
-79329185
-44139414
20322324
113428480
158607096
-170437050
373537535
-894299280
103637743
21432774
-166011350
-417115209
40031375
30464865
-247304997
-34989638
973221760
-27674643
39774613
458798662
182853888
560570868
-177887981
-164317475
9599212
128612484
40990155
-578977500
-216160768
587897642
-59402838
118022699
-389451279
-16845408
-127841360
455084570
-62481213
-231403302
9392840
1362559
95491080
-69455232
-115698376
328291059
40580628
161015463
91131579
-139963692
41473080
71264988
-427657020
253616720
415293912
376501365
648633096
-373012044
-546903744
38165670
354979545
427221435
-99560140
7104804
-572914206
1653565
467672
37054800
467912828
141486864
532402172
450476564
-282719808
-423613512
159256450
-332790128
290630100
-183328299
-403733850
-520766093
-242829093
270068736
11160048
-458296230
201246637
-747747329
-279578840
-166040000
-98246925
179667368
-129083086
-20782944
918350820
52310324
740846115
-23548935
-34659834
-472131828
165529650
-206283312
443259297
558552680
267440277
377731688
-134608227
444355632
350173490
-52428492
743738244
417623730
-1037315400
-185244768
644399464
-128348628
459547110
-110737869
428199876
-18737216
-116251508
-225352974
-355492680
504950895
33634989
-53549294
171942825
-180597582
38572192
-53102544
-444901030
117035316
-881197830
779991750
14349605
-125017088
-235540695
50456520
-31141851
24987690
13630424
288446304
258133312
-266296326
316762072
212882016
667591848
656787659
862079050
-185793412
-523538828
-525555394
16749894
26458887
280173522
-359291988
-143150286
-372895659
398436948
388628896
463323744
-100725360
94256679
-36322000
-503070000
119360658
43046786
-620385668
-158326311
-1065691669
72475594
108276691
22617303
608749440
-48147993
-138491328
-154193640
146804060
-301966980
-380966430
-217035936
375324105
22686488
-354308180
320080390
95606390
-251134140
744743160
254387133
454511490
-990802400
-61391496
44438758
330496592
-416208876
183634568
144956245
247911840
197010304
31701870
899588949
-2418062
4434892
161282521
-4009728
-194577150
76013936
-645525554
694914785
-592320978
-680436715
14613489
181176918
105674270
389009592
-47697036
-173892880
-24632088
50941090
-474139323
337918516
22528373
-876031182
3096800
756941886
214672488
-756897680
-94112538
-5297789
43374918
-528854208
-547988742
13477828
-317554496
-889083936
60583632
-487415310
176060594
52985262
-249778191
-36381870
-758796310
144894315
-274207672
-596382108
-446539936
61086872
63968328
-530048650
-145763592
733091695
104040302
-62965344
-817128309
-811132240
-570134136
491569444
253876420
-238226300
-27763822
134824798
-342578400
-36786176
-77149098
35473868
-214889024
12279891
126572376
11009185
22353994
-20433960
-41403608
122686377
-40144533
-100205250
-283932426
-128032344
