1000
-105698520
319762545
427251000
-92979967
-840366134
401638392
-122477325
116714958
518992818
-50840713
-730457309
-203718504
-372999771
717287766
182709010
251548932
-95663736
692633620
-181850508
110547549
408778881
103319348
-400617632
1250450
110436911
-15924948
45677682
-223559476
-20839884
70086879
753892045
306136380
665069265
137052130
-230490920
162368549
6102756
6642102
-34568144
11092755
33494400
-258056549
-172472052
72336935
-98279190
409456853
278706600
-123382238
117885181
-96867700
51052347
82739076
-50471250
30064710
-931648200
-187250448
-899343853
138854860
182305368
629706700
-59175648
404000772
89862264
730190615
509526823
-531137750
-690118513
92054480
396307680
-328078362
315751192
423535698
-185296389
502693025
469107524
273085200
-364101541
151675851
544111592
-169024992
105938114
-355975700
-460207156
-289690133
-313734136
8399067
274284120
207666069
67895916
4131374
-1519560
59226944
-224173568
153493116
400697664
193542950
106285312
-171387125
-411688188
-545307840
-610137728
6203232
-667395241
72440732
807032620
-151954029
385709260
210513196
380652848
212393831
963090
215763150
-403508960
257318880
555049930
-520270354
-294371842
155462220
-291647105
-40485605
629963775
-439887682
-68087328
-49457100
640323495
-789167500
322358522
-107724240
4642681
-163683936
469997866
-77823328
131057402
-30472818
126430176
-89301504
-7535752
20088689
370254612
160311130
-266406284
-501988536
-196341744
-116477120
-216054468
-382141696
513130023
56345024
-358647648
-451401357
-264670911
-51946986
39140595
523277232
521863083
272178050
-515411270
624848007
-449741040
-8159541
68682380
-559652463
-184115480
59782729
-588638820
-171627195
217301392
-13248300
-384245662
-244648714
-621238612
70879300
18577531
266926305
38648016
416458903
-28733615
-31226916
24410529
-580112064
292354839
245554113
-304517108
-596557584
559390650
382033256
523706136
-254067009
-823994000
-13258245
212264052
-768004261
5843050
228740106
-427396956
-247304750
-607432332
-27669105
-437827416
297181040
-55597653
-82068959
-518152000
910969743
228248696
68237504
559457600
262803884
250199552
386012245
32834560
-349747643
-439976108
-318649680
643800054
-163016854
-333876888
632014612
256128432
171508614
231630678
-210632175
-415546782
-345413850
-209813735
269045370
9046378
213060793
-511063015
304878579
-189695358
33253055
-144302816
290149734
541338120
40203704
145668804
144474784
-579235162
-566370000
477572382
-630411639
641802870
457499225
306394080
-56456928
-64762933
-798230220
308176502
-233799414
1034981
-304454250
630773160
102328368
101752000
-121254840
-74359524
401736824
31707544
469697872
921851044
-253177353
-117642316
-276032664
133559900
-320349276
206549153
299953714
213258438
-130204893
-598151448
-206205674
35768248
169315650
81819036
-137872526
-155707668
459572085
86750456
-263285580
-32544720
126554610
57517902
-221729781
-405225924
-66058839
-107625196
52054780
211921597
-40239121
101977744
-33106010
691788195
-360570344
-221705938
-419174080
147141670
28228352
79991866
458255604
242046054
327205410
538138376
-356521986
-874950078
773791450
1483800
547098641
-24793020
-879032796
-516463255
-155878112
568246284
418092972
-121103632
361888644
-22126104
146124108
-153267840
-23559696
-224041630
-75335122
22217650
389696094
-52847775
-578346806
-449233438
109423050
23031289
-142007508
123681088
-179476902
-448545820
-181225134
603806000
-28405664
-55264806
-661462479
173646600
-1037503920
-329609412
420083846
-119604688
382658505
-873941726
-371795247
-341267370
-563145686
82647631
-154407870
64691120
637025916
126152857
2236500
26576264
72310008
-12220442
605746125
693970975
-202180698
-83511912
720465564
58966365
-205152486
41743296
-23754984
90273021
375095655
-181052170
196451640
245814480
121195740
6983205
313838520
38501125
21274110
313075087
369965540
-384815640
-94003392
507228480
248940858
369110252
395460912
343527291
-105717140
-79368888
-505929096
162847233
-654661350
-97111658
80738108
-424572786
-622940060
-216525393
-567799407
939176
21263732
134705586
-184674192
59418425
221844480
195428420
-559762686
-157878567
685368090
129288064
-42975100
-29148300
607298766
692791848
607504998
-1408528
60518787
3590995
-174813750
28136290
78059700
-198386860
476222800
40569399
238395231
-40828074
574704180
-656185320
-450059468
-71180606
22381620
-19184144
417349432
360805104
322720758
45249150
141968925
65392340
-597478820
288797470
-86405250
567925684
177522476
723540741
71890299
-28837845
533406950
-27605513
-334099238
-301089322
-329736420
1000741318
2376636
-212730864
-170721222
163220562
171217624
398237112
22622040
904359878
-47475120
-635844322
202666607
-565513500
38445990
93681099
537368229
138813136
-46007906
408485351
67328252
-67101248
2958186
148882281
-752623998
-405777352
-1035980
192223608
-269020599
-220959120
-684460590
-309471808
539314494
-189374040
4968117
-577933821
258878620
-8722805
249442032
808353022
726605256
18972546
-33567911
-33716488
-54568612
11713536
-29338808
-47864843
201389706
255510081
-323882390
695911670
-711245796
-627599500
-268201836
132604344
108178497
205849294
360676050
-443441256
-162674903
54034488
278032152
747415845
40720176
3376626
-390774110
-376115328
123029258
928358812
-357838992
-201472128
135553248
200533684
151680800
-383860173
149340905
-610454572
-3486380
-496260325
-653413572
-28123700
-69871208
100090890
-397007226
-151907508
-137151300
-1386333
-279571252
248590325
7688625
199590064
128859895
-112689780
-259825767
-22230325
-442695080
690323913
249302664
346967382
-97354852
-286808588
77231102
-261440868
-413999320
-406303410
331351455
626629872
605695688
468726138
12283656
735477536
209300960
40379650
-79038939
-139321799
110206899
-9898980
619662615
293493197
-780350653
591688800
393954132
127926464
209352566
255966075
457047250
189523096
-676573492
-126892816
104508228
630729342
-406827910
428820302
453308052
-185743584
37391726
-242729397
-309540546
10544456
-703125962
-632870612
-71281420
-78604225
-663714975
-256629780
769626
5872086
268924260
992146484
25244400
-601122616
55706280
-565085248
-396126780
49646376
44103474
-22485678
-546770780
-74301920
487161456
-532526340
696142608
-55679352
699743442
528175200
2360204
-199730868
-417239418
-37790325
129392000
293043927
90079080
40954907
591125146
-76455912
-226221248
-213027800
16252929
502217386
-367284976
-13480875
331410890
178483910
97141128
-318914872
-496942074
-154376200
6429145
-27762000
22593296
95049642
-244170486
-161641952
-361526340
789756088
301732200
383559702
-187160680
-528440274
-216987078
-107931024
159410946
424647005
-138989840
659128000
222923883
414579204
666814240
148086383
16445375
-404908240
-36874611
84793692
-571167630
-869654145
28616612
-234401370
-370510064
-3900750
464064921
-161545662
191804588
52974624
667054290
290655618
-389440984
-122848269
11371500
-791288772
-304733496
-378786287
27154270
469095789
-400900248
331168812
1476062
-37832740
48070176
2298468
119207537
-295617905
-700459756
-465851553
-1004677450
115022816
414482268
574820039
187815888
-103424928
730175952
-36623612
369012792
105911194
-237764352
311310133
-435456112
-418183242
-105164244
18678528
271485536
-10005732
-184366692
26714077
77672480
-545515676
181416032
-95336622
-474189415
-819482472
-297216848
414988878
82766144
-253582894
-47708970
-773492517
-410947225
-361278590
122090899
135407976
84931040
-30197772
-469054178
-3759525
131811579
1027385593
326967494
603202614
212813862
658504731
134747550
404026624
-641963168
194235324
-209816250
-152072688
-7232720
147851184
-160927828
-240843680
530875683
114282441
819628470
649535489
-136622988
-205885557
-500046337
-103727650
-2440350
591159248
-422377512
299496428
24523002
-87223290
-29210940
-8913811
143342232
-34917300
-5265000
1526868
-74586360
-169460040
-449279376
-922463465
-267502560
726930
-120222432
17360034
-115271550
52159026
66543360
456594028
-359369856
-16101046
42513496
101507500
485762310
-276591832
-190403952
-364536888
15842331
69279320
-159658680
247090102
483465059
460154832
277404299
619955055
689299344
-192809310
-87586191
218069992
5622120
137971445
-612315660
212405782
-61572008
-88426153
303522168
-11442180
464346045
-136331085
135203217
-116244821
220074645
-66559266
82720347
-288275325
258692500
-15095880
574019272
932488912
26441250
-810998060
-81843658
312559872
-413415690
170033655
-307449961
556568659
123382744
428176938
-17835233
-22477389
-95295265
-363174678
-768524484
-533792880
-20375320
-83638401
-201007260
547868030
65406286
430858720
29559015
187079310
39653010
-388948500
71822560
-148649115
-62986742
187417872
138432129
575897092
-634669568
236664
-223749912
-33935586
619092750
-450607466
130165464
-374149740
-271735620
151705113
14039448
-253094976
-655927126
196333497
110965203
127234800
-173352930
409146276
438942504
-544970320
152260944
689975091
-400019676
-703573626
-390541092
-120344096
-812745492
2383560
-15678424
-838327294
155739428
50996952
-406026996
555526868
439675632
-127903240
-457885449
336773180
322707940
-129257490
-403896726
-742907061
-458725540
103240015
112628185
71448272
-786735552
132758912
-86036062
531696615
318139945
-627743280
99583206
-639675876
303028110
-81586713
39213667
-72820278
-462441663
-246740175
-40988584
-22031868
-68831898
147173949
-3875448
-122423466
-3015195
146345264
-317318265
358956360
-167396620
-517126829
19764500
-612808178
-247323848
-57940
10681216
41085534
346844880
-624389614
84475435
-118616540
-6520860
-33769624
-28563165
296646282
-237221586
98668273
138509829
222091296
161372194
251399616
-93466074
530098704
483782044
107927424
-228127284
-705737630
-272348160
-590931088
290529720
-11167413
217379335
543583647
865513718
68993786
-137758400
-252597075
527072199
-68129764
282727770
40980192
90024373
-686931339
-143887878
-223435225
454353480
75388974
362911965
-10118592
-210766548
-158543231
-377456508
-148902894
-15063260
-37699648
96043666
-341830856
-105461460
75710800
-30325638
92735550
525270865
18878400
105208096
35869329
-17163264
-83249862
-191302316
70611200
186581775
-20800962
-303419270
-766632416
757901352
339238107
-41357890
-204917052
-38373100
