1000
67876732
13598014
-794681510
-252913997
-177317888
687109920
-330519110
-88810644
165239296
157769976
-137330705
-125017776
-501448760
-301589248
-281215935
-523042962
125093184
199691296
22633888
-744515760
-114396732
95034940
-213388824
47501532
402426560
-94957800
152260500
408987288
65310856
-152484138
-87258600
-423772095
651999348
-93087512
-203516112
320260080
-42828198
-160751048
5388944
551924560
-582903864
93080086
-292829097
-61145412
551101320
-110206422
-843636651
-307578128
-67482020
310118522
13637239
510889150
-148278734
200570942
528335515
234760474
664946100
9502816
-173279935
38294920
114613446
532956672
161203933
186768640
93218001
-10296441
127784750
51758096
-274758984
-87614416
-193908640
765724776
-211483080
32453136
-46131376
207822426
746257858
321064245
383009725
42604345
53807976
377587544
84072646
32824652
-229182340
-1511866
-83507248
-101248209
-661698514
-91980900
-20062436
504131476
-130676832
655397184
733986340
-639892956
156615309
528446070
495005218
-783968535
571354522
-986480790
51446912
651299376
-623100
-79781366
-118197030
271194879
336726924
-382417776
-712151990
261385641
23637788
-12003136
196219020
48276270
144950334
-315313780
255713172
67305120
155402520
-117416762
145482249
-139915295
17948283
-97591546
252246835
300232002
487259136
-182249996
-89891616
-251954973
149854712
-554525850
-638070615
63956334
-543646264
12857856
-31260871
350890088
1430163
-325597072
688568328
-77979171
-6248438
711281556
813591306
-765310280
-75399086
-420669018
-405063801
-241605000
-116728427
433122426
4917115
-9837349
-75037360
50726520
75378108
-746603592
537963904
501615744
-240215352
197143539
-880978553
-722931937
100653084
-278156637
-150199110
41879663
334988249
66195664
547360118
-18733200
-74031360
-185464952
51833520
52430937
422156007
341545170
183470260
-232501178
-411521256
-514594208
-12136174
-242661293
543830509
-108339946
235142765
-219640050
29333275
176732069
389700560
719060671
-226800196
398612396
-491968750
106315880
280072506
475451784
-302796806
325142799
496420892
-34623680
-200908190
-20187309
32696078
102444144
191561002
7912645
11374728
3622066
-319627576
636628592
75115248
645115008
-570006107
-699405408
-2327380
74577229
148937505
-479613482
504392875
-76602530
139890771
-435739755
95128757
29465865
610270304
-455592825
-7536288
485912440
12193653
215536238
-4234620
-259521035
139177584
227745546
8357040
141012888
-762108021
-267591900
140294
-96862900
-233463516
402281286
302066982
-628031268
519959760
-16399584
-26401962
618386184
-538035190
-732096
-345753618
44782135
510221676
199640259
902893095
-379379735
118557648
379644072
-10316995
564145595
-154540836
-640742856
807754900
-129742165
-16041424
845617282
-451047877
-264806211
268062906
-193537272
620296407
403697225
-220950275
-572133375
80306800
214705400
181545006
562735008
263109240
-132196059
-457257048
-193727556
222822891
-136525115
-359868612
151341399
-786376230
-184092020
-122701056
93989007
-31973060
538611414
5451537
-103370946
63676080
348672363
-117841522
-633921542
-687026240
-72254468
25894108
-135631944
531724303
128007273
572590320
192600870
19580175
226806036
-660070050
732626048
746815472
-37486800
185564220
-87356694
-180546827
-8797977
516523203
22309871
-17285912
-55770000
-255260304
-536033610
279928089
-673839441
25943400
181669280
396969144
-91207304
-85756604
443820151
289836240
-14873550
-511939320
-561742922
149663638
-42083786
-494539875
436046884
-487069120
-205893597
143659098
52240584
99379895
191156625
-104467550
65199439
581235100
880072226
30265560
-141423414
-427250317
-564081920
116071920
-127568178
87473055
-52991652
99309380
-544458116
129539520
-672343956
-329467005
60211310
12487500
-11607080
-281020026
206643466
-457321184
37202775
11859534
-297132528
-38019714
669131386
97033896
598139328
176417685
486199650
428970300
815654934
270054444
182438010
-4152792
374359725
-228472720
-246670596
131883440
-34096790
-374033050
20357568
13032100
-1254432
374755744
176649312
99679762
718979977
397229295
128996670
-143954585
266952928
217954319
-435492064
-140040628
-20106095
24598411
-572144840
26746356
-135518972
176140482
-564301216
113447432
367924612
-829258936
-899571504
-58358877
75531545
-17040132
-24810123
-524427215
82132542
476870014
142028886
-90063337
179308965
65603544
-781468305
-259124280
-90273300
-184756680
-432048845
255721902
261161231
-65499555
9694998
-89379234
-313294392
-231490740
445714332
77108294
-522040182
-1407370
335630038
458695740
-44573490
-356045581
-116330027
-675284076
-794198860
83990670
-472853568
-46550238
-365305836
-106667727
-11742601
-65017557
604199720
554713740
619666224
437805634
-275774468
928954530
-704786366
-48508242
-437468148
264213840
-315874600
-581085672
-329659395
13181962
-369962472
278086017
-22457620
-20872288
-104377185
217525512
597280154
-138876342
33434788
559119412
230838678
-95315913
-505362000
-8421690
-277588704
70790947
-50404770
-66089336
375167280
-455310170
-649953900
-147006927
293241324
-375762190
-119792472
500008280
-168824754
26306104
-299370496
-80522212
295366428
30831404
286504155
250938230
98464320
-84217770
5833937
-542793380
463214474
-483721
101465794
-81172826
419571945
791365120
-8404660
907219692
252938609
323018436
402082452
196713978
166803750
-404981201
190163623
-171334170
-637117704
361361376
-159295084
-387707072
-15907375
-146279190
32281437
260795480
-73108332
-181422700
855507810
114974502
-330277662
-331119682
-518815848
190272140
52191648
-821558715
-794735319
454084640
700829988
-143338344
580856940
192015068
774529200
-13008336
123944904
62741924
-71886987
847308492
-435253430
-234519258
129960600
-17473176
850834188
98475132
-196022274
-473832748
-789159020
-264896767
-96893524
-882328530
122322464
278496238
-609729726
-250148548
342194979
-18724254
-509761546
399591616
-1132320
-464075936
-102530972
-4217549
549176565
61656550
121483328
-167579748
-105626076
57585430
170366040
37310240
384267975
486223416
294077862
-736725510
-6325683
70770161
199346120
-378563127
-749758480
133584150
-47257484
-793457420
476165990
-163129828
366829344
202112442
-637118917
-358293360
424730521
49797396
-366124990
96727344
398249684
293293385
203290587
-229759519
59362
-249021162
248822336
-137189920
77124044
432112716
-158461686
78591072
137646625
-557510179
33895683
-244499336
786330355
-73055052
277784725
185268768
313095800
-2849574
-90217722
581549020
-478495290
473614974
302445981
-158690784
-721274598
-341794054
-947895156
-266991504
192752703
566668476
-909530580
-133933140
-29218645
-410984760
-9950936
-945408836
64491173
-7864011
68110536
653400
-411172502
-22791720
97264609
-128993280
73304325
-243719920
342661744
386808345
-7576660
-11426638
-46578417
51908888
527382660
496490682
115080702
-408237864
-10354190
194339759
-269926680
171114201
-494943186
-86162050
-222146870
-61267168
770334111
458453450
31395122
250182458
-262882368
-34233920
130438350
-8892646
204865633
-101046372
-616666050
106081502
-927117304
223930399
-52046424
412852808
310822540
812262
5160212
-106614348
-429430324
189280456
-138087716
660802835
-127028880
222740400
-189788340
53766531
184157841
514037778
171990552
-412763589
377545005
1958298
-591645688
-402350480
273930750
566938440
-184829346
-77748992
-38348427
-1697115
-282863664
-795832844
579769340
50960000
-138856680
77239948
402331866
363108837
74238264
414569952
-63351828
18199472
233860837
-184992186
101672676
-311328108
-246686804
545490988
213961638
2179636
-171279400
118814215
2748960
-230076756
147080800
-384536307
-766010
253220460
278539236
-70374408
-626691369
664683144
587098232
37132234
244966491
22706372
19759376
-217800900
266106022
-614086384
-26826822
-262435584
-169357350
-316431567
277068048
600398834
-576983360
-235607448
-205438576
-94729473
280856860
-61020000
-232531882
-799480396
101637376
233750400
-548712162
-357366879
-181548315
575314416
74859330
-198579402
-22175335
-28437466
-42396874
-753322431
-5468400
5891461
246484084
15555090
-372544848
181479727
-295113744
-119758692
-606807962
-38917817
-404455398
-176313013
-32640069
-280248179
-67975491
-158675165
403274986
-364351680
912046056
540744413
-571700530
-198797280
556253800
358923980
3456180
327638098
-148536752
887559750
92795155
252056971
362885223
58109954
11594307
203737450
920645516
184071602
635676576
-104107374
-192731478
-283275085
-3509157
360601176
-158392122
-192626577
-66541540
-284647401
183109536
-628787070
584418180
840328915
-398305908
298163880
-128482507
520578960
162506311
166551552
58747089
249796872
-529518966
-221088009
746573625
-256011350
405926290
72507245
-74795448
-549368040
1159936
799484910
263486301
-25220650
-602224040
-102777520
113768284
-12867028
-53056916
-227479736
-611348808
-6172530
305831064
816565414
234355785
-238488181
384710040
277535945
-716838255
416339469
-895807000
-82826900
665017611
-140694753
-96270993
194896509
-418362021
80217088
-750293000
264333069
195261612
-548203380
557089920
61612470
189167772
140753800
908221821
330478148
36079527
-74401299
289399320
172941576
50058561
-45600528
-12327840
219024036
130321360
47174298
-72897715
218438165
-3609330
-1014125133
-171829736
36279320
-120769628
64455776
64141888
-525011970
-473233040
-368967504
8074677
-191680740
887068908
135569672
555695963
493074420
965967904
345092160
-10722420
417616101
835586234
-164078442
400185562
398405248
13799560
1235675
-119801120
-329203141
-501940840
-210815950
398108800
-60726900
85027221
-228606307
970758924
48427960
-357875196
-332741779
82852528
-309587520
473036240
-141532416
-274263255
-234645696
735194238
-759663476
332402622
-104794785
-154363902
716636956
47725623
572996976
261145996
-376309746
119154260
-141704702
-539333460
-59072208
28638672
417746505
-305966360
-124644268
-123384252
41442720
-337388172
-63521280
118310010
-204914760
399657505
59134304
141797505
196833000
-202486361
-80168455
420042344
143623860
254020128
563449768
787070319
667317521
-315011144
42637890
-61036175
-12681792
120904806
-413514340
96926809
-320268294
28913424
-483029233
295440394
80311610
-48441797
-67281240
426269970
-446582004
288392754
12028000
-230311512
