1000
-336816162
115187219
-33754656
-6232117
303620924
-370189224
-298648350
59012973
245312760
-107500068
471873072
-48558012
485820720
190116138
-75689020
285132848
69641565
2069080
-625068056
268406200
114756576
422993904
165294801
-312961496
770632928
-431562303
63962396
335531734
48276573
-344046972
-9411336
262240098
597177171
4117671
-25941850
-682972416
-489005087
249793536
-11417575
-313166077
116635794
-192799200
-81147640
135113496
-145271893
156572066
995055480
154818027
199340647
12216204
-902082636
8341402
-9286235
17400768
-79128648
-372899212
-294048915
200139888
-309781264
-324799568
-14208770
-558316222
293471080
-261640548
393670420
522388812
-219439368
207982930
629025938
1294650
192922688
445542790
668258030
-258939450
-95326662
233778048
33391393
-7229357
81955884
-27735874
189401436
503980620
55629984
-174972799
-400088704
-68773152
-956787012
51704412
120843055
10887110
869215455
-215529252
-32518374
539254314
485129340
593128416
251798400
-141978720
418728024
520418304
283555110
-425671296
42542445
101445190
-180861741
158897520
86743207
-23774877
-209773356
717955212
-13990725
-44157435
-45160144
-493495072
72477675
-97927769
-928194300
802767471
-272040800
-150594920
-505404
11449908
186487388
73648080
-121683376
-3783036
-60123960
-196129362
102749736
276332004
176886950
371178
524114289
-379280984
59533118
40598383
362952980
411036928
-34081803
-99446292
876353874
-83929776
-33671815
209045520
251505000
536371902
17608702
629529120
-543255316
90027360
-607716361
105408432
-23234480
-64887025
-4771420
422941520
27972312
-362596
31178904
432637408
-330911112
139238460
-224812224
8994348
237608400
-477675000
182671798
3675303
435979769
931464
-456423674
854029618
600338585
-315905916
-91646748
266635278
343572801
585768990
623289629
-17941566
-16502540
38726214
-9907695
540800610
267078981
980219500
-377550929
-111929202
132213228
352281690
-270834905
240084636
70877352
7495680
-54107326
-558895080
-8305302
-160669174
1066385
-85550681
-16843728
-364961196
-333937094
443826240
-695874330
-230755779
-444165920
313752131
-88091410
-506724960
343591383
276932448
774033337
-428095845
-43868520
-68494736
-44744448
36470590
-697571556
-587325903
550331922
23516271
10908756
-58632984
396400425
-224662460
-51446947
-234610785
213295368
564770416
-106248756
-346549500
-220231936
519983255
468469875
-708725824
579755095
101043528
-173810385
436496325
-312169148
224463096
393631569
-219054286
-209439146
1683052
111318117
325045620
-38645614
-341762494
-270286734
947220160
-129562006
8384706
-259040940
-321460425
-111541199
110184862
224259087
-121187416
-259807410
-589602296
2914120
38432258
-361256324
108883265
-45837393
558332600
181662000
-97170465
65637180
-887213184
-197828000
278693886
796704353
246534804
-305922570
-334258680
-529802427
-751017344
-450635536
341096600
-293831235
-158991737
-32538748
26353324
-305488216
99956668
-192763396
137040880
-284677848
-714207340
-244846266
-745897446
27213876
32483360
218302433
532116564
-396228174
157966875
-605974169
-80464320
-10898292
803498415
53800200
467664404
-919541280
-323099664
671520348
-117026436
73034760
931757616
-882220248
47313057
347184838
390675008
-381569475
-81865334
339279204
444507346
-33289272
-53239956
-662178016
-266055860
-16116238
-211575728
-620979348
-46745972
14353125
-62795808
-51285290
-107037729
603389008
-418798334
-733194746
485108312
-105514248
-42427940
815564120
7310952
81157745
568579554
-281775934
-229480391
-44543737
527191588
377840034
51188874
-175257668
61480922
253358028
-820894872
32315455
360044920
-229292000
182048251
-483831432
283794660
-314854452
-799453088
179283516
-153437856
555172926
88640441
297055693
-19664302
14521150
599202648
-682972975
66429374
293427936
-144851319
-218175336
-56946560
99966003
15242760
-91575488
-239982092
141584727
-58300462
181386183
410164980
-503519580
-158281662
-361222680
314706700
8871680
74080255
-70052560
-32374188
148122530
594899085
-67626762
-225256804
433693704
-291447510
105402033
206238350
243708153
17406785
114515023
457271530
-40846428
153404052
-353692334
725031744
59489640
12014435
-74662792
334520292
199450342
83607475
-153268060
29166160
-312287448
59179832
9060576
103794325
-314736837
301327348
362408025
76642302
97697966
288783808
-15353208
44537129
-711819602
150787200
136183532
270063600
-551233800
-97846896
73236912
-347728671
-325914616
77015070
31975980
101410302
-988798899
232339929
-351790720
230419392
77831292
154101778
343738904
398625270
-832136018
266240155
-398835468
-125003398
-30600850
537579525
-539374120
46195359
44746071
-26822390
-387604602
-53412258
-149063772
-114166738
13608324
-271164420
-15650110
539680308
453130048
16596930
-123363490
-468978126
405530325
160453750
-467001561
50277582
-310621734
-5155006
-137806240
-709090902
311416072
-379212510
46182312
422289942
214831470
21048390
209159483
-9415120
-92842420
-20610440
217000935
342122964
129143385
-531631310
-26790000
-531758766
-290771624
229521201
633141288
-350496572
-240835967
5069658
-136190614
-101257765
-3602304
23710288
-90842092
-507380556
-327059290
120606227
-457293850
96897463
536209635
-405697922
-195289570
56888648
-74894736
61839297
153232222
-378136080
721679348
-172881328
2069025
-494790
57836676
-163518792
643686388
39248256
437886712
582321726
184712339
-303168672
-909794781
15335362
-604246056
579914192
-484701939
-207185940
377197660
-37466289
-498333410
-20516211
-364900375
-414121392
762969662
-177077542
110852544
589885842
331406208
-217736043
-695127767
35717440
-193585686
-395087784
3186680
262435245
-10459584
122176960
164761395
-341851848
56741757
-26944897
-204139040
472748640
-314062798
-383284116
204581024
403619426
-61165150
-471710694
439127544
74244576
727169551
-93477060
-26394242
14754884
206032965
-208100844
-35702150
10407636
-163625920
880746880
496044120
111619263
-177650487
420644880
-36111381
-12217150
143239425
-287080899
-259368522
103071566
-247083232
-152387855
-280304622
179557560
410107905
103369352
37966812
-94180084
151700484
-117757752
-473403324
133394779
-45927336
8923718
-377767941
7061172
-287591356
102618180
-534067101
23843478
286776252
-304215443
339636200
-320284272
473757354
17581627
-10192975
363238878
435117987
-586042520
-565182456
167662530
-72783840
-346975721
16229179
-132339714
109149474
78915625
501197796
-181718910
-20509790
-16565802
66540848
-36105111
-304681644
65685277
20115590
-54330120
48560863
-388926112
57498966
57416128
-117351308
72554896
-68582970
278298368
-63503336
-597443584
80031230
-150908344
67869695
12814404
-90907799
-686098647
306804738
-215585258
9413716
11452068
-8304450
-71631120
19847100
-382910457
152840493
52584163
-270905007
-79504784
24797250
-184407336
279142510
-52889760
53196946
-610526005
325240062
269978424
-185714460
201444504
-930937500
-196015916
766700250
244617756
-7134750
591647958
-59148615
-568572550
-223909728
-131399160
857390520
417535031
-352467904
-483520485
186673000
881581852
6234960
-444892480
-1017485391
-85338396
63940695
-906482970
39390197
786540319
-573263475
402155286
797635674
-98801560
176617376
-349124673
-506460927
429169950
208593
-448257756
141782080
-275683280
-115705704
38854112
-37737960
-250419250
-27280550
13287672
-68688784
-217393849
997090171
-10350288
496380338
-13591864
-458171490
603720
-319229400
-527364180
-6387399
-221759018
368506481
-172078170
38998719
166838710
481306462
-94483368
167990592
-297579114
188560554
-230056580
-140462971
176871417
-234419220
-53701872
170599800
-300772894
614788850
-380315957
15850064
80450499
-795042891
-125002845
7898572
473868903
313939668
-14750220
-724717700
116341836
-91260995
-127587672
-632208
208216708
-248466890
46918260
459336192
245082630
640099380
1117385
-233651743
209524256
302771668
833114367
-77626504
-151692407
71273826
74099763
548319362
-294567201
-393409721
67686640
-205702705
108031872
4148879
-24492156
-265621224
-287499567
-102642330
162793816
179746992
504448672
183054654
-252104355
-825923880
-1319766
-229366829
-195717158
421496040
24526529
-601334648
-746637528
-59445750
96223492
-34002868
-546375801
-367950560
441298998
107975944
158290468
621007575
67144330
-474864432
-255279616
96406200
61286604
207569716
486423306
-618198816
270254560
-190680227
-298677834
-348494504
210375318
351505520
826879022
-666320664
575507394
-149794112
-40818372
-160053729
-345428289
125792286
-303494760
683208189
-10656870
824443200
-447781264
756327764
-208329570
-16181110
-47842188
142118470
706024384
3450816
-27077259
-233964854
360459528
237191058
-706572129
-306973160
-353803275
107401789
-436486304
-157417200
-61123866
-174511818
-181070331
-96678190
-22509410
355440204
367713420
395249140
-477442850
-35871410
-180831184
-185198440
-35072818
357476340
-65373759
-466846680
-4178967
535601716
-382546980
284316268
-139195872
-155608310
96874050
-303168366
-519148850
-97159325
517117853
-8960896
-190914906
-396832689
631544267
-852708780
-268240749
-53477376
-377471632
-358376690
-74533393
1016059776
318994392
122702741
-339852585
-11983664
497964228
54867640
38108572
525170175
-263132640
-331790571
73534864
229211000
-765357186
-10923510
-147886050
-76553641
-276663354
320561344
-732851552
37425630
2368260
-304199828
-499918731
-253691466
-5606145
104201601
-26028158
282986352
28271190
573766830
-14501180
464024410
-260009940
2061125
-153176927
-128838937
-31291742
224528300
397493360
824967424
-346456
-366130240
-847244484
584856074
712669408
-3740397
187961256
104145822
-37429320
147060690
985191848
-164139280
122840668
-2655136
-21857264
30864021
835589304
-68904792
-456550962
668623020
169869656
22613195
-138175612
-187057052
550972217
-276252120
-356899375
-70973560
-153331120
-22448
-389196048
235495782
401620625
45507039
24371928
92850498
94491600
50181048
-316361628
-265056935
-465795512
-532685988
619042686
115280893
-5315427
27528228
317127800
-42453216
65015154
-320515167
608206234
-194744280
-182569400
-40196662
131730684
-208220502
-118371748
-118084665
-191629578
536942967
-36237670
-280832650
678462428
111338612
-66295980
619150
20619780
8192349
362104644
-285143625
412338138
