1000
479690252
-196031360
-527099976
-153276314
-113560440
761600502
203652212
177531200
-685622350
-516554010
231905940
238219840
153802656
-88679808
304347560
-765828056
-620094652
121155005
-38489670
319717431
-139673898
-469668038
113258250
526262616
-643512060
810004664
128297312
249569979
646958592
59633280
160022250
248883066
119129373
261708356
-204186888
-497656968
-17359920
-432118995
523190660
8030400
549724176
79717344
-61427392
527425047
-93786252
365133500
-15398460
-302123176
360770124
136189336
-520235780
-78675975
33161696
-127268596
-590616
-149422345
-290986500
477071014
163759750
-712425483
737949141
-9453222
-73274300
-178042332
738660000
-50499280
-532025010
670006380
172893843
305366622
-38926810
-192984714
-16593082
-797930375
9285420
89452084
167057272
-74637297
-599186118
-159707028
-47217735
-78824475
95355507
-722806320
581549150
-77307390
-278608071
163135560
-507373944
23973445
451283
8000640
-846442332
635265154
-86953020
-55842816
430958556
410442648
-150253928
21106904
-537101899
-618004953
-128359988
-137582900
308339722
120361390
-307031040
-129727904
672258048
-143712426
345546711
-245385000
-533298406
65003276
-461064475
-37618924
314209436
69882835
159040332
335245689
74581780
127853308
285110485
368930078
-1707302
5401308
430790400
74619784
929048454
-417289040
644637375
225908179
54437312
-176396908
248488071
-178041728
-670079925
-547982130
756630330
-400013244
21189168
-845708864
66464253
419471437
25042203
-44835670
-102194048
44370200
-256603440
-95928496
191472832
-572771208
4032616
673309650
213355058
-15798474
84001320
-79402632
29485500
423206892
-570326246
388515218
-270575520
-225504630
-521139710
-218843482
-37467669
-50782362
112989114
-54353100
-94651164
-6142763
-135895914
-24289445
-360354008
-31816180
50829506
-146050078
-303832006
899612
-257680170
548635696
-534343040
-575144073
-232130880
-527408520
-288787880
39546568
392251680
-183589875
302686272
-225978344
-64388338
-121865965
57309700
-289217136
-13168178
-538949127
-721367856
-201930845
319364096
-195752460
-680918749
-364460040
-471200967
2252768
-370461848
251994691
35776476
707848575
-199700025
233011942
161712760
236022538
-429151530
490484649
238005376
-42713688
-458807580
20345640
-520555590
278759052
606719470
-308709360
31947357
-158959944
-345927660
-474759106
173633152
175627368
-44100954
-314695200
-203985600
4639356
-8528499
733605516
381675350
-311515042
-40202546
-200809151
-155043312
-23287624
-57265740
661100706
205490176
7797684
739530000
931990587
249398890
-420703870
343730446
-91336344
78679836
77259035
718036897
36600291
-282458840
-241075866
-56699864
-236746906
831491844
184621304
-149186288
-63196380
393125280
-124358740
309970836
317920383
541397130
-748984320
104941323
116551400
-161173086
-910263744
-286290614
40775868
-259414320
-22275741
-61062225
-122593600
641260079
55744168
-679837176
79900800
108805466
492419624
20906975
181868016
-436973616
-100559856
31602811
-62675262
-148846680
267449700
-18647640
749889969
37154658
352828595
225373043
178524735
-37547025
630090108
68643246
-546187215
-509988240
-381308868
-10890765
447162936
-61116224
298360160
-443464824
-68885661
275278220
-13166061
550569192
-203485614
33589416
-75294245
-176302784
-708882405
240755220
501062562
608139090
-231798798
531706735
89950825
-24278616
-253549440
5320528
-281474914
-267163644
452315052
-675980870
450895460
-454603743
-877767840
510737920
56049145
249648997
424712992
316535600
-534130728
92167758
-448998997
237151278
-11117970
-369392604
-316152778
667689706
84689354
179275648
-224621901
-65464750
520460875
-333418574
-62510552
3449538
-17443539
492265620
278648496
310162920
105752088
10701082
-494863792
183424768
-756907468
83881494
111782187
168100365
52560420
235061140
796893020
92459610
-49249856
3993572
-266891508
483349010
-225224388
-386617777
69911100
281945664
-280533024
-724335040
-193835362
287818880
-4189960
845609716
-52764139
-170843046
202491588
-126902976
426427290
330166454
534804528
-83815797
-58157860
98351586
-277736480
-207980220
58489206
-483927087
168497446
-303212550
38034916
-465791520
199997616
388130666
152362212
388568152
725635996
-190301505
-254550743
-62619850
-69018544
98785368
-277221418
107892000
-226929490
393979941
763748176
-73360646
570153108
307582700
-129323388
30504888
-675968733
74167551
89072190
-453383152
-887317266
14995329
-289746713
268836540
102497840
-253907345
-342770949
-176673246
-105430410
335709844
-872078197
159787530
256066947
-43207280
-34010664
136672940
-279725942
-135573347
-102967800
303574039
192910080
62098875
293395956
488892696
9781352
-185725212
-57639540
7559534
-449857286
518609145
912301140
34206804
-521525750
126908776
-92772777
-36457165
39496236
-754247767
-673375950
151205772
196841586
302630360
38193155
433324146
12468843
-176727591
-94755525
-570075597
215588526
-70256688
-137088406
1245545
-42642138
-250853288
160581460
100517571
699314084
72496070
421608700
19564740
805103628
-99473649
-72771257
306592200
15604320
-9526138
212009379
538047120
-101470289
-65931840
-87232509
40221360
611612250
-51071500
-831094832
14758381
472416902
-76403574
133436460
-451620456
-351953950
-335118316
-18086691
-290641248
504295600
92703318
-77340735
-131498470
-38160056
474615613
607108652
-224752011
-1058249320
29726448
424181498
637071036
36836016
-53600120
392036752
-120844484
17193780
-221514912
195844256
195169600
73436585
-271142622
-35627852
273570648
-430215552
-191813314
5931024
-212061386
42140437
-523456227
-665442700
793321875
188114478
92323560
-60323430
-415083237
-66673046
472258380
-293715066
369043338
297495040
-194440413
12436332
708459290
-595712450
-206531881
-142243136
-361568248
-538159350
236238209
148110395
-178371588
269703794
1743192
-15214905
-248872596
-533420800
-182843825
87323990
-147861252
42184395
-214386328
-892020684
127815600
169120800
369995472
308733695
440579227
24920388
308498982
110933438
421285670
219869472
932356880
-214537916
247729968
4054410
572077515
-5702032
611868411
130647712
-108352860
-67527488
-116458496
157476144
-27726400
-52876540
47169621
4081742
-6299192
18019100
518240
-97139203
-21962105
10653686
-330795772
495471834
-631277280
32107886
486630225
-413298690
505485120
-450958576
-294581738
-57422144
440167376
138000120
-491939868
149242660
662847528
-477982730
-121934914
539127660
24351936
-703165153
181083243
-313942200
386427428
126035913
114744660
58018730
300814800
-261884415
-292752588
-81248712
-362985516
65469194
-124592930
247199262
-456467536
-917216982
-163385826
-365000355
76284745
-273829800
-518904711
652327194
-35243680
-705189832
266443375
-396945080
692584485
-506461826
-1021567763
-291559546
-107392752
410295190
166665360
-241872504
341821620
203619064
-9867608
10290072
-607233528
-173358992
418043709
-38914137
40439346
-81494624
-641915313
267822369
3486924
289056348
-10322550
-168255602
507565520
-228724938
-259519
224777340
-142695958
1029858625
106459430
-41511312
-14846879
101358519
-780805844
22285720
-9161814
-139294368
56132496
-381066000
-183659608
-266597649
-308695936
45111820
-78939223
123479928
615450680
121849040
-27264965
-107211435
608451420
20137995
-110576125
-510223209
573737336
48633480
-352179840
-400177500
89656346
367167504
-223593480
-535452872
-53521690
-522946044
451388664
-130960136
-714196960
-80119000
359958298
200464994
8597424
107771352
-631063236
-103264992
-270523320
95131114
299707129
269951275
1019566912
-193601564
46937583
53184208
32719360
-127984644
-134389320
-354415490
-120347045
806499270
86807238
-86226739
-4530167
-16780022
226781280
569650686
-479401824
-202081702
-202676804
451794790
-48574246
189922661
396652566
-34705489
253606023
-219739464
-178018758
13802215
236306304
112025683
118180890
100996405
73265360
-163007613
-148660302
335762720
454703964
179782038
-751980788
142491844
-163955288
-265219160
-14815362
-223964400
-246481818
574944621
-13945219
-63584205
332538660
103366864
-9553959
-48835388
-378406318
89996410
-257284728
156739417
-57886400
-26629685
-141666140
143760075
-4037232
-34907730
341347155
293037605
179328006
37273412
-1305100
-441851046
-304289865
-622742175
-55749015
-37420931
-209916486
563034896
303650865
-388065744
196469056
537477320
-308410384
-788607408
404463696
-37316105
108903998
-807986016
-128373363
87608710
945942888
-320681140
10915577
-179815750
-291168920
-451013037
3970434
451575956
-20692020
330220762
-53605123
17530842
55733548
-2006445
-261535701
-16213548
-910081018
291197720
-64933639
-353191176
169273020
259956315
185496412
-49424418
-96211500
740628252
-506024127
-119787920
384112183
394988788
-283035504
32074560
1556112
467676691
-647515260
141532407
713771162
9437584
-897284395
92669376
136801235
-59705494
31988315
20787032
719363850
-141343468
-122527647
638033220
-417507678
460581075
-23074098
-622642749
-297182826
125861521
83646431
437543640
966645030
-336142404
-253338543
-446545066
247171850
-495310484
531555540
366130932
-307380570
-11953269
-114200683
-70442388
-295892616
-265161216
134049438
94935160
-189338312
-196707216
355780392
25688836
572054595
-144118516
866029935
81706441
-147850341
-169472520
719198753
-67477086
-644342112
338983788
-728589952
-44588160
-469622485
-87727140
86094624
76335508
25576408
388987008
-392648823
-311589500
-30286464
629145765
-166234705
110584992
57295050
-600576640
-216424671
710231858
395327170
-11277981
-512262657
-472750768
585933985
82465604
163526979
-63651520
-384343245
730422910
-592571448
538200300
-4030467
10562543
-32772948
5250276
-64132304
46417485
181362929
-261053980
80480064
86752680
-140180425
-25667102
41607792
-334259902
-583532164
34399924
-463514688
-52710045
777567114
6570432
-56410200
2951256
-210481335
557939898
-35339094
-22473612
-362822270
-3964641
-268211328
-706908984
-135703608
-337312794
-188760480
-113331271
-330725400
195114384
589682884
516581843
149526552
174969912
-317156968
-255747667
120163389
-452924136
-2292045
-128185700
-97489890
20893600
918599998
-248868888
-35151390
-227429466
891455054
-255253258
334377213
225908397
-793628917
145000186
115337282
-390700420
493725180
-200155972
31210584
88792304
563834200
-124958890
