1000
437794200
12119584
436578352
-387423078
-381168267
323298748
9981510
-261826732
-568375400
245385270
130467309
-459255160
-173633127
-275922900
21264540
-445161908
-401783566
2449828
-881177150
479774486
316941486
-282546120
-10860795
8365632
-107540970
731594952
-179548204
-141518440
-502431792
610273708
-185905234
-143733193
93143970
-367501040
-546809312
379114308
-657049200
440431209
166914390
1048429470
411597435
-622429836
21847600
-293823360
69695520
304819715
281124891
136183164
151475415
14859198
275984165
-31123960
-109589755
-120621968
610818900
-55435750
-358522448
-133819572
-435081075
-349102208
71515276
-698299443
8918496
-5737596
17372276
291912900
-18913788
832780377
449366654
-11048430
30964032
-64104501
52562755
410622565
-648203297
613967105
-500296943
-775722528
-357577648
17605780
625101015
-348341384
-61617990
290203145
-168689880
-49414635
388135800
-308483929
204141510
100516900
-22095684
-9669291
-317366989
58659055
243245310
299585242
55459705
539658840
-138212633
-111672379
327634931
459384390
-430482411
349137350
158417272
208372164
375223950
-271002440
-106638390
118672358
-266876472
450884016
233589510
135595590
-161124548
29887662
-227631672
-354824466
-784921368
28856554
273290212
853823806
-562022912
-62721945
-245731344
234165150
-179105166
1178080
-219372018
499949277
-140453824
551942832
-175259454
618248114
-49099722
-127319570
-82499280
282770384
-139365760
454206323
56557720
259211988
361055810
820339880
76684530
350793300
69805704
-58933153
-569147505
377522035
-548754724
67628700
275363985
-409129848
305503464
-346726818
315678688
222020740
508960552
-581848956
-198442926
-393372135
-197915760
-14731136
240832926
17412936
447614072
22841412
251697060
-109112256
44609000
90207908
21825342
-480411204
311992840
96173191
456181468
110977007
544966380
3018284
-217303086
-118331892
-102632670
-225888810
-41664620
283899232
-119875992
-321556096
-623528739
-4461120
-95349056
-480037920
-90166188
-12061568
-497611128
57625018
270158682
355080972
-38631880
-20392310
-439165536
-220566108
125840464
-879010704
-555056734
126759256
-39849348
618771636
178575131
-376864476
198506704
-217850080
431367236
-223356875
-302083441
-451458560
369788526
565960810
525965384
-277862480
-880495588
55232240
-351028648
61730493
67978768
-149713150
-164538792
-544918860
187173504
-48749820
46593372
230137929
91401330
-122935704
-405635279
752755230
-39037658
-68371647
423698125
121733235
19909943
167318060
263396364
344825110
-492225864
-33897857
11614491
-43064944
-212759712
361032000
-11574
36704573
36368864
-45633339
64308350
-777377120
15213205
445365627
-40946056
254270198
229192263
-176728956
283336890
-143047486
-1276914
-438424114
-241868705
-229547756
5592036
-82275221
477109776
-182284138
571895442
53196255
26828216
-222036798
62348712
-26628789
133201052
-21687567
400629999
-85811320
303171112
377778468
-212342427
-777420748
159413133
419527150
788453392
-39148824
-159334
-149368626
274484478
15311647
-673817080
-197865814
26531531
337420650
209654930
-566157924
565314543
-296247489
214417800
-4302778
-229659920
-49017598
-206778070
76786608
279076848
182613795
-91832252
411716448
-299571892
316389124
794417010
11996165
-653020640
174237734
218934392
37520190
3882462
-261969114
-589166340
440910450
-440482240
-31933514
-192290871
86777274
-231675436
55547280
-117644852
106253550
-21939808
-613164800
20673870
158306400
455205043
324315180
-231199040
-597571392
-40152066
304627695
96239362
-42472608
464916235
119545840
186965082
-165938004
364730577
358079304
823945756
243483982
-193611184
-845379912
-35013440
-203922725
734981380
-304078340
-334724640
283489500
214962870
32845824
-389308339
580478968
-380038560
127587187
137112258
237340521
78288798
-246913290
-59084547
-30534805
95019780
65650872
-134328296
128915760
-410378232
-262657620
-227801070
-341446116
433111383
516584160
-87132911
220303500
884097325
590490900
-193409559
-412524684
-61135032
8875911
-328701758
-601864140
-201491200
-139421913
657030440
-320952980
-72357701
194015136
-38160980
-575009280
-8271360
227618160
-178762752
510044535
508141662
399680568
405113128
-33717994
-442838016
215237960
377247468
47656488
-308775213
-64732928
-4665366
85579816
-14122026
-505780430
-662949952
64588160
-28965664
396513984
350435775
-188350110
569961364
277504444
332155980
-402477665
341018224
165838806
-466705296
-293844523
77866272
703670511
-31352850
-698383350
-254729562
-255693239
-21145860
209810124
-26448272
-201848220
914872496
-481347039
-119601664
-31339500
224139861
183564062
-581976750
-51449440
-68639510
-368874858
-304606440
590920143
324957752
31235440
-9776421
855529218
-122990791
-331658072
-613446948
50723790
220055278
44029670
-22936427
129820135
477923832
-30055088
730367454
624650862
-253720050
-254348478
332517710
647872060
-372754481
-215209521
49629292
703361940
-854952948
134872400
-353138996
52237179
246197923
-266925736
-37690532
132356942
-421948296
126204130
426424600
-77776335
745871772
7410304
46166655
-368359221
-21551400
681661688
410134044
-695483820
127764744
213192147
130843615
44922388
-414099
-74891208
114485580
29019240
-3490550
550118313
191924636
-131658072
101704009
-472731494
156151710
-15534640
-558171405
306676524
47481075
-196948394
109925375
-90956629
-666723776
860395200
219337206
136630465
-36682533
199319900
-421938360
-840609902
-39116268
186292109
-271239415
211090220
35198140
144533884
-129258220
-374637705
827000064
738180565
333132814
-77488950
-972488160
115003414
-798856243
-165277732
277244787
-133093233
-365295728
97537687
-836253606
112504720
-386530820
537264820
-407999454
-278981724
-89147408
16782780
-50427355
-84326700
482326530
536046091
-120824448
-163022770
253749275
214442722
280285546
328507758
-655321290
-590494464
-145431880
134155840
-41450040
599353964
-168702570
86608290
-72167472
-153924734
-346136784
-669841488
60341890
366537864
26719720
541914240
698433026
-415388066
-87165650
-401794920
-247158081
473641167
-136583590
858776508
56636307
-34683389
463389487
770286750
-212327460
-17450784
25097765
-697961539
-1036442308
157694460
-317296624
530522502
180814165
-22963465
229188645
6398564
-300245508
-31761873
335715960
257626780
372779089
-493200986
481667460
14534742
806859810
-98668395
-215629596
2561121
253589824
50671945
515120256
179854324
-244759612
-392443988
193391382
-211398348
471995750
-226066848
-386576494
106944860
56853179
746360930
113876550
-445390608
-28121946
167781354
28736260
-76478682
-457394256
51464826
297048672
-46913427
191072133
-70825062
28755888
-270095930
-39589572
-619506342
373950760
-62846056
-578799172
14751080
527422650
-369925015
-104891202
-522317550
56864164
-20399550
17050580
-32352012
44585883
209280559
-259731456
-454385700
-498701460
-247311744
-222651936
-140385362
-338016462
505560004
-142605857
434012908
-38988972
-12250209
350241600
-351124602
48685572
420680592
-781810434
448767
-242957096
-303699084
151939948
4547070
-721418880
15415400
-98012236
424033295
-78342320
-14269543
-570917500
-134151420
-380923205
205520796
312574496
-25740252
-263779800
-468822940
-86886072
84517272
927628344
14870528
-77666466
-67761120
212926168
80013024
706260620
-14227200
-839210932
-657459343
-26642201
-482373012
397000656
254581821
-100375860
6538000
-175130878
127622088
83781729
-103553577
-3594378
673368249
51070824
-37228994
-437677088
-435694232
-86930364
239947386
407368256
-65613568
-11709920
-144918455
598014900
420149345
-781612176
47269915
468664634
-153724776
-351220872
-602400018
-172417856
-46675664
574879400
391466095
334303395
-62181504
-647165697
-760902516
248353208
82729488
706442100
16662834
-114301464
-332783378
-29984130
-345849224
-186576312
29074674
333894547
-431719592
-329835987
-556716357
-138724196
-396850205
-845500985
367916142
351225096
-317588376
-567489215
-665122612
-59253204
-108141231
216843071
-286032120
54156564
21898616
-140633430
557496100
739919880
-93996270
372839544
-906442445
-519123613
191487852
431735060
301726536
79679021
-365384328
-177064173
604259373
557223868
441832904
-29677360
-263553330
400841548
261949652
518269224
-86478440
-56601480
-29913156
155643462
-628472861
-316734462
-270507636
57995520
2894925
-434051070
163238670
493281600
598881919
-64473022
-857597856
-855015942
418633440
188516748
633106584
231514845
-164553642
122650832
-158382154
37258732
198024537
-83411251
461736590
679245402
-510860966
46058746
-117556445
363147360
-311232334
60489995
-385590010
100492121
129278680
-259348965
-693291960
246644510
-840221640
-443332485
268464905
168901176
-193737930
-35899240
775195358
-27323443
154951468
-73071544
28715992
68226747
-740427810
-59792304
-704694543
-272582076
320403543
-579254634
18204615
-22699144
261415404
-54453528
-9356480
-582948144
-338012125
-533638500
-558557412
-553289564
-20871840
-338630468
72538015
84562824
-284810656
461584668
-436676436
-325673677
208085604
-909290966
293882621
60041257
810358360
320052276
-30242800
315223794
660618516
383395782
422296613
78979320
-470418195
-78994311
210672000
-798724920
-223885047
-335293084
94283516
457577712
-92671200
101189184
566591070
-761808
-7723380
113564216
35113613
34655696
-406452082
-198552550
-247170688
666722836
857684076
-207727000
-15877248
-346144687
81707304
473480172
-110499664
-96043206
-368755664
-208972115
465378930
-132622356
450567040
574999880
693126792
47385925
-615786875
-33557888
472481219
-587982642
-12377285
157772100
-122852475
-115637984
-342185117
317301600
31283973
-371457575
576561544
-147431322
309042720
305849401
55905744
-5304151
-509826575
-46872280
-681303271
-2984373
591262278
517903519
-3261335
147814008
677671326
-175692724
39646604
49812180
155394450
-32314630
584397852
256002213
257955651
-39264948
-296753943
117745728
-280830056
139391390
225060129
427108710
-194783348
591155739
-140839536
18112430
213552856
-17774046
-80342588
-164665754
14369080
-60948800
2582822
-143609200
-515148336
-262677276
-217555146
146975400
-473256432
710467859
515382470
-80077514
316963058
-150062220
-629757168
99252307
-118682208
-185537670
111143894
-313992784
-213050250
-384019020
298381938
647777343
-599042640
-27064245
238007322
369387543
265304220
