1000
479748834
-408403680
154291146
-21764808
54735852
-130863514
-343896981
-398052776
-153387000
310865016
-154793860
8046164
-255316204
346415615
-36151315
-43788573
536429762
27878889
425638684
450189414
-179036213
-74016533
-227832924
-586274032
8434244
-832425888
471615504
-40602062
160162692
600021270
181874800
-127164300
288324256
-816733952
-372572784
315942876
-441775770
-347049880
-468034344
-528882320
57481392
44337000
-239860192
-195008216
-98731080
122205486
-551973270
-135667202
-354962786
154543520
31578750
-359304858
129296096
123966204
597848703
-231628752
-18514675
-7016724
109105762
-81442361
-201449303
-123367600
62888956
730642770
-748499070
51371820
58837268
48379695
-306142935
-222114480
-350844608
-207990500
464315896
212883154
-333311132
474164390
155281417
376246500
-610450646
9152896
281427672
532008799
-430607109
-77646762
-469584744
-226686080
406737513
319550154
-307930032
86152620
109581036
-38670590
226767856
8623296
-254130184
666750542
909912675
-786689079
189517684
-344142975
-535858092
15010758
-598538538
-350560656
104180948
253706816
65741200
-286984350
-362639928
302245328
119375451
-4443071
14156520
323036010
56480358
204505695
-801047036
-298672704
-196724140
296911972
91521472
45862636
59053056
-49084433
-67831732
-116094168
-327081632
-140911250
206171948
-20311668
633781446
153926864
319524440
-485855580
361469295
26348679
840490
-109087140
-530654162
516266000
335231184
-86744975
-173900573
52111059
-258269805
-226632400
98688240
-451074798
339766656
383636790
290593486
-134254305
542515357
203525560
16673580
-112375104
604757780
-363847872
621362512
-129620500
-181028874
118012268
1954256
855879708
-162487430
283698573
37555280
-538538062
-140496640
594919440
78013104
-6119046
243178287
-695540144
-699503876
-448002900
43470090
-736522297
-264895105
254099098
376318326
722486932
170754806
-745249007
591993468
857765934
-149955564
-760500
143970138
-45225330
-53307104
16607022
-144436932
-59792800
491167536
-24039810
170883858
276681609
-44709391
165660290
741763904
383850670
-458991515
77499144
562684146
-3294099
-193876596
490495320
336809016
-859751696
-232237528
96819250
-18149940
306070929
48979912
710688958
-211483980
-802054938
457666848
34796340
-37361016
-15702630
-19809104
13887839
-219069606
105161200
-810732715
469522551
5189030
-749322000
64009308
-301567536
-67935450
661117184
-49911048
-36159858
298212200
319637804
414254817
-24498078
-131226832
706882624
-826404336
-5108616
-381348275
-12883260
206946666
87723000
-37012215
-163066227
-312003208
126558042
-48412837
513007785
107606184
-563791315
507625019
138494100
-364622140
-555990588
-17808756
628598100
-128775420
-111142755
37394952
905361809
554815215
86644906
-241942940
-86821880
117642645
-673572330
884566960
313562916
-171416412
365146902
10700235
-153233535
-340093590
-351086992
-287873905
-1045470429
301500514
213103995
105420177
609331646
163887920
-130780477
415295600
-251255900
663576000
59131520
125800530
-226776895
-131473584
112889290
-590969988
76414779
57052857
76963236
665114086
-155330252
-83582301
-602296826
45119844
31453312
-132511032
-346564500
460904496
67457922
-19775540
-131219796
194675756
367874280
695078064
23330868
-155608548
649462464
-566726725
437448068
-288048672
160683106
14115910
-32232
34345584
-431775146
323907808
-515020642
156195380
151144356
-52470
-236826500
-60007632
-571670920
-23426558
-201922140
-460946724
135501691
12115846
-71459134
-95977514
-35343488
371331636
-38134242
288395640
340927964
-94187286
-699644508
40829478
142172871
-183146046
-303174632
17854110
235263750
298565506
658282455
-351226932
-264479868
16568580
155174040
-341371068
-862082408
9891284
-12217059
-323347580
247981752
-36995320
122053740
413923680
-275660355
421546944
110088560
-101299850
246553500
-177413792
-95838452
388527608
276626745
-622561222
-90087840
141470664
-72053229
116390702
226132504
-147507237
493239320
-13806000
922737731
461227530
244079930
225610162
153962954
3280420
-100543995
621099171
244415944
-64131808
-173933136
-177255160
280342304
236677840
-21421379
133792660
-151408320
238645485
567141106
49014406
-394091581
-55941145
423751695
527556546
289354720
336668904
483613195
2710683
-123083888
346584700
-33422160
-2324796
-595836900
-291623248
-114907740
327943800
-53821794
-81063860
71375178
-132812448
300525450
-43638276
219156340
35958806
-958721380
-46156290
-15769080
72360960
429691392
489852034
-326812824
-321375264
-84916980
-136992380
-23113504
-737872389
207778868
-561722660
980228517
467936063
193534200
-169617378
-247492995
126089184
764911373
-161417919
228133668
-470131899
-600453312
64093596
461282500
-16349641
-454146035
172378972
51002006
-634065300
-560740024
-618050007
92862354
235706818
40722928
-84475296
-204472702
-700994115
-696148218
-192238452
-724137463
-403895700
-10474182
-13969614
555696336
-638130365
-577553151
-50678648
-96255744
249731729
196468794
-3004430
251087628
-532436040
44937239
518274560
92624153
179570631
-187930700
17322526
17029334
-955547648
187481476
-278835546
-1040590645
-532807176
-550157
143112332
-238204617
26531868
-104935404
389968665
-188983782
776143274
314913195
18708185
-387774534
314150718
96834753
-764141200
-104744004
-490176100
-324591524
-571602509
-35896912
109784530
-405050772
370614955
431784596
-124313432
-62433976
1935738
-372703960
153655810
16253664
3942246
-132932473
-346730298
-43186396
216170460
311251200
947203543
-299905164
335056701
293176750
527005338
-301041055
694425096
55434820
-177752993
-827577756
-11615120
441903870
789789
-56723175
276205160
143241320
-5403290
69582471
-447500673
-30502913
-58521645
38988712
-699014032
10305295
65481
317221828
-644586260
-672203610
725361474
59432952
-552140452
476265174
192260160
195913839
15435117
-27469224
-4923930
-24343200
-40733892
-13957791
-61901602
-19780138
60546312
336352280
450197685
825692442
-811376928
-639158784
99634150
10886800
-172545333
-84674730
214409480
208021110
-2048480
363065506
-14310000
261915832
-347131819
101035863
-381607332
341717374
380423928
-19298423
579021040
192296472
380180823
-313547082
184139900
2714192
-447498919
-13258539
8923716
104387024
-315498989
145208261
-28195050
419579960
346143690
-518470164
-162470295
-716551533
-144942588
-320331778
104081817
326799537
-783038496
80059068
-83699671
-1043911580
1162500
522675608
784298762
208015992
16944516
184481984
-728299782
-1044223830
-564090680
-80928427
-354455661
-432939258
-432980406
-14893265
169616256
639827500
12417767
-229936800
-679630680
421098897
176558859
-347503900
-918032328
158097645
-406825473
325395000
-9644384
256453572
-81702325
-50376456
523237092
408713182
20274500
266183680
-158972463
-169327984
-213118182
-680516111
-585791922
158992729
55658800
32893170
86445942
503414496
110221510
113985085
61360062
-100063299
284783751
-99009664
-267907242
9127860
1178550
-34145844
-27188144
-391878135
-157355064
-305005228
159119832
10889515
39333958
414114108
181061364
-715827424
180921704
-3872704
-932471320
-873367232
717146704
-306619754
127250100
46337400
-588819105
47046246
274096890
-114598128
-11116492
-435665600
618966377
-858101199
-171664164
-190591947
419154944
12748716
102742272
173538695
178529920
107599992
-352338256
-948521308
-133802280
719497010
-485094635
-548887584
-541238346
17363936
-1012946958
623383768
-55701500
-425519826
-46056960
-360229223
-88167398
343408284
-476623666
338522635
117591873
-448702566
82563563
-122754848
284677872
4643990
884879495
-2064778
-138607128
-73362780
345953244
233763632
47420904
234062232
289271927
-206800734
195818560
-277228360
29417472
-99377109
-72223300
17792615
-395224256
81053280
-48665456
-245957679
-60822265
340546997
166989760
-762176956
80054572
-100605970
542092276
52645376
345423406
-110691080
947786085
160527200
4108684
430494890
557065290
-328925112
-64016628
458121468
-287047152
14269508
224853160
129348401
348865314
-221074800
151948379
-272774320
-805447680
806903196
-238207999
348413184
-281824530
-301015104
-271757188
-593138552
-574721175
-106757748
-173432673
423990880
442258098
-39008211
-270607084
-147774423
-37303851
-25202101
-448737632
158470904
-148471484
-301787668
31414080
331023056
-128948856
140620428
-493541630
156483392
45456552
-169414300
5194999
109074288
581711389
73981712
12613226
-856240225
-27869997
-7216128
-309856580
75135408
-384994962
245187733
-302974375
231854473
-337182608
80882430
-507575458
95469366
87372448
13158288
80053200
396048312
357016662
291334272
431073240
-882595824
197934080
-48467034
338699985
53099280
310290346
65570560
304983990
-285300236
-83275176
-157891198
587392650
-32481614
-305695296
-93087455
381904866
705830262
-50492064
-767284
623189932
126992872
-172762233
474768898
321202149
-158984652
-118604031
-49677552
396727508
-804498825
-115098357
129779125
30697110
115948194
685677580
-212513770
286607895
502224290
520194012
48918240
-168197008
83803152
180206032
-44339844
-55388228
-280626888
-295649040
125724952
-53759322
-114351408
80658676
66044253
-618046919
-66458000
60631032
-220804455
-424475568
-162357888
228122908
-220347541
-1020831560
108530029
530388150
1399412
80911740
54712125
-581516064
119193900
-12718440
40783671
602884464
-259183704
129547500
654195801
-172449280
16383852
106605674
-602458255
-335329750
481207935
924683679
823793880
115887330
58689048
-16152850
-432975364
205365780
-59639200
41111730
-496351966
-683536238
-129229072
-105717258
283905916
-198813684
519965039
260359000
94792683
-278521684
20965824
9990552
-127528892
510705776
-136974240
-2659408
-208283989
-106642645
203107032
-80898084
223422030
756607740
198897476
-1119355
-236145692
-680480811
34210512
1618740
-366860510
301177968
28503428
-98108682
151014500
-45972772
-532777325
-91665000
-43038900
-4758912
-19227750
-30326600
100782333
290972544
-11804919
384123168
293925908
29105162
13934620
-349194747
272574965
-52536140
-349936264
95362056
942383650
-927398994
-617126480
-976362816
-345003200
-15197100
-37218780
-84024558
-500148895
-143569741
66839980
-261873876
-14008700
-394321863
-202182984
382750885
168373200
-13306860
-122531988
132717608
-195640583
-118682645
-92315652
