1000
-294406612
109586340
398604563
-26223442
20373908
-2872404
-312444016
-57539067
-344366548
-12639997
-630593898
201448596
23181795
-26515072
159450135
-201109920
174474513
458979924
-130255265
-242498292
-43053373
145331000
373946022
246152220
-123032790
-17897544
94681275
-985479602
752671860
-190137590
99997370
59175466
807367950
-188243220
-476568684
-36309756
337486636
80057546
-568374807
-524742124
391009738
120167145
-130575298
38776320
409241394
108919944
-829235715
-4334974
-59028046
-899375900
-473416104
314231225
-6022080
-853059375
-166428
131027064
-377921313
-722695055
18787223
-182493480
335526840
-580589689
759516381
9481847
90986142
64173096
-472808920
107193570
270846201
191269428
-7571164
-358312410
333822116
-64528750
-346840475
-152081149
-34238608
-191290260
-202263210
156161027
-311647350
-432633088
-67829898
-9279304
-145585818
-48974112
598780456
-206825676
-220458931
18927818
-390489970
217986447
-569973552
-3405173
-38066496
134175834
-86169720
108552546
2814889
127247694
17255424
413609168
-496775580
-6358570
105481344
-18520191
-225987490
-25639551
189736352
-238647090
-66301872
225126160
-734827572
-55403536
243902400
52902265
-35066232
-86585994
272118560
-41921460
-201625508
391276613
-461614329
119605550
-120696641
743622896
138414936
74928962
-308989590
8884424
-45835410
99864142
-281677815
5293860
-570088495
504671510
-759697935
33381960
33253050
378920378
352002024
67715352
-559508892
211266820
275033080
-90055290
278631808
320405778
527451537
686777973
350269076
751021445
175897041
30319672
-289517990
-163018530
-855324255
217086480
578387836
-731242692
-32749366
-214231248
2180608
929087352
145227041
-862962500
218114884
162646984
58632381
-13986037
11562515
92445958
-504570542
14216020
-273752992
51941520
-20434085
486682245
-101565888
-23935875
-84252136
-256425640
-386737862
-77523110
2413510
214736706
12367560
255601460
62569874
666083788
-766052802
-400906730
70242368
-32083332
-382915224
656488104
-168199636
-238673628
684092646
-20443392
-406116840
-87581106
-162537417
-182285322
-435013987
-101213112
85958764
23066662
-68575650
569733912
-179140364
453072158
-571754160
-221694332
-176894928
37347092
-7846596
-8635446
-237270852
703636236
493486353
535134600
462298109
161553200
-490671219
-367036986
-440771379
263367846
-115273620
207600760
-458874795
-53297866
70907951
329926100
48311206
1539384
171711414
-125472438
26576557
76887389
200424672
-24959424
-298986932
-157880004
500743787
-282031464
78996620
-708272365
639641730
-552509212
-188892660
-27179960
187046430
-264898120
171007047
331745067
-286899711
-56753560
4194505
96127636
-19751545
418881657
6653250
5446602
-1062870
-12807504
-90637854
-17907334
-285791114
-221126976
-202049115
311583366
347329125
-58150332
-244910232
-293734069
28978740
-585370266
499621138
74729060
241195575
-56239824
-151571460
735803200
254615172
174760768
48196512
-34719612
81179967
410619484
933374040
85397262
-64801984
-198040752
372282428
250160512
789658011
52196266
11024910
63857600
-390788538
8420646
514904160
256895585
77885632
-191543446
-803286675
12492250
-126315426
47021447
-455547990
-3264075
-131578125
130911121
116046723
-235499145
-10353680
6063557
51394122
-116140660
111314304
113734866
817443495
42428880
-217005141
586379520
-2544227
-494937456
-626303313
31488198
2157680
-351451539
-683074964
156223472
-36823446
189563123
-14903142
-66387568
250751360
-221225709
-47188352
-58332224
387586227
-12965390
3521112
-176792750
-399512316
14186400
525001256
637239722
-974830220
373420642
15413496
331367660
174065872
-38200366
75823180
22265892
-114101029
-78649716
153294256
-589426920
-775548522
442687388
-834284487
214959899
-454626214
-392313420
-109851140
-359954448
-260071630
329361120
220484696
-570422570
479262384
-281883528
8217840
-279313848
-561397018
-162397527
-105731279
-264214414
-387053524
312413136
-38936412
-509055480
160417095
-288407493
-387665460
-1739835
337722528
-170613325
-220177872
300160147
235799440
-1654275
-653322178
253179700
26622798
-497393118
-92532270
398262456
600267150
547330234
558883170
-314834800
210759744
-234068049
-97448751
454817980
351258030
273844722
-510158942
102488456
712722228
65215080
-42362052
498685956
-701471160
-798874400
-441206010
676526550
21684265
-154350680
50296950
59090708
-157586416
677053821
86746320
679720368
225478512
-116006520
425864362
447096552
-259228134
-349970037
-72814170
-433401852
549517134
606853942
109559146
-190009846
124736092
-20300928
-4377280
-407298240
-204026112
641922000
-2256284
81875424
-340566552
64553024
182558400
-379103620
-50431003
415233390
78985764
478260900
118550964
-87061949
-1469664
123924946
12958880
-2781030
210305930
124559188
93347600
-332896036
-10212690
13287780
357075304
22117746
-149436801
-476398384
-483524003
-62971341
-817596416
-503467650
694283289
217728280
331773003
-189126424
-1934896
196098540
187624752
638189616
-340882728
-436287150
245040966
-77805882
182307283
-73144119
-13538448
-453293920
111568560
338870202
124350156
-673502169
-99825696
719930232
-37773936
17688930
-531378432
-37317856
-651028000
-523231560
123863076
4933340
-449235564
-180070452
-110293625
90707754
16469429
722829240
-116272944
-199497114
-306919044
153670132
-415530038
510099440
-229608022
-415853014
-326401902
32848488
545142232
-119939000
-437257870
9490272
-245998764
-138399310
389042930
486426234
45213918
799285888
96598788
-105839812
-387718692
104775032
-649838493
-86840349
393187889
260918037
-50490643
729449196
762127680
263707880
-229499411
25104030
541655202
109148502
268799388
-60915640
-106822560
-113661279
-323817240
-13260912
166909512
-342774060
-30249210
-888588464
-220864819
477000348
-7110444
728843808
-1049532156
203905975
15197358
35472626
-662746842
-187332690
198461308
-122288967
-865103360
-695901809
216908720
535763472
-473454850
50957076
341485692
3286940
-152264169
100724526
-187051839
-219965052
303111856
-140926080
-511423863
-905846788
-482697252
-27524980
36907915
50746644
-283206132
-444373435
574471014
-82329434
9792280
-149965699
-206903634
-73813446
11653488
-35964072
58687356
87547171
-30655356
-68658800
465150208
223689750
-621068920
-644768460
187548225
-6760252
362523724
-148543200
219088330
-76608585
-51579393
847547256
48398392
175377348
-498454099
68419344
-728384760
-138435015
88557588
163849608
-8270119
-405658910
-334175508
3659600
-828071680
217664445
-305017314
-26150580
570964887
570737749
-244615140
-338442360
285156390
-49838292
465790815
721744437
210956000
9027180
-172277172
-304138002
128796129
-39892615
-123868598
396487708
157827706
536465475
48197135
-144087100
220964800
-441524506
656387968
419736378
157383000
-298464090
-146972880
722199284
37594516
235246452
574031926
321985340
58424379
171048393
-654511104
-774334940
275519601
-86415290
-407559345
8323296
388529232
-607409670
-299013255
1026565320
-539770520
771707398
-148293328
304613250
-83590224
678245134
-153725528
-25612608
-735319155
-200050893
-597113775
180654150
127286390
-401773482
-254017962
268083540
4925940
676550853
-345285850
177236450
68371908
-195819960
-29388837
282394828
-11367470
140472432
-95506728
514131070
222242240
66110583
218053022
-93790359
-5673580
199702132
-71205290
-374005585
-2887001
-371097260
-456494400
-533064169
-229259741
-86900197
251913072
66747681
87171658
-471621990
170656501
154802691
-4601556
4344468
92325816
90331632
-136996838
-836506176
91138400
4480815
-290216318
569532192
-309445899
-76119912
-280431732
-96707116
870575322
-425026992
-2141656
-211440416
-77561140
-442958752
131921504
-30605348
-47932062
315147645
230218362
-812409335
246869452
106088458
29557787
-204113088
20745180
-446056930
-477221468
-439059447
273060
-10136724
-17400801
-22035090
-70500527
-63504749
30784446
-179917104
216266924
-167961456
-714028698
230809890
-24502380
-1353398
-491979111
-159584158
-159089876
-245694568
-723597418
-175640084
-359748718
-6086080
12912130
-137597436
12645200
178434630
714357
-517271979
-507815087
-851734374
484128529
614698639
-434746560
175118240
17826930
-32724897
91058565
597205479
-16967552
-515445970
132455475
-381979016
196751863
-394830103
251424027
318436490
-20861424
222365898
138851790
-137300636
-673666302
-76760200
200717076
101335572
818192920
-42047544
499778538
596493909
-358913114
-393218082
-86639508
44407964
25763100
4893408
-225020572
616320000
53608485
-19903196
527398412
867255165
430255900
387438597
-426104142
206914288
-171633080
556377888
141673510
262342368
-5543874
282295103
-399426951
587273043
170235576
-2747625
325627990
51021554
-650365058
-105730464
-437111744
-90477680
-547413132
30885000
282061647
-203721
122893240
35803295
7157700
484079568
147549613
-38692560
272797602
-842434065
-141247050
355222278
114631224
-212922173
38040310
5435748
238818684
-115728560
20174872
-548616900
-85194501
18023822
69667290
-2189646
280040895
-385804071
-416814000
-5927556
766006094
-218209740
339894023
250461120
203135555
-367069620
-371233984
343485906
-418776946
-16961335
-63471720
-25120600
250389741
-177958075
-176081565
-290600634
762839388
-822706
-408152360
-47872384
178517682
99817686
-345426498
43167444
-12723480
151511892
-107750520
-8752020
-106037484
-303519512
442229364
267815100
-38345472
-61750635
20205900
483024997
-115035984
219424320
153523227
-137151546
659756984
281467024
-25215641
-2185365
-77612850
-371647950
-382817136
305501058
-313497600
-669818442
-20187450
656284036
76688237
-263268790
663682740
-862671206
-827096690
-506999334
638235325
-202228344
-88173678
-8695360
46225630
142015324
-388229408
-482259360
32879532
-386635627
-331312904
66068000
-373890208
-82662223
-211751302
121027846
21166596
-56159760
253706094
-425788444
620892083
-389974445
305983881
793847660
45976870
521880534
-91477368
-102814875
-811722993
-549289620
-270864957
357827206
83177136
9061659
-134686956
662644660
-719854191
-275529120
12522510
-300686848
-51578988
-488485179
733445376
133230322
123924407
95903337
9928460
-12521214
24465166
24432166
-475733118
334024452
327138750
106233160
131157600
29470071
-483174316
-157330736
102566214
-26481561
277533830
-348811507
