1000
-32727755
31087
-196855409
-21768395
-445788112
-165134730
678724524
173595890
-962978242
173016030
-383042662
-259983175
385257492
-411291705
491881360
-249777382
228321924
-464850049
-51864544
-115369423
-6635557
-240414144
87921344
-75076128
-31093794
-430036105
-269203
-590013424
-5850400
-664705500
-11568330
615692475
-258724708
-27808168
687766275
-561174930
-332902288
562100875
98813673
-681194962
222824280
154783904
-54533093
29338992
-370554324
284774894
-58199500
906661712
354006100
-124955733
-248142830
-5664460
16662626
-233005911
-54809568
728085804
-51203100
-182956354
-40329198
5454540
-48221520
14211715
-310254544
-245648912
-432660811
-17883414
-510410680
-52007202
540392769
41925739
-29084640
48409980
-26652406
-210046528
123125328
23268401
-327155400
-67413240
-341956164
-464865731
-844831860
90982130
-447263868
20711214
-465492982
181005084
-552920592
150740840
-307808120
59168472
-186511760
23763586
-132661726
-312685023
-366053880
-468168363
276624450
-214918088
-488861280
44535348
-537955560
151324582
-7934872
31167380
167923080
339977648
1276548
582949716
-192702970
-606625565
-144769072
234178932
134003740
81318119
-20853963
123919110
335874510
550967599
-174270717
-185284312
-200465100
508389200
-519531719
-519968704
-74120900
-16644036
-39362465
164957424
4550890
31606185
519353454
72611781
-156162515
33554440
129794922
361878128
554908640
195221880
-113779950
-82514250
-5914341
-259478079
-392387660
475833682
-838692384
189184600
-90367468
-536646474
214339060
-132385032
-64329384
222376784
-215462888
168172320
-443204676
40586892
-26670195
-51912610
-320457884
-299019871
-98621020
-11416070
-234481216
-173356859
330829274
-220902425
-225855000
617919008
270587044
13384140
-630102914
-154571004
632942343
-72448220
366127487
20970415
8937180
-33896681
554729494
221166792
6541260
23896257
-28172370
-154564144
57945300
289562064
-312305810
-472482563
401590764
282227125
407169620
359779581
427780954
-257448015
142124100
502097567
-389540660
-117395856
145165728
-769641340
294478470
-186745667
-42666794
-437124688
-186808681
5725478
230060453
16178214
-130484536
644116926
252725319
149744924
39519900
691622212
-389525010
-23198400
-226433920
145644198
27860048
51272456
-296095163
-3971620
102048365
177465554
27754950
262951792
-402040966
109928623
44166804
-115057920
370552921
-256412345
-1691742
-416945492
-562505757
-115155420
19256852
-16040609
-639064500
-580526814
-21728146
22234104
-595473417
-619397332
-826699074
10745220
617520123
-262100965
304520370
-150946060
-284503967
-91691340
-294001650
10570501
-334028134
195321384
-96077268
-123326160
-33759854
-20623680
719624612
-490817322
-299503692
373894940
53493600
-126923068
-4526600
-689564418
377594360
-122538900
762269520
-292511835
575200316
429619380
39869504
72898980
231532521
-573624594
137068500
-50311344
12713526
337233524
433614615
144461988
87157872
683582328
106356296
131593605
197855840
-529013409
259524648
498408390
64389048
46452720
-241426044
458846872
-360512635
-87911878
166995430
-182068152
68165753
-4022844
-72459545
27033078
111384448
-754535505
-613139330
-4904390
-790041280
-34852129
-830359355
-80591725
584967474
-133593990
-56107728
-67470876
23798502
-4589144
-9361
714704256
24478881
-411140772
1738770
-155627100
-655728189
-219576896
-75342871
-271060236
10010616
121574416
-26114400
-613127284
32652920
281338461
186285924
456320267
223953570
-194929491
249248844
79181970
186702732
425144320
41142140
-564133104
164893705
365578885
-58924602
173481844
-175721728
-288756215
24934995
-382874220
-29249640
620859786
-15029456
47945448
-122140982
-116125030
-195113752
-408484800
-374690564
352129600
4933350
327514772
676646461
-35366553
-70836012
298181395
-303646916
-259758090
61979472
-57501600
905796025
345312702
-21799206
-580649916
-385710150
100456395
186304750
-731184708
-526884774
-100710540
374761680
108633305
824768802
-451049508
764088
-693656544
171542970
-30347622
93148260
565708104
-57778896
368997675
-331365420
456914250
-878445862
133334100
-802447026
49779101
-94897460
457457778
-348607440
7543242
10590120
200136510
-44636928
26689338
-319968237
-361051818
184135902
-156677448
220480530
713289074
5744088
-81859530
12968800
-13286940
202144086
570267033
11380032
64571268
243404525
-54393183
408722696
-64716489
-635912640
85266045
176803944
36707784
-295790880
-602069476
11218902
-46309740
647153244
-99735520
-339106388
36743371
565844730
975837978
-245717994
49557816
310861383
33422734
12143103
98528930
-30985146
-229580361
-302302100
306378939
-745425750
-79588691
-3204360
-408551640
-206076717
100026738
74673342
-219951634
6779200
-518815248
632027700
39975282
-94672936
-138871250
-234243250
-44486332
-145819908
800527000
236974320
73094862
368784516
164850322
52725296
-114490608
277389406
-105465456
-52547222
-329905240
18527964
205194825
659822210
-137842055
-74704854
107180024
-23429698
96631864
50582235
335895120
341087722
-456902830
16533366
-245712852
-297043200
-295211341
-212525740
-379078704
262184405
-412085618
27236724
-553343232
-661229874
187253760
516906400
107621625
185075200
13139037
193585712
-615805749
-869711337
69222870
3577728
544804986
842956944
61669587
744330240
22733655
-81400186
521653755
-553602392
70376194
-789653035
-663212960
-304109440
120356888
-139458888
440847540
-13403313
-154754856
-31811055
389234935
762929895
17193600
849455629
241060695
543590452
-216748345
121659376
300905528
-45383200
-408492531
-83483645
-444963666
182542008
-74767176
-77312031
757588255
-92499006
-558856868
710878212
288043639
328533751
142880046
-116982125
244351422
460567296
232208324
258291824
986780669
414660798
-259713280
306705776
-993990816
-106692434
197925220
19083548
-93984070
-35379567
-216287695
-19637887
163193670
-196098841
27652938
48341280
-173598594
-347475254
-134775456
-113898480
-269690166
-176525380
19577624
-693721692
-463312656
-42508954
194301250
1345680
117628180
127119472
-255063750
-64574849
90442618
-94367488
-190810086
110054960
-335366388
519136800
-10334880
823067840
-365991871
-214923800
-417721416
-16832760
152439963
-325339614
128869875
-204507594
342276935
46259640
42541620
-139313922
-411030390
-76514892
125439485
60620184
93237116
-197317394
457007694
-550721403
78907570
-277230735
58889930
353774785
-153728918
53868420
-78758302
88396000
272634792
-55555335
-2239256
357294995
-471833752
110188400
-71958312
-797634
162368256
-270494053
369210072
484095247
186513927
-258160320
456186054
86229000
75217913
63862924
-991842405
-326132541
327985830
-108749400
154827080
637824216
-357113100
-744459674
297237150
-173088606
9970985
-350698230
13879424
30140960
-678415438
550657374
68369840
-57133785
16247165
-72979078
6617728
-354198330
-12759635
-252840588
-130810716
-724050341
733927560
1827360
-2157349
-171120893
-231733156
-56017728
-320643696
-148018574
45809305
-239935527
-626183985
-142819032
64850190
822840
-16847480
504970635
-5602972
125716578
601631850
-197806000
-774654263
308033814
640939782
437572310
67149450
9925696
756414909
44564835
-6991920
144463500
-153376233
-17990274
-888205712
-316584723
610504789
-348471072
348461255
-27583640
11976615
-118247800
193132888
-6680674
-553882206
447439873
564777792
-79485780
451415990
628387256
-84372575
-6111848
-11081330
35921013
-277646544
-475149456
286162052
-163454571
-112216814
-947216039
158981872
-292544072
-185963472
748347330
-22779162
-55531376
-26355888
-12799253
-276220288
864307906
-192948402
-497552181
455665
355114672
-261342936
-108706696
341091036
156430208
399871605
225199548
-164048451
-328946660
-112668920
-378377466
26381888
-54915840
174265756
-403014745
-165880032
-81644280
-607741056
-184862546
525358200
50151906
123921912
-28764666
-80672480
412718256
364924560
-695929340
899609622
431917629
28002464
1291550
141557976
570489075
-401225740
287110656
559327556
86297643
-11581308
-305456470
315898626
-105878669
231211464
-37942098
-144580343
-121563639
-561424413
-143822910
-204356460
52640465
706061898
71068032
427144942
227662750
-258026229
646789200
-26052894
7042420
-10720818
-46160280
-432870702
342207000
837195884
316166508
159422121
-128466128
546449384
-540352725
-370302296
51037198
-256447907
442871604
-25731872
250317060
-219150216
-355563416
-13932415
68309140
-108322820
-102352878
-280387534
-504848435
-209690019
54310462
108954960
-28821876
-404411504
-474320760
-114752040
-552729328
331552032
-752734944
33755540
-289206176
-286750124
-88288954
468498914
-87556334
-272109441
367203552
-387315702
136387203
-35468788
-189739524
-67739676
-12204559
-732147546
-826419294
-45148404
-350680370
126128212
-335687976
-586623336
-4243109
217432159
138979016
17147662
69736302
-323683600
173149920
333617622
-4356096
317381967
-221852575
-861362000
-494492688
-550264190
32251180
130839468
-663755210
-100050702
-136594721
6647338
183960605
14502040
-389185536
265021416
-163012589
-94737759
35529227
-110255796
-56105280
-157935008
494339448
-492952740
44671360
277756200
-421271552
32189920
290858616
266308456
533710000
558914454
70417216
486926721
47935836
84985788
-48250176
949602752
-635406500
105782538
-118416640
747308610
740351160
15794560
-449988100
-447379978
-116579022
-236790454
-800737056
-145744995
861153396
864007320
36413598
-370518723
130615772
-134826687
-978336125
-205491776
-207432960
393350247
577877490
68271144
450107017
118917085
945474064
-184828700
225621732
724949667
446628908
-30348225
367219490
665087856
-207970656
51277968
570580950
-668340992
-73590016
-827849522
30691192
276831268
-596034610
656519730
-79264570
261717040
-687423192
-240198155
723312324
-284439755
-99169461
-674381285
77903124
-462636628
665007555
212345640
365351236
-224858432
-416830726
155354430
-416122920
-139811766
111235056
760784067
461057916
69853195
-128984000
21576192
-23302644
163412616
273217536
-123217908
201842400
64647362
-290028894
670886528
71817150
72633540
-506677827
797969728
181141597
-1000471238
101871888
-26459368
119287332
-14789334
14977185
-192784977
174573168
-20159160
-432012759
6878236
294389888
108662988
-438002550
806508480
-151922372
269558848
284633129
43478550
-312875090
-4540695
