1000
179991668
318430064
552427176
48135050
291485740
-155833477
127828580
31893675
504432
478665788
104739954
-358666275
568533504
-42440448
-273712308
-62343060
-476972655
426279420
-150815790
362788821
477626277
400297606
-326890212
-151164156
-380207960
-101636034
-84407535
649728935
-90771189
396689976
-218301566
-447268064
-161379455
-218074744
-119547468
-408763222
-414402445
-227513
322802064
166242666
-642826077
-196420176
-36955503
5045221
5530706
16017552
75848660
539026131
-420756140
-95440218
43128800
-135716704
793534672
158140400
-489256834
-506559240
134865024
-27688482
-348704182
228051965
-54045975
637817710
-188253744
43736660
10639296
-326010018
45649284
-628607229
550131280
-277949408
372255255
-233486214
442301960
348725250
-683332936
-507571558
138172478
-181382368
-95220264
-15340448
-249304251
-334040700
-215451929
-896731904
273790342
-9811815
-783989064
-51845091
-360961440
-726793760
-113458816
-394014740
19994452
195499365
-236855000
105891750
-198392120
-2734732
154754418
278771460
552682870
323158755
-27210106
-672541020
244141216
983168576
5629800
251024117
141953328
-479062251
64379974
563210375
146354984
550007154
106011831
227108124
105683336
198280684
-400277832
-326006416
169531444
89502732
-371293554
27667890
231365712
333390240
-119371266
-110972610
77014760
7005432
-57135968
222126624
-274411302
817311440
-877868658
192406396
-361339902
161587398
-464539994
267737802
-69150708
-202311395
-59177160
-95216877
38600340
-15605495
-175435755
193026770
290016064
9395386
137625288
-87721523
-169009274
36495318
618259280
-484056790
-167380025
-11484837
-157148127
-40723865
-324677934
-643579222
-533307624
-66331270
-475129160
526383810
325997389
168633492
-50785520
121002300
-6777648
-515615877
-240676050
94556296
-191313059
421405
206997096
-266148960
337736516
-68935230
-299573575
20633600
-173100020
-40589995
-208199530
144151689
-582126639
-213056964
-471698481
-288438480
215009730
134802292
-89455101
-388207328
8590386
-53094984
769804929
505727070
-144088229
-750618510
-657491868
61795085
546234600
332708483
-524745120
-32960200
346285152
-20328059
-321478290
-199673103
-614957230
141086628
12992832
167223840
-409080492
-24161740
-14969853
252058044
21611205
168216510
19248250
-294399300
88712736
102057885
-3732132
236138885
-142842719
-88183326
-543586005
-935308242
127058272
-712176699
165312694
234261594
988190412
15997527
428279668
-276630510
107233655
-56986380
-47424663
742498716
2400476
-562275378
-988823144
-613627410
-23277756
64635252
-358539868
-241636355
-188340543
343838592
193471200
13825116
-30549120
-206985504
290717548
-11919600
-35396130
-803006370
-401847695
162993180
-4670204
161172190
-169602168
427802107
-297504994
-107399250
467693640
-140915425
11888840
-99126870
-70763820
-110151104
-58026742
-671190710
-323292830
-104746300
204927688
524182336
-234891360
-69173938
-317842583
324601514
-182866256
276917004
218580500
181691790
483511175
-701046758
597720816
579498414
196107873
835184288
349147734
-128507236
-411095307
-15212960
611722680
-241925073
504164232
-316437156
313564537
-267086800
-219640752
-49483855
-749481243
333429318
-436477210
425093292
-19317789
659332674
-121695636
-220778973
171520020
-76038585
-154161208
-91458783
159290035
-116579610
343256892
-244248768
220848115
84447734
91072675
438813084
1409350
577393584
658917600
-125742750
-8455500
-403285050
698633124
5574920
-206530506
60444816
10153560
-268535008
-10440568
-371002263
-329577912
-463027950
-88685386
260326286
538741347
247287128
295163355
-86091576
255868552
-421037280
-374307834
-19232820
145099200
-98902015
-250259735
49412559
-610109000
21824192
156547365
303459397
247881834
-216987192
193572864
-206472154
-320875527
3138380
-217572498
297750031
-117176598
365278620
100761440
72711958
-527319296
-806621824
-537644826
-373687975
640280928
864592944
35746040
-128516050
24727500
37163964
-137724580
-278735336
246544722
-107648024
-170525440
573825156
208546752
-241670935
111573000
653135600
523551244
-242777098
81070108
904812524
88015248
-23242376
179441626
-37183731
10900339
258843948
647492209
81351530
171867340
-37897050
-377895040
-389789330
-960202506
729487083
657264920
-7485625
35921442
-559601796
-58030882
253484959
261309546
-446957577
-701719206
-66137819
-9253774
-483534060
20300136
-239141240
-440139950
-117867906
-60319680
33502329
583719570
244086777
-54006030
-198832044
264263008
618368664
-568524996
-39987012
444354624
294243250
-281341232
587844675
397786995
343009166
219499661
-356149490
-103303424
214211920
-784732680
-8641939
-133539952
-779444688
784166
-77261822
77893920
47639032
270319194
243516014
-85296232
-49205216
423879588
469704192
-22625302
281226036
449200480
179916800
-64098000
-225449817
145948155
412969200
-720016840
570478193
716851200
-72494920
189679000
-429175362
-43664608
-467094873
168536377
120596539
-795755040
384692532
-402386215
452755680
106963962
-729657612
203298348
-58913496
-256860621
-120658016
-306620799
-159881826
-93712240
116947750
-259344332
-396192714
410556279
-957734440
22537139
11207715
336204141
-207524004
-521939344
-374773296
542455176
768745605
-106609230
-142601440
-18426336
-12048036
-195424828
-225982224
-44344608
286860834
340908220
644910163
-239004348
-8603792
240134180
-385062941
-71984084
-706116250
681611142
506709377
663842523
50506184
887300488
-156005268
-206657990
174183300
356402606
4535740
243025183
-353783424
-505857424
290255220
-781093743
25546941
30328498
-239557560
-39833431
-420560756
412015680
-56340516
413499060
101057913
-202633746
143846384
345654523
9763821
542369808
-234513760
18761919
-125399050
125847684
-468088064
3332784
-128946312
24284616
-167994520
-624372360
433056447
-120496498
212491620
360362019
183274130
-674194556
-667934960
321040328
-102107542
-1412316
551024876
-3933652
-9749056
454537275
-29962856
-317781574
40605945
-141565896
754057598
-224314836
651573915
89375098
2584492
-250409038
-613955658
-265732032
-149774478
-145878513
-739092276
-603581809
-92747160
-165108328
48489630
169383300
-137330710
203900274
-148733429
286593216
-172426525
-440703417
330568989
-95895184
-47464680
-40639664
-321432080
122352876
371592970
40447836
-473098983
68707773
311902272
164464272
-8067595
-673590150
32127760
-261338307
133172028
230653810
13982542
435298968
-446147620
750908856
303321960
-348175458
466421135
39932656
-273210165
92495211
-474756912
-258211337
-192755792
-30721132
-76144600
-24424771
-321895160
566209050
-244273362
-39643376
236538822
-526278146
-68005440
-502357986
-20103489
102181145
-85300600
-94513605
-254530872
69522212
10429568
-178918480
-500612112
-120100365
-13504077
1027768592
930474479
-326523195
193729860
-189493245
-2001692
261631080
-485585028
-322071566
80609581
454270149
375594189
-32959505
123417540
247142676
161705128
-238813260
-6949635
450983406
500392952
-545237121
803871445
-777725146
15214304
675674123
-415667783
215965050
-147313520
205765602
-559580
370135800
263715901
496759908
-389856110
-474431300
677012325
28967575
-108019730
13949520
18066224
114988400
-695265459
86076120
620198014
134872704
-93867255
371253840
72054010
633577849
186091776
350970333
16923262
710515836
-323453169
465720504
-41889100
273101712
-715465974
427293146
-157525675
-102992568
-698417940
30299860
396852006
43533440
285510546
52592850
111735288
436581735
-6540306
296015712
305793144
567855300
176153940
5367836
94352312
-70383528
111151523
131080677
-29697631
44739378
-469442610
23031160
778387687
853160352
121435557
-787875541
-727927227
936664800
-375486474
313937264
-175079511
-16468389
111529824
-90585066
-8349276
58080456
62125348
-179733519
-335725000
-618687279
10274700
313257996
7215516
-652720772
652702056
312835180
275342828
-240648756
16959390
201624440
-278275062
-39093252
-337471808
-174677952
107568960
251579801
451583545
369560514
101750
-64321005
-284445216
22723260
-232833942
69096562
652570296
-458903100
-562744090
-11930508
-9457585
506380907
37993032
-16589160
-297631400
102843072
369638546
-58048200
-209111175
175698792
-34898076
35602128
-323283081
-825589775
418103584
-371597706
-327439560
164556672
-747061376
-517015808
-276651858
577575830
-138158280
-72882800
-424267770
48574536
146486210
-148936296
152163360
-49963042
482860840
48081880
-1904702
-799140910
-26617020
-235015356
394912518
-12658900
-411677265
10386306
31391376
-14550470
-81110046
307921852
1175226
-30206034
-556400880
-60002856
307964800
784181113
-892777544
87007605
38342016
-400790754
578930937
204046884
235170400
-232011316
-6330405
-12599800
109142370
-36988750
-44396303
81391338
-946166384
-376230036
-354139474
266983656
-294843012
121235028
-232694976
-132463992
-710234898
-344574032
-568225971
55322209
874259116
512477399
-52311457
75361335
-277527868
501738280
-206962020
323812620
63020035
20593170
-167615032
183882965
255630165
466026000
13374461
-9681818
-29030634
-483874823
-804646500
-604668000
-397581180
279129415
87164391
-611253048
-765391904
155697624
-84742684
-118185483
-80477184
599716728
-433538523
-100852182
-4811520
163930230
423056480
-467609338
-2870925
-202885818
-161679141
-797129496
53185032
-11500213
811442951
1648206
336581691
-18710016
-1971290
-68817042
-1724048
231160251
593385135
-161171443
71939920
754246101
189840528
-499874562
428858184
-41761306
118368226
-120803230
-575503808
-46797354
-50323872
-20949084
120810889
317041715
-156510690
142586520
-545474657
263634558
-147265576
-596334837
-83764473
84685008
-78223200
2558915
667643218
138439838
230548080
-371911246
-291806570
-360185056
-800994321
209903232
-295404828
66523440
-462902092
792237720
-61017858
-49805184
153211499
-360223556
-22353840
-184331673
-366801572
-721445196
-323083032
-15285204
154635264
44124564
-12559330
-110228796
262274688
-7839916
102917736
360534135
171190832
223819245
-170724120
-352153872
-45553305
-34499080
12863578
145207335
261495978
-117821335
-189235932
299351897
-302075397
139368090
151800215
-862680
60575515
208822200
304898222
442442260
37574064
731129920
-31243328
-100019612
-120246500
-108176670
240153100
145765865
-30480450
475047626
70896060
-38987592
36850598
-767384919
605553723
-138401123
-394062438
