1000
3480477
-171852074
563081453
-339843342
42914788
-278597328
-661075660
3357072
-461117517
31633635
-54246140
66989055
385133462
-79065714
969020780
67092242
98615286
-825129635
-190211553
-58834500
-23908720
-248084112
-570082625
41047624
70452624
-213915637
310033062
-79398886
-192398176
-93793295
547549174
-628899594
234750165
86242744
628184238
-355298391
-102872913
46328355
-25021512
-328118848
-76991544
376829296
-146659960
-41669400
509145640
-110130705
863019708
86312058
987854869
-741658236
712383420
-296902672
-266420182
-1000943
-13796445
-133283875
170218083
-141511740
-12806019
-201672768
248452286
223292016
-175086604
313292096
98429282
-630245845
382033010
43622320
164704014
-155881407
8059021
218971200
-752957391
119264715
21101217
140775232
-13737348
82565319
-225922600
118293779
-722108912
193662540
-137044336
735497840
-244437060
-129869442
488751836
-623018607
43999232
-202441237
110004726
-35432536
-252864254
333302216
346332
683177936
-135213728
-56758801
-664780659
30184260
2561034
19515098
59519781
409744145
373053304
-24357534
402327882
-277437150
-383956808
-190298408
300923712
-82219400
179048993
-623274738
245662004
386408016
822936834
137410674
-320964480
492483472
-40777064
613017900
-761948180
18613212
522755856
188759465
-39077100
-978337398
-375550611
154052856
147285096
-284532195
546158010
63207648
53417052
446414836
-833651034
4925206
117921486
-184543744
196235862
185599024
34077540
486563137
446309078
461621336
120701370
-160065230
-350112331
-82504308
389227825
-257933862
-235840248
444767780
862158312
652094100
441027636
-721040946
711295992
630597517
-359035038
-144475444
45874840
-39819920
48878894
-73407828
203855392
192340905
450537945
274816050
38273572
294747476
120443235
361267368
-98367303
-130382993
353987058
-7968557
-118602572
-26593888
137348606
-586583328
-165036465
131977692
147871023
5213186
235110018
554172088
181732835
-230558160
94104254
-486429811
12571458
323636082
194037525
-409156032
48542853
244531335
-786825580
-356577672
586217520
-769143704
182830437
-218431276
-323025720
8293380
-6092958
-389511672
81789354
3935240
-414502044
-105472864
471691792
-317036778
-295100234
741680092
-292669350
-204383595
229226748
128960546
-54189786
273125594
36533966
-94909632
-10024375
115160040
-253789770
-322293772
-251757794
-5086264
-172081460
-4530873
269971515
226648864
-311159190
79762722
-82109724
-649684926
-613097976
219792489
294040321
-305700720
447901060
-218366400
575856
552314802
-492868746
218626500
-376280296
105756966
186940646
2519280
-479327310
-159152480
-415327952
-1275300
532487296
-814014182
-474874244
148502812
45430
-333995467
551166239
764333505
178457992
-206741838
-607781056
-285079230
402702586
3765198
-3347528
285764768
429069652
-63714347
-641232445
-179119630
7176156
-24753124
83929394
159467826
-27753310
48920337
74124036
-405946093
12894651
188743878
117231660
-156842330
-184388176
71066366
130238217
78475540
-328472844
-70671872
-680370911
571319359
-140743651
-90666000
69847560
-585060210
-455427684
208861290
-5567211
-237847792
383353854
289094038
-479088180
78808510
-190169430
94647226
-674702910
318908124
-219804390
663096610
-253777202
-328339710
129558528
419447490
99094575
-346835580
204066916
290034040
-23500274
44884750
-45764928
907345446
628928300
-57780528
842685546
48039000
-257471816
20878296
-372073296
530312860
-8919960
773403141
8220384
-228018098
774078255
315751872
-14459980
178273656
-200445084
-280138470
-385344468
-166729500
-185810697
-477358677
-70877259
66355943
-71936095
206199742
-31295916
361406062
568455524
22303644
-182506560
-45930948
-551361
-340108285
-53216356
-189156375
106846896
-426675478
-34060320
487326320
83607018
-458573351
52728920
30247504
426661730
202789323
-1044341422
517632048
-307528830
-423830673
-344013530
-379779335
130032352
-167356879
-166661495
-455009152
-215813360
59188302
381776880
-410288857
-42262976
310653240
-47886749
-27066125
-26251652
-41379309
-13651596
-546610304
-180411308
94535616
-647920005
-610148462
-329678877
-706671567
469551544
459328952
69385888
-238739195
474351956
-938060565
250084770
-39031755
-69958904
-21629172
-184563960
695175264
199582960
2667700
186704146
68203769
-348779106
-64898980
-511450530
82250760
100757664
-179055280
-194261757
-63460560
496218128
676980395
-45348934
36125918
-879312973
-377247311
38208394
918135981
616620433
-212038740
133439700
-63141312
559707984
503554200
-222482288
-682199240
-233584128
268106508
249075810
323937492
68485146
43381128
-204899072
383911392
478212110
-114850554
632603202
-60822159
-260766300
-61335363
-113291808
-331364580
-364702140
-235245080
-64108936
-120566215
282042530
208701440
-918333908
-681540744
-154825917
-317103480
73026501
-294372856
575303718
37201780
259623504
214659441
-12389354
-140752640
-365779304
-77090932
-100872828
490676235
256650513
-49455126
-112729932
-744598890
-513744286
-239294760
66541624
627670215
-163811340
-208188309
-65930627
206867061
-424390336
-13796004
-892533000
-563707015
71795680
198285824
16326776
-10606768
-16303595
-254230461
123867282
865948185
-56974412
116042850
-250535880
-339499881
-124847760
-373600619
368811264
4443603
744522768
-429762468
-374743053
-630564476
235182912
-160951392
66226104
-238902352
-740920625
-230543043
633722944
134792046
-149135360
157091260
502446450
-772023524
285985927
-26384026
198231894
-71538020
-760204450
293171424
-129208227
-173270976
136924506
-266316372
-318041802
-126956709
168845235
95050980
173905675
-14845216
97698542
37868610
-27308624
932883192
-594000463
754026326
-230924320
-6756672
-358608936
-656763768
159858488
-79583852
-158774525
54442048
625411962
302192034
305218980
786627390
-102483903
97494364
44264098
14441637
782339900
-50913968
144756339
-166042734
-206186061
15837233
-443556
452431055
301647770
8922480
-53941168
173630508
45818394
-261580084
-29033127
341636002
162172147
-149203348
149422324
-394635700
425993778
297528840
-379421875
594851040
227901920
153899200
69375520
-34835400
-76903608
385750755
-751041720
-699299636
-174832485
-71102166
-198791557
33853644
-113816259
442372189
323404000
-70851402
425996848
495726134
-43032969
38417574
307864500
228059604
401401888
-327040703
435141045
256105516
-437970333
-182958369
290055448
326022318
564256044
185142695
124066
446313022
389900
-506170752
-567560975
349048710
-35255488
-413065224
-612242191
-449451275
-18393672
-120308760
-532764800
412207840
-922877688
39172700
25027394
175192017
493339808
108432500
-32902303
-26268816
282329850
-830264512
-457769376
-194997100
179309944
-162852352
18171000
20048138
-783316152
-684896625
-119849868
570482928
381260834
7031840
1442442
482594889
-31568930
393637816
-181268640
-503172135
-356230392
86102770
103624164
513384360
-525611398
-675605636
-109965310
-11171390
450353688
-332158709
255449754
-179504640
137531637
30863512
95863240
168338380
-184569612
179874721
213292369
-188813200
8499972
-1398222
118511526
-433647570
-8045845
319254606
-56706688
89413920
77813960
133354702
-841353800
37017205
87056784
5066236
-434933604
-9449220
175347912
812049948
70713028
569716056
-39873845
782075098
779716231
196486446
28141355
-917180441
-33128576
122088447
525012516
96731144
-202059627
208397696
-313872930
-76638161
-400691472
136301440
-732244340
137127505
23275616
164955180
-98995232
-608776240
596900051
-547960737
19530687
135865485
4679233
-94343655
185687024
-466192498
586011333
434485568
-609007858
-781867898
-55718208
-86012350
20920614
-121884524
-440953282
-18843222
489426938
-711609489
230077380
694022246
-273254124
-315804216
-500727131
116767965
514842440
456739920
7925016
155814162
-317917629
167761930
-111416600
920257792
-418177474
272286888
234483012
-232102207
352308000
257390034
-510806705
-694650528
276570160
239673280
90636
107332830
-620073972
339834297
-293947254
-147869799
585307134
-107274944
-79486558
-34719984
71706180
-302909706
-203104202
689461025
-333107865
-570455200
765585274
-406388745
-600399498
-353085873
520640190
477487360
211829695
44028320
6483682
160538337
-601030965
-422259399
-210988800
109721881
75656425
-1960542
274532995
-177824454
-539866026
-36020404
60624850
-136051785
389613395
133553667
394959790
434483556
383401473
254018380
-483923517
-620368812
221294700
153766216
553884588
-496653639
604703112
152122745
-178469760
-527141997
-82316416
-34910991
80261064
513198854
126274160
594372900
172853688
-17740304
-405777155
347589963
-50950340
-11882379
-168178728
901037074
65917715
18126134
172325362
69283899
-43636490
50996920
307528374
134020656
-154526072
576657346
89059740
-360498612
-916823904
-128288160
6691795
-264326336
-92141700
596498796
293943244
67224850
-511082792
246054603
-25284710
94874080
69349468
200507265
559946646
-371191660
531172594
-657192
-492819426
-101731056
-136221183
522952196
217588098
-752804301
-131092576
38512320
6101784
269011035
62613942
-74841227
623322
-270166944
-4531254
-80161440
-382557498
102677788
-1560867
-677040
-348237818
-399195024
-420915038
369694170
36147496
-248240517
-674133705
406371604
606111660
804894872
157711704
-211872480
-881749266
21553987
12280000
-368416692
-53410605
168453696
741688150
-429381810
104339925
-444091130
-339318058
-207903570
-143182240
127853388
31853920
32305426
-368428800
-13936554
516803606
-578856894
-619476
-553373260
-276607793
-42750422
-103763376
2432133
-93794902
178919826
28681070
186705756
-5470932
-371083968
223133520
-134623094
144232296
112900864
-143625125
-985252
260880306
164222500
-308404305
-51920908
-112134690
36081916
-57814104
-7186806
-401976984
209700974
-231032365
120489600
-704462
-175118361
-129451696
840198121
549044520
-179243955
58218650
72928152
118660975
501510592
181358860
-5503194
72158835
33012936
574776240
304092864
722865870
-720456870
5447487
-150667440
155317662
329923000
24092250
-98352056
157904664
-32374455
-201691776
27132323
827321592
-530434656
30010725
-250316336
32773032
76863330
-264313962
176641200
806824368
-161230125
490328629
-443677443
65899464
-527589072
478322816
-17741241
102327057
248432640
11701575
696975805
129073581
-55928514
-160980350
-62920557
