1000
-245558640
17525200
-139233785
-167034144
-294122820
714911470
583959264
25573482
173431872
-654077953
-45438302
-264756288
-451869144
130452876
-166031775
185994945
-137485944
-9777865
-137714229
9618060
-53474360
269018853
-21652696
-30606076
-288448027
-264185215
450907825
21284920
-59103081
728227824
96365560
-697768410
-342654295
-134448822
-526625000
462209124
26877008
333236493
-175078046
-636171984
-473726208
151893229
-60751303
-28841163
1929754
126436000
3517931
-116578739
51951710
81553920
19193163
-24729786
321361692
71575588
13019760
28776374
301712992
35289408
27624636
223101200
-46305589
-152537710
225745344
-129754952
-7913505
173008099
-89925642
11368424
-165103272
251601042
-33484550
20332994
91364535
29266820
-391357060
238328781
492803685
291326688
802706793
-242104354
-487670670
696607160
117222122
-252933621
117820472
158269860
-257976950
473488923
111882821
-318605736
31511733
-613648700
67265562
772015761
-530731857
-34537365
358163100
174953418
-345443112
-87030450
-154723806
1689205
14148750
-349743519
2296185
-147248946
105753930
222632565
-343328625
417417168
-59358728
72905400
-204745926
870721500
-151201134
916933710
-455368875
-137849880
-87277253
-30829932
63382516
-127497940
254818616
-682561842
237396258
385089813
-10566520
-306709044
-356143200
-99499686
-773413221
-253168992
107724226
208420378
576432600
50716990
-359428248
431797404
-630565927
-172620840
26493792
-229984300
380722680
267867346
708491264
-567004724
107206600
6439186
-299874660
-282618090
-13450692
-53372986
-88937490
-333499125
259013810
573965931
424666140
31592366
100851994
-26112279
-106647520
1942256
-34997651
-398067606
976120455
-837440844
203716272
-313448500
-534496627
-166101591
-56238804
-717922324
-20226360
-513313563
466300580
16776403
-22550192
-34457526
-134663296
-60084284
-452422656
16942149
-265833955
828658222
-603733814
1001637212
-158242206
829021720
-459710608
187896592
-296343234
104253690
176334069
847044576
-102513740
-753458148
-96833144
-31547036
13338290
-40874700
-655129752
-322335386
-254232067
879437360
-185789590
369770548
115973379
139008688
732717936
-371353194
20967483
241698044
195323076
8657385
-248222745
-580041744
711619567
58794310
719001553
-708119752
228995948
-417273710
508810680
-380844906
-119230464
304979220
-61558224
189386466
-70910242
-137208056
59218962
-160930836
50476084
350547417
73495992
212760108
-367208380
-685876577
26551175
-14397570
234686112
-271754400
5082000
-220306551
152830002
-549400446
-542881570
619069
-361483500
233497992
-249420922
-130974620
-352700958
-57897748
-702662656
182898127
204957976
-203823898
185588725
485784667
815673071
418679448
-459024072
-230731074
-98411590
-322449776
193485500
-134734248
-364372435
-205853790
162590710
329525260
85514088
413847744
-305790430
125795160
-69520290
686278073
518101947
533769852
-12455511
18638802
12389916
163610590
223640205
-389026671
295365000
557761010
252181566
190157808
-303503198
1762830
-15637574
46236432
211410360
134700940
143651025
-178867296
-114007104
248691905
-178578454
-490581546
-728785464
-40589538
658104680
13071190
-201503616
-309407598
-261369658
74748620
-265086405
117925818
722097990
-234074240
41305815
-900545913
709662870
-15312576
762824556
-346911024
981606258
7985272
-73281670
611386798
-258326936
-137414966
-630379178
39120732
269519040
184766750
13720014
46108160
224548665
7488378
27517788
455820869
-99861060
163842292
-172825450
231590072
-147751609
84382640
35650780
13813506
-8084604
-211226776
-832463055
350278522
634912227
197233460
431986854
-559744363
384843072
-417724082
117174489
129740735
-36580803
130214696
376628242
-13310329
149831080
-448959665
158944574
-382163750
751509360
328026944
704069344
-156131538
-474174024
-144329364
398560500
-234682338
-441977472
442086750
-84648464
757865010
-161669508
-116034226
-440515808
630306912
465232516
-17068898
-434973447
11033265
-271379710
366402
195099942
-18275468
-127131210
49523006
-401240120
-348363632
250751904
11779959
576746253
111695025
-97402341
-35628972
639899297
75796812
-519294450
-195176050
377682190
440586388
-117641382
-7831764
765874305
192736511
12954732
783046768
202419987
-561468544
-67888486
-17820
28132742
140566868
-113386350
611788910
507874450
-36104277
-73475235
-832539315
409747712
108439816
-37020528
713684998
405149745
-64505480
-312808305
-23097864
-302920800
-308699456
383495768
-1100242
-38031249
-366552576
404993940
121942200
101370765
75299076
-195286935
-118039692
-37086534
262306407
264467880
-88278025
560751660
835600194
-394561638
37627805
-246978900
-197188688
869515296
-425399688
121951044
-363779050
-290116125
-75129120
209175948
87504612
-30839325
-864700
234268398
462667740
-681924708
-16067231
-468128891
-337518588
-172574225
129361296
-91171885
-329637760
-605062462
-124203329
-46042438
436380592
-414002853
27472789
219524445
102288440
33015840
-46496428
329475276
-91606992
-68979956
-90589590
346479725
61529706
26030367
118102860
174560800
-161782000
434381808
-636091423
475160506
5198210
291808000
85194050
583554660
415704096
231039924
312915372
-201343399
-249981480
37055760
119678325
389782776
-365337344
-135527620
-652395655
-372014469
-107029680
579883724
430018820
-122793201
675644814
-112110173
-20596046
131578020
90122710
-305927215
306148486
356520372
-3604932
109963728
-123855642
491905365
-20478156
-651213033
81251334
-60456180
29127408
-6691014
26221870
-33936984
435834372
-32599683
-89955634
75764139
100604586
-69264150
598545675
359329743
190925500
32575400
327509601
40296124
63365085
-611376672
106769520
8281092
712186304
174134755
576723958
831988875
269864720
-619586534
-8224484
21588140
-60374034
412507290
497007498
-76674150
-165923685
-392176760
-21689400
182881764
25638788
-115208049
-209394496
-289179374
-199873828
-181817858
555906800
-45155400
-184264472
-526133340
-23099328
-378948464
-90829908
-111296516
-49742217
42622159
235429564
-202185477
-32241180
187356264
-78105930
-81324605
-259221767
592024834
52604910
-81213195
-357459336
51404363
-551179827
144567500
-383746779
24017742
-310354470
320576636
-34953590
263364744
-267170962
483335384
457470360
259648115
241358292
-984788894
110856104
372371496
-855848460
-662363618
-322275570
-592723835
93350880
78973866
-354685720
-80690126
760976080
83349244
105723408
293471672
228609600
190465320
23893720
239595094
27415340
307375450
-580954356
-85373460
-519434250
367821045
-16205228
349889845
701134020
54176850
-49329139
359222128
-36429040
-597409570
257442423
-114445062
415243398
27682288
-18402441
5870205
526003608
497236632
-75204204
131706120
221695045
15923628
16967471
-178510590
-49702724
880339200
772448993
-39561066
128207043
-527431968
-295781610
206227456
433829128
211424730
-471873540
-766135855
-83118040
660071295
72356895
-351339920
255580416
995149082
25842840
174527584
-443616054
-722313855
-238390515
802909388
11633644
333979088
-198217880
-704128752
-65963150
-29438856
695406954
-266618136
-276428916
406176914
-478049296
554010352
373722690
340022100
10459410
-232759310
89709312
-55941120
-8182600
-539232929
-949775104
-197219590
155428398
-510747496
3263286
361748600
-186022750
-731246873
99254936
54097618
127691590
12193482
-18671590
46819401
213007968
256200800
-86963701
-597258625
-141403586
206151198
150252615
-42865185
387767744
127457960
181809504
99116400
-225520785
12050937
-340446408
316660704
-92404864
149541892
529346160
-232309755
161214112
-904599939
21195468
505421028
686684700
595589298
282786444
393609976
312927786
-373197336
-86184915
404571207
60309320
114685192
-275521260
547191414
-30988092
-134860440
-579092486
-57187872
456749720
-292096322
-76073530
-54515244
-11631620
-489184308
48885786
82340016
649038753
-13409046
237553376
-832695418
76759464
-339676092
103391715
218696126
3130888
27374760
-771460018
289212868
-116880074
233283840
-79263000
802642230
203716500
-26798178
63676704
168229743
262736736
-150166368
79511436
-49427172
25710191
-352570416
-58636370
-404713104
-632798910
-4283298
-600338445
-83806767
19728774
353641806
463066632
-102566020
-190411335
43793302
-19448520
-347336710
320233755
13069395
89195240
33876183
123501210
42131214
-820310618
-392746496
-120681288
-12506304
406715319
-404392555
40795794
448164720
621768189
-54283033
453713832
54333000
-3608000
308263315
-400996812
-855050340
-524295504
-471155190
412563262
-639047925
396450200
290864008
-434645740
475047552
-178443808
310416370
-3492849
-885087803
-134512534
327643667
58424940
75219516
159096392
-311730408
-87833277
-436319192
80237392
-97842225
-477550050
367368077
355048855
-141778350
750303286
308578479
-33853194
-563372375
84420960
-64835532
-367612995
-146510232
3366300
-160581641
-527114150
-362459510
587654715
-14187960
788002368
-47921656
-635455954
-464970240
-71936802
-392563800
17198440
3067361
43195640
487512270
-62892600
-26831370
670591680
-267241264
445808652
342679332
-128792752
-56713200
4351200
594701954
414018696
200753208
549141192
-160512990
121531035
515916968
841310498
148212375
-256518080
-131677830
-207818624
277434420
170702665
-33469820
-502043115
14151874
49755870
-165843045
-332011764
538129710
-132498000
-68978952
-413427992
-51692004
743846998
81325805
-158338095
8888967
585927472
305693815
7784507
-72480456
87381238
-344754730
-27791660
-55464836
-391391352
436321779
597632739
-136897860
-435361745
64880400
-337646474
-549400425
-240717365
104333
254364300
-204789232
-37352887
157159531
-65085280
-48383349
225124331
-246703732
324051852
243772185
69657280
-75840864
-537006696
412210843
-234489852
960183936
-699280465
-965470204
209580048
-31761470
273024675
14242000
395372667
205285368
134956458
786102693
-287717490
81370625
81204240
-345382920
348472422
-98139824
-668362560
-293248000
385604725
255642310
40134462
-136427391
-54515712
46722780
169921223
54060825
304233606
22476650
50190816
439767387
-621170784
-64327966
-29196240
68134458
93885141
-588206826
475889060
294863725
71782944
-27091056
-260146492
-788489200
-112022107
-370811984
278632997
580185012
-299655666
-200650884
-2798433
-285226040
360806549
31807944
-85328140
499129736
-440125120
