1000
-474334014
-323288172
206346672
980357
686311210
-8328928
661617696
-579478536
-343394688
51940944
-65017806
-684325546
236781810
-440839728
41465139
-104761800
18026004
-131995356
-257298120
260048076
-58908905
-79567600
-396348144
-161563650
-33273086
542077873
562061104
-637290624
-63979606
506239209
-16772580
11628300
-77924432
-27836478
21930870
-90596880
-518565588
264654000
161832951
-238805984
781671605
-20592003
-578793488
-143527853
-311740416
197798975
549563679
-346320960
-56719796
-714640250
394037354
-982161560
195034996
151134816
-175393235
279670216
-30014418
-288343237
497314522
-165731760
10165038
-72917440
59419633
-197184792
-69253820
-107421008
-111368510
481495344
-154470456
-155085040
-45445400
41351686
-220718580
-128982600
-75553062
522298360
-321760800
547720635
6315984
231116930
-50200166
50530358
-173047890
-70789368
209515256
-121081088
81928132
-190780216
45294408
50279126
36864455
-606979532
-630689883
24911678
91387760
-144908244
870463330
171957465
2782335
655909464
-46412604
22011804
-295798035
535775604
16922322
-27725750
-281494572
168121850
-572571384
127007818
-164055234
-394850295
-69227214
-34550988
-148606860
-521223865
215830098
-151234335
232623850
215304754
-311993079
-193629072
4629179
4581876
273321165
-80094714
141729240
507509559
-25395960
268034325
-190624672
-164422128
-126736650
311353988
-157411072
221706576
107795314
344178844
39796308
-27947430
40834
-263454084
71027455
534773802
-175019455
-577298344
622160166
275195450
158173668
-87708
-12282348
505879950
-36010602
-381345419
42922742
642163300
357004875
-629563935
-94478760
184143650
-153359010
740485746
780096317
401150500
-215802160
276077912
-562155660
102242637
711939375
448473370
-17666257
-69684027
-301998268
162544089
-107557868
592396550
-3049802
-37127274
-574061707
917905425
-824904486
-84383748
-689151320
-42206960
117862654
437973222
-448881464
-37580367
12761209
-126421911
121949993
500325080
85052436
294830844
80430867
-3045473
273486675
-281388776
791579615
-68071876
36680808
42618160
915435900
27855690
395326476
-334836992
146635112
-41428460
-188956698
906518105
105414144
58511337
457310078
378995500
-240118925
764005000
27835405
-289776730
-426987171
16221919
219340836
235451853
302786850
451200698
-272428674
-666880375
-195852201
63550060
-374749790
20175801
817037364
150823628
292730614
95786356
-530814654
-356092319
-40218186
-122989152
271674039
526175774
663480405
201184290
-21396724
122766793
-313696840
-7369712
826056192
-15161553
52868920
-411939370
199867641
5193320
250677714
-188416185
469514920
-558925584
374081950
-94530711
-212130881
-29257544
-8289972
-74752096
-16496696
-9999066
427820960
-511841395
-56268483
478338384
-58247560
393343450
-756811415
-240960304
2871866
853095558
-11433048
412492386
-9497312
-610638454
-442023840
-83869062
-40751963
49254996
-524750826
-126456820
-735100464
-38862356
-118503918
96064861
-1030185312
-324921168
-32805330
33677842
765160890
-65337441
387684463
99261200
531956540
-80862880
29436091
374735626
-65760300
-461468600
-22475853
-100446459
74087640
164658779
321007100
92031432
-622829784
-5017928
422300241
4888444
-892564730
-163262369
362736430
79574682
340229789
-50414272
603056718
-230490520
12032906
650690225
-337720482
-238010512
-159356352
-288222000
-489200684
-552790350
15549495
-169258320
81964058
-867766674
-211307232
569911264
-636526617
-255029604
-343921106
-102294381
6420546
468503520
-539648648
181776750
-81276104
-988931931
-133751430
34450515
-717099306
-77371756
94290768
-151863165
-358200758
156737218
75125225
97173027
-128975520
98204358
-222294564
362395632
-214071840
404788608
95352716
49928518
-473175
133702888
527309532
-9013060
-362544609
-195362580
1011105645
-520257600
43323274
-698953830
-43137262
-11766636
-2906853
923634855
557344473
235492608
-128738560
314515617
81100162
254134240
624015504
3675206
-115799226
157506240
159512800
-37857576
194805936
764187816
31966228
-548438940
829366468
-555044805
23784360
-123252956
-55504065
205561338
-496724780
654921810
-12498523
-278550336
57716709
-412378410
385148754
1171821
14616
23287682
5160280
-196338842
43816540
-310885782
538295362
-258222960
423922800
27942240
-9571941
604846656
-66980256
-301398500
187786431
-372762767
271054200
598847535
139175760
-168205704
12601500
501715620
463785712
293110784
6719440
315678900
156968079
150478767
593017612
-552134646
-557598875
264405240
956088
-251499360
12686875
88767150
-346528416
137615392
306751767
-312086310
-124764333
182596060
-207837306
-368889934
633818052
36712772
10786314
-459882930
192270618
24687520
75682752
5262280
-188556048
-480628743
410469915
-263290257
289507579
138771424
-273428272
-123319261
-122929839
312033800
-561262667
73679280
540103424
2689368
-7987243
6418960
874820440
-234465783
-758793785
-632369529
-148323843
-160211598
156970554
-10490496
-863184960
-152132548
-578934720
598347461
80121145
-304907800
975734842
-851672120
-140336394
-517246080
59951529
-180181832
-51475500
27977168
12349554
-430541804
-38996969
316188360
-411027426
-355690324
256978668
-18552018
-111808743
534386162
-345474260
-282193731
2301375
60025470
-406986400
-146745544
782004600
-156352272
-102483570
-560816736
-446105041
-379129641
625285041
-320732206
837988905
-697881712
60968420
13084995
294302675
172069624
763651784
-152121112
-63408840
602515368
-74860227
-3634268
-381289630
343565340
-68572750
-57917672
-25831696
-120889703
-55088163
38968452
150517550
-333631116
-516780009
165889888
401882392
286182556
258865368
602223030
-53726424
172199508
-125825439
627433422
-347369085
-475329792
-338417922
-142424912
52084968
-136511190
368828316
562573652
471889776
-222704364
316417818
-7961920
-136137549
6012404
-138481728
-38300259
-288992652
-182059800
72817950
-174914525
-419336494
-685579284
-507564494
224622524
-294798735
-526744517
793047168
137756520
50189104
144238432
-300366554
124910250
637746637
804133420
-121651605
-434584800
-656717490
-93706338
-361529298
767263652
-227348212
-416050794
-29087782
7715994
744431760
381991570
72963528
147425355
545000253
-10530891
-358269120
-20761923
-385120023
201405126
78067074
-376062374
-59209344
-81630444
-46719486
76680220
-365080100
-328118700
77034591
-425157528
264825050
-322199222
-211395254
456547245
532979342
-46965066
-344123766
304593080
419553144
-161768976
355270300
-69304900
-63348870
-101596800
-9857718
-245616
-234344394
-1007047426
473128503
191805858
122271798
-186234471
-431792125
-514216080
173416606
185989237
124446975
73186960
350908415
-320740420
-18878881
-544568822
-179542740
-8771648
27855558
76077813
42605640
37668181
-85658518
323807526
526575543
47915969
167565248
-368887174
91277645
42563367
65281150
91894880
15577009
226594070
-65097608
230053255
114868954
143562674
216913736
-185014995
-65473984
-463909482
-467960088
-2603196
-251251962
-3790314
573120672
-526765888
-57043571
-20935382
-286076595
-227072344
134116668
90984694
-390588809
-91651200
266562604
-13768240
356193225
306819968
69680736
-352114880
-485259255
148554120
96561648
150419955
-79561736
-580349810
-509288092
-227112153
-37232572
-165795900
-72856435
-671427400
187313880
-233729450
-784516402
251416882
112795920
-56493482
-279059522
187041624
-491328820
-99725171
181093122
-227315952
-72458386
54113346
-210288960
-141368856
25208799
-54871284
211170729
-7889480
-36214570
-519084306
-337784664
601246464
15512710
-821815600
-4677120
-64966148
31381560
995407037
-295978984
-14745861
-291581970
-167128518
-357427110
207271961
-225805040
194377380
798956175
351460125
-434395520
-117898353
246101844
226259412
-24639840
-247585996
-72561255
-67550472
384980106
377636220
323386885
-13223360
954732504
-779552754
138085640
-34286670
141152280
-511145313
58227477
-25241272
-3018435
-5479677
137321694
-154462539
3541623
-809919816
74675728
-768911283
-489901235
-11417445
223642130
553426159
550817248
779906928
-11972745
-328554600
90214000
-472216480
152027664
406439655
-67780328
-333229704
49595970
230881636
151156000
424245543
549150521
-148836984
193610060
-15557257
454168848
-118315575
-150809040
35826515
302870484
-484744810
132926888
-338276315
500612497
237771514
-208561799
69844520
34310528
-46350177
277408161
121564593
245063232
-465499790
-336575835
172540776
-110034162
545999789
-11985922
235886130
-88285788
-192381921
82311398
296400390
-619027520
-21358166
840471226
488520948
1003987955
390237944
-25357127
-582707230
-293706780
-183489345
113059620
-15759974
254814137
-19568395
-159568500
-213515160
-801485160
96384834
-42619347
452877408
-515550610
-301555262
-3245354
161308314
-59628072
213370696
345597856
-14147074
258835302
-329283693
-149857377
-79379235
227692920
-268537108
455230274
376503270
-686683368
8099000
-331313697
133525600
11804316
-737444854
-48458994
197792784
-1217790
-792748496
187800776
19959768
-263212092
258056764
34311258
15278364
-150621435
198426224
-296492280
788009805
-145167568
-408626078
-211519631
-25368556
869438058
-37929610
-2189871
-870122880
291918198
147276567
-129270652
241040456
792708552
445525094
-44158722
-71343258
351632156
458323866
-776559626
337978125
-121231660
-404212770
837373432
-282996896
-570124440
718383141
-186800757
795827520
-346595584
-4703859
99986340
339278646
-24468675
1134174
95849861
402611651
248247832
-21021664
96996148
102033973
-908614350
340350003
-143198913
473550376
-14691294
770537729
180483765
-99927870
-298904316
652243718
206820216
571348640
-117561537
7908798
-176830752
-61492900
22515344
-713331948
210107928
544171644
-165410896
-30659706
-233540983
-12311046
-8685369
484437690
-271190523
-180605802
333533991
532629363
827239632
20215525
171436058
524081040
-863686512
8485104
958820976
-286351991
471179004
138763680
354823091
57316798
-921666971
5127759
-170740485
-190484641
14727110
820046640
3390485
181961136
402916521
4833759
426951000
702370768
-587946
-207490080
-21004061
161653050
-401964615
-410795070
567283152
-1977220
-162087996
180266118
106757937
-216045408
-184895120
-167003962
130752417
771281452
-652188
14411520
238847809
9974640
123782880
-736305936
-107403546
-7318053
-65973825
93148000
