1000
-57038100
255163356
295943445
46538936
-592699764
-482745600
-300790672
18021288
68747400
504819480
420090030
565615552
-90251675
415190037
281620431
470440320
-146753554
190856874
5404588
350662908
-615774621
65978866
408126168
125638560
-21376752
617802795
-19225765
149518512
332334548
102538663
-133020046
-1139292
-13074770
1005840
275560197
-185208111
148819720
-98655375
328218984
266127078
130529525
505558075
23577183
-870622020
-172384056
111595016
-81530864
-62371386
-634162710
101973308
-287782110
486266330
51718297
4120360
-706378200
-146848992
-246648690
-311974350
789409152
192860338
-441363060
-409358838
22217390
-7844395
-87997329
55750923
-182369712
414376105
-126478011
-209603520
-101801835
116210424
166232610
366171484
333045048
-850355328
-64242045
347888790
-437395448
11942580
-7559288
160149322
520226900
-699452977
-57928014
-9085128
296874044
-570218452
30000930
-256815097
67075050
-84217326
142901099
222047740
786752
-192700770
93963165
-53796624
-162080892
586784913
446244770
452429680
94707724
-71372731
-569420697
-85666261
181916432
891674028
9919896
-421026660
376716507
-170523587
-399012096
-324315504
-191920740
-240289504
728679227
6072414
-577145982
240739992
-355413464
-287196
-130647175
-293290464
196794012
-1026670720
71601255
242167754
-6968893
258516460
-209861655
-231077704
135016546
25333576
-182991036
238036460
-785607900
-438011511
654610
163763756
-333159177
6056934
-72070968
-225115950
88910640
-97226976
376068550
-177446934
183866193
139880318
-385485780
-472672246
-160591950
422440903
129480687
101171354
21080204
-156139650
426628398
127330
657093484
8798398
-75737061
309300108
-513705584
207078216
-62288800
-163537500
98881682
-35982512
-199858939
-166334688
345118189
513568911
-379271492
141218517
-852413940
-123923935
272996640
-297914160
51569655
19713350
567186765
216085430
219391494
319197610
-146772164
351130711
-40860512
157176375
-492472980
-634023720
306744700
-16242021
-189367452
-425405305
258504275
10084512
-127415223
-89099010
-608762184
153092937
-370478572
-230146560
82832644
871836546
276465162
-521262245
420457600
58345550
413842110
-417748604
-601999632
-468592488
289054518
219072960
1009681192
168793632
97426572
459477382
99884953
-227906754
-31012956
278887419
123098950
175284690
319247370
179513350
15950403
-719931632
669552
267827260
-41831257
412976492
-322876936
-385579656
-482743571
-73599964
625817088
49922211
334417299
-722355909
7418229
-168548406
-406981520
-162299520
32329416
113275162
872498905
-32637774
50989841
1019676
-42573195
-46000731
388929853
348583059
48211425
-180536631
66367144
-294884800
-8405694
5444937
284452910
268357874
49632784
58914880
416729102
-416651817
663874565
622939606
277681734
-203898184
-1586061
-279024786
301146262
-28126720
515007558
-20439000
483581660
365480712
-464194251
105947875
455676188
-2331774
79660445
-501795756
-325764236
260313588
72334260
368553758
-380322905
238737544
2421725
-35580402
-736414968
-195734600
-28204358
310164750
-309490958
-211774332
815865411
-68277966
166592140
-182635144
36665930
378995586
-29165451
-469025621
754897678
-827717
-350426571
201920604
-552361068
947586033
9961325
-209576616
687756699
19590407
736453993
-877713536
105623704
360852009
504777845
2940211
293651455
-470766642
-803148255
624062736
-277318334
-48646739
577437279
-60613056
-424438840
-206992159
161310232
-213232784
136005688
-47314638
-192994775
91842821
-124055896
-435271224
-170740079
-221461233
-438091020
24689600
609978141
-135036236
124327458
-34446522
33174432
-916047510
-609930713
-329579472
-59783002
-303399445
218611350
662372600
76708800
-455947560
89231292
-494624104
-447306596
-305380449
183794800
-581367656
913303206
-23637774
574927386
169149904
186135840
395266538
-121737070
218231112
7703850
-261999882
3297535
-300450150
14761560
371348502
249222456
-166472205
-376961930
265174616
-179326135
-921130920
330004610
335335386
44708734
-30059092
-115998720
-251299930
-124659990
-237722420
252604035
-30366894
248487402
19043712
-144853410
630552780
339349650
390572300
-743170596
248843764
198938672
-513507176
-896467614
-252230841
302116430
900693507
17881545
575224674
949218614
-163106872
-255255240
-140105680
543829286
370801872
69364065
254241325
3052032
257985073
13556640
29498106
-644083650
3131040
-65016000
-237468021
-224288028
-50894844
468367620
705824
137572568
-300586896
322493
-146180280
233661540
397158750
217576380
-394380992
325359198
588355248
8530752
95275740
-140821440
-619805571
-41879886
213055172
-469769175
-413420007
-160698801
-61447750
-590958883
329532655
-174328
-268864588
717874245
-154392804
126458269
-652971060
-257709235
-284343724
-649394108
-870248560
711391932
135615122
-348213547
-439643124
-419112746
235416937
-319784465
59407047
9617065
-130650879
141086484
4601450
-204563846
823606147
-38921344
40970475
-144184536
510552240
14110980
-333606504
75486652
943302826
45991011
346962218
304855798
-814610400
-56622271
583623118
2637194
-779208332
260847048
-327021618
81398876
307403044
-339814758
389245311
74683285
-148851549
-370225944
441435183
-566675172
606472720
247848755
299416404
743693349
-90574640
-11407552
282474054
308393260
605149830
-712049774
242504663
-2863350
-128558334
34110384
-21761023
112625100
27246420
-772887282
54707758
-172438870
194488231
-892058220
560410311
208099177
163800406
533656902
-602325376
39099864
458750925
331080162
-427081932
122325005
184546755
5039658
-171927908
43256169
-720651600
-164973725
-60107778
249435500
-348678330
535178160
98656275
-811258783
401386041
-168113589
59557150
-242582991
-124525620
-29083320
203617298
33675576
-28650636
-753045765
101833914
-185961846
-165072012
-300245176
-1815499
262054194
-740528833
575924232
-31547084
-181131650
455442918
332515428
-706938570
587118195
-44132560
859377840
26195000
205645440
179847280
558581720
465899244
-289802690
107317008
-25147824
-177086712
31693648
281836622
-157958768
-219401000
-314114640
577518968
-63395431
-233667504
363360890
-160464768
16298928
172572506
14693332
-259921858
177404409
-638625508
-55201932
-61014513
-383215896
33759000
-515293518
54207690
-302357280
-23960350
35653800
329878440
-107742430
-270589470
-25473309
17127516
257975697
-204071220
285109356
550000760
-600715170
-420332090
-476811424
7893072
45624942
-412751932
92708
-244533840
-166672948
-772519542
535975845
-501236775
618406546
-3866388
-66660288
-11745844
66182624
194024048
84443026
-255909772
175187425
-69784660
395291880
497099826
256079680
-64491360
217904344
12906165
44075210
85200744
-171581400
-96167354
900714299
163756352
-47044476
112133120
-524510400
-351211022
-87082860
-407395050
-769951200
151269120
-6794192
348256020
-152616120
802709605
-197889300
-50381535
-119118478
-174587582
-50570100
217525734
-12513955
86279396
112431596
-84403116
-280332973
-30161760
-209629854
-3039666
769044432
-89125938
-383194240
449790020
21191544
-155518416
-781988661
-683458928
-32311584
-127621242
91894178
40556944
190874556
-183142825
129717274
-1705260
-127951893
-278138402
-142699050
-696632397
754762482
787201568
76979518
22894703
-16032640
-755206218
-1271764
-397625292
25805508
-51690912
2367483
284998770
-64466325
1000924
-246486463
44714448
-111299424
-133929266
-41956002
591212160
-320676916
448780662
-6248158
14739160
83444480
575873975
296003565
328504491
354853050
376561900
-593661679
124197528
330422120
-9755407
484322747
-53422740
22658496
611647555
-327989654
-44973148
324749763
-97577910
520835898
16076454
111875742
138002292
13798512
-245035120
12087510
81035996
183289548
308530365
761412516
-220668404
104349350
645428
231936630
-712486500
-273709916
548387004
-217223272
-150862485
-230649705
119848561
-93323600
-228959430
425549410
387927831
199086756
495477592
-949762235
-27156528
-804857625
-410172834
57162804
64766472
-359917260
-50783964
389647480
1591040
-168283050
-288802440
-624700884
144126521
-14486754
303850590
-737926360
-149548924
205299790
708037719
418524435
660379943
322578529
816362644
-447092400
352622955
-109554900
230213750
269136322
-122126081
206403612
112860702
35359530
328326340
-214833100
-176256972
242138160
-438781648
988187166
35454192
115590756
-139193032
265030150
102020310
-4955535
224991460
65078398
-647690918
-614412000
-629148080
482186698
-248407334
322771829
-482578733
74418631
-230743227
-494351476
-112686564
65006808
-382402391
-383683682
99237410
472035916
50000757
-438403140
164478195
-407743596
1975358
126207666
144818409
98846448
-411233888
-27120348
-32450744
260599475
-29463772
-505110330
-279179738
-295645932
-478359328
31192434
-589717377
-130490705
258901011
-1888167
-601522026
-211093382
564791030
-423553656
155144932
-306334975
626440545
110940192
-265420470
244314096
-324298186
101469008
148539325
-405135104
758574810
-44162226
-188709312
-27112931
-75642754
-387573690
523878600
-87925145
35353626
-22310398
196004475
-59577795
-363417089
8864388
-43155003
345985035
304590125
-379743240
14738400
-558565399
-18744000
-121146963
231509320
-357213070
-8450750
-668379264
-610088949
-103007535
-857485930
-103073184
-178103856
-317388558
202987960
560172080
-201613050
-89615075
195388662
-480427816
-5484198
107266107
-68482722
-606289320
951134448
33879780
-296309628
717383106
487320636
-30851340
-1905213
-35156782
495638750
-332630290
-178098162
-935531328
-709870187
409575503
393138712
-10636048
148269212
-2146848
-57880742
133672136
210174768
761233968
-517118564
109046112
-35343155
-477406787
-89517606
104903736
-403326963
-22003032
772624160
10114208
311391456
76802024
252155612
-6871234
4590432
393145720
220625410
95012811
-353166628
-949396352
379368450
-665478170
11066835
35055474
39144372
-765656220
265513882
46876710
-8123310
-247175306
869823993
402013728
-547228587
10530588
341541210
-440635617
42752612
13685408
-206613450
641615469
595877928
-57339576
-257750928
31685715
47126498
-102062727
13774075
798801862
890220595
644979456
73455564
-825839712
581335450
-88751484
358890675
-400232016
-133392920
-628841560
-449423100
-114318702
235311939
9761215
-352782671
751033512
542714256
690328786
-46242190
653539878
275893956
