1000
479663160
-91078038
39057809
37863105
30048905
-480655375
746432928
-597007803
330308628
-304464622
489011018
-25977410
-342734920
-683019308
-395119438
-847404192
-662508378
-1115730
11669418
45173232
-374815155
98684718
-258111782
-303233072
-38239674
-386334156
-157201973
215646941
636986571
-32363440
408371920
220121758
-300670260
1133532
153141225
29924828
-354931664
182067090
-224127456
290897558
141278406
322151645
-841320
198862173
-291911120
-457783460
94844242
-364723112
194841423
913633470
-68409264
374865232
308264058
419233620
395267491
-57342048
715207424
527811326
188369275
-526047044
363352920
48112794
-453163050
480346074
144870306
-147120098
-497743128
721096680
97494111
6580860
-361552008
-59649580
440754120
1254736
475525915
75195840
-222351536
47795874
-238869424
-106429194
107599303
-188522802
-11745810
126255390
615989556
677383515
297747100
-180333264
-104475540
-27209101
5158503
136826973
706075847
-40042095
59235792
-23984612
9244774
-576174090
151920468
289902560
259163164
270682738
20733600
-17856660
71646432
-89968401
-177338304
-68901840
603454116
5183024
107531417
-129756353
78821386
-326672424
115646764
23743088
-290914582
98561256
15435270
565897680
3040401
205002798
-282184056
356226864
-282597372
-73546740
-54473034
464498347
-591513168
-172529070
973958103
107534175
2051715
-89898932
-29386344
473691078
23597018
29889034
25203984
-300268800
347636608
330033151
-24018656
112955976
-736497
164793512
66115452
297252525
533591085
-57141760
108531804
-302021202
-160862764
-24321000
175582975
-335681820
158356798
-58428103
-20316867
-82535596
340503710
-41388182
-420669246
-121090309
-488506240
-53557504
603181020
204583460
127846880
34010000
238127521
111953432
180885440
534000039
252896195
125012976
-248204868
-8086650
309517824
-360518238
48621628
121238415
78209937
40757171
-181827262
-34336014
-935578434
-145818563
497909760
80139780
183926032
386690031
596752944
-457221867
-263563984
-8441069
-421982220
340176375
-105288615
-964766726
654455442
379826650
-195545985
231977775
-299949564
-188809344
40117376
-140750980
-161371140
-348711804
-43459830
-196506261
48219948
74780111
-39742490
-636222184
-241206768
673499740
121339504
-311383747
-574495150
-527343122
199173845
-115051488
-107519616
29296386
143841715
54940288
12236358
-14520090
-20365255
-749256464
-157162437
-194966400
146046100
-162201928
-744061630
-175097680
298449495
-233346216
-111510
-4615583
-350585118
338915048
179327670
426294778
-18776532
-255356640
-213665361
-36818181
269957116
30891168
-126853980
234428304
27801207
707301980
-423467891
405701874
-44945620
431232760
77365820
8750136
-1190550
237078180
266689094
-199773936
-444333333
470773996
-348095076
129414220
296027136
-66660181
25615274
110067620
9709448
79070367
144030600
-34157658
12650741
-131682408
292341270
-130725777
-268027900
49229225
628171245
240663864
13219180
701832994
-23419522
474152602
72239310
-27387976
-118685772
56336928
-325221840
-104111232
45164448
-247118170
23114382
-8531280
386316772
-514499577
8331088
-339200460
-73076752
-433315757
157802470
-111606624
-715356120
153850193
-388495194
-387731616
-297130512
-56900781
340269260
43982270
21329427
-178239768
-25857505
-444195080
307513695
-72446010
-545474720
-650958682
-77611194
37330812
-19160604
4576616
-115976728
-301051416
399842254
-15097137
136928344
-352635452
85314735
1415424
60072642
-399426322
290691034
-76199193
52663926
321714378
146174236
326239249
-46721682
165412570
-250112135
492151136
-306233161
-19689426
-209495340
3816516
-130740341
580489956
-77592284
1098552
-186884016
-167707396
-372876042
66555636
-191894040
-324800520
-12451990
35218784
163422747
166591240
-347811840
-29386400
294309078
98292474
23552124
789530730
794232357
-214864
502166988
142373361
398769382
193561082
220559640
148732380
295684752
-118166464
497990500
-99109858
377345640
99085602
-101829504
-85637705
38034846
12366816
285815688
98366125
-544641217
174888500
-459027090
-197966496
-518197022
608731508
616430760
51372300
-39285675
-556758328
8019000
-3222524
-11327610
711950400
-383770852
-171249052
521834112
949350783
265010918
240871930
721928370
49743405
-327685370
-79064250
-234367467
440944725
-93971684
-588275840
-22936876
996816765
107743085
190439312
490022288
-282789876
-527062125
49397272
-141155664
309432480
-465518955
-183399120
328118265
-363290784
-166192488
376694850
-627576327
-2501760
-244700472
-37737484
13065209
171857862
-265504824
78671264
614394385
-232350633
59010012
378508388
10208048
-223055139
-153046464
408784960
40944395
570590625
-148736587
131182818
-69988650
-9537258
-11371776
120260448
-4883346
407311212
13396178
14671360
445999776
-322457456
-94655697
-172857433
198705252
399944140
-283185315
377912547
-67109560
-71334500
-454659400
6785496
161391804
-758683184
-35374150
-7808760
-359967055
-59339832
250983525
-227409984
473555526
55152
534496188
170995995
-549828944
-304104382
-25410359
-82709955
-221253120
-149856688
-289089000
-917455196
-64070616
20656545
-80132382
-297691841
-14194440
307799076
-63619610
328014604
304604176
-552587152
-362983824
185955448
-565029556
149507582
237267030
21480888
3444593
-549671380
21243537
219301584
-352617532
-487523610
-769165690
10018356
262535400
-310190040
366360232
746076672
72751018
81579905
-84076496
164025206
171897442
-398501700
-481279060
223286778
248138852
278152172
-289799985
-690964740
-191290710
-197519796
-390393476
-52045821
-476235172
125991723
30956728
970847184
-34195856
-567961563
-4154400
-40369923
205803372
689714095
-297883672
-544939140
454623250
-40526543
-969776640
-261514176
-48860235
8197712
-61644120
-69187008
54411747
-370277840
-14725341
118824035
-449833965
164757296
418256557
637668831
124853256
188602524
-251993176
-718573534
-704072664
294764655
303183303
-436955301
595571535
-173201960
-90699240
45800176
455102886
257774604
159396414
-51557856
93089142
-199685448
177221250
-177897870
116842559
213330260
131077750
-4992060
-549657910
29268750
186457887
-97441246
151610140
-167023593
-486387741
-5626180
-44883756
130685716
125538232
-380369757
253183702
33147324
1443411
11553630
-156459500
35131050
-475094334
330994434
-77797223
16455180
613323428
884634660
-359883216
160234578
-350390677
27373434
489678918
-157718088
-883686625
206559648
291634150
-538647438
42554490
398690205
49615896
-173161296
154356415
-750201220
333798864
-11358028
212167566
159659190
124360236
-818858967
58219705
-93449664
-728630147
-208660974
774884475
-555796242
106777398
-504207528
341557452
118051968
-109351984
457930572
-23528952
872028396
-288289809
78590400
-319945625
563767772
534605760
11774870
2344680
-97956876
-446455022
-235345407
-925555260
-140004130
-183277404
879833456
255384544
117243972
179184720
2935260
266467130
-1381503
-574729584
247016192
531120550
181346358
-93771776
13764642
26227458
-266946505
-360421684
-621668256
252100550
-266599261
95163272
-76327275
-227713659
-432792486
-26117712
742615182
366628556
-438734212
-9369198
-350331626
145631200
-387267480
400714776
-967527
520630845
-90370728
423149220
40373444
-438600501
-11306490
867194226
-124437184
-689028508
-24275930
-90743065
457214550
-313814982
-14705115
103079340
-110954934
6861484
-212900688
407662344
-19208319
388419266
-403528320
-103052656
-277151400
1692064
310701789
655103234
116997804
-12547600
-304677480
-781337118
-809642480
336455912
252783279
-34440697
516801884
496915003
482549456
206343909
-188524560
-248607496
-89008901
-66485313
5475622
-11430096
202646426
17247516
-55069092
-469427360
-85014084
-264149418
-436228192
-280540731
624518000
-528509814
271607072
-2229360
-12342000
-718630875
-93015450
-202275333
273582418
1010796
-67973919
-460399770
43727689
296708145
673042920
154755154
-435837792
-8014248
45413775
-74760048
89532368
-50802172
807906720
312975819
241411798
-11325903
-125121390
460033938
407479985
86146095
840697472
246992400
15028884
548300346
202550250
-244438572
-26938968
-298528884
40780125
-39726765
-40353516
19071940
296918160
-863199288
-106974598
-50331556
-165448260
6220736
249145641
183710449
-701127260
-289871716
58507220
150545920
-93573906
-324822630
-140947940
178763585
402903328
-308761476
174415740
880709920
-200330241
-640136760
116142720
-591716960
-146171732
11108948
183339622
35449711
33224490
-165047091
171616681
602083140
-390294528
-38734902
24744497
-93851919
-133042000
-505928200
65404206
40269474
-238766481
-800437392
895802030
-224144622
186103964
46818560
-483357413
194631549
447863038
779719275
187026000
-279389694
-120437542
231615888
275615240
56928494
578636694
-506650229
193167246
-85071975
-6449512
-511620096
294555345
-2416860
-202413019
-725807614
-228019740
-11939718
-431990574
438009150
-601965154
37954300
-178031595
83091937
-76496736
45077928
38428890
-37257767
-336710248
64849125
280692831
430762752
535567984
63500192
-193871616
2637362
-205341966
-310390090
-524587386
341698650
243420296
-837765891
182136780
-37328750
-681095884
-82197684
-841426488
-176797773
496335161
-846567600
-137877267
34861733
-225304778
156183370
98785056
-278368608
-67859267
42940898
248371194
-261723461
-106208616
-14216985
-585833784
53144601
325190756
445996800
-6784653
367229875
366509250
64503992
-110075370
-232844736
443408204
299583280
-701272722
77893858
-295170180
2060864
148516992
246731272
-413545978
276794981
330492327
227024595
201620928
-387849161
-337255923
136321458
-295381175
825980220
-115347144
90053920
-462321216
-75722456
35820510
48562158
211754680
-215259281
101893584
172307827
-160162744
222943185
240502880
-134119796
-158551656
-259344992
-730447818
-244507120
114597444
-331660480
272762100
7024352
493886456
217920785
-578344008
45305694
14533400
55052500
-2586329
-605622260
-23126044
90209520
470300675
176898010
-246694668
899630004
33000492
264977742
57377810
404385848
83454750
215186620
319335896
-133808235
-262901552
-6732936
-749884705
343886075
-608105232
258694767
104692303
-423173916
33774576
-2744049
-627574066
9889595
168820943
700150976
-46957638
-516436140
306117840
57615600
-179490286
529488640
-94954815
34068472
-99582732
