1000
-103537378
516509742
-213769290
187308020
-464767160
213480792
274185384
-247542190
-297491642
-851400
-266434922
-148628040
-239975820
-136859520
-156121252
-39460680
-330653624
-800527448
-16154908
-417509248
-414721953
-182996380
26050560
66526680
33859440
-133460571
172148190
588613104
89799185
-640238410
-317208384
27513576
-326320045
200679352
49367916
520960244
111962730
309863008
-16334232
620315866
-104883458
297724604
698110270
-138001682
7663151
17969612
-292180122
673697814
17323761
-19764540
114117096
759976092
260185884
830226261
278366971
5830126
-114621250
255717504
416330840
747402436
803935674
-113136768
119550836
510751616
-194886440
-385074060
-198536030
20104380
-209620047
-26662020
75035660
-362014735
21137600
563299785
543559360
960629922
-118003920
31838274
-180217428
39485937
395719021
581830080
61521482
22484124
546648488
576475200
462608874
345225258
383449536
-379229410
143505936
-66961427
-200919996
35939016
-675391752
-156146598
648011168
2236520
165061494
-82528609
484165200
178205265
-51217857
67526550
831906195
-302432310
-359455763
14886359
-30773771
462048123
-404558649
92031610
-81868605
-352272752
272125440
-222354102
-645676815
13616922
-214708505
444067351
131765760
-622395479
10966234
-169654706
330047868
-151146524
40171540
3116124
213292976
-214906867
-160975100
-81774154
198616278
373467480
758412516
426557814
78286164
472885555
183294859
-241136334
-245820072
384489366
-168415992
305073
272117223
-4594793
996660
817788265
-85847804
10340176
329486040
-55046816
-539048367
-106306200
-21167566
-159386130
-41872176
-486053460
-35874630
-117930716
-646422310
199684536
-15112500
-69747804
15718656
702814105
94288546
113762176
-259280106
-752406264
-227917312
-25709943
610183328
-888045560
-179886072
-611902262
100351718
-124852624
380192760
-8140515
429263744
8699820
10355902
-683052108
85542730
785032996
-25317676
736864116
541335960
-224091681
-355546264
806140202
339776544
312899634
-165809864
-169347057
-188662400
-35880636
418605552
661154517
-199694706
-355034880
907845042
-61306842
298974600
105229880
125072778
-998262825
25102008
55827610
-152641272
140388066
412623386
-458361540
703071360
14007568
67277244
-165372300
-28727088
297057830
299947968
208946133
76608198
-19579717
509766723
329325040
-9409620
-375969816
-182314737
537280920
175436345
750130896
-173888
282454560
738530602
-163897812
-355975790
564379476
-839583726
143224065
-215040633
534291840
-208731785
-48653112
-148168585
434254720
205819939
129281130
-586524213
-96730100
122846685
149946460
127323926
-19590336
396548064
198873272
358488909
153612888
-589082382
-231686532
136198270
-526408916
322415544
603260176
82337016
-44689918
63565020
-118722306
-536447304
804118186
46821320
541063119
-150762126
41081580
15979500
595188583
473706827
286317044
265543362
-328243344
191824872
150957620
-114303098
130199040
-233110788
714823248
509408172
-382411800
-359685318
601528413
35618122
76340480
568617280
-489428290
13404236
12375162
243536436
-44386872
414880750
-370977192
2635868
-253337216
-957788
-335231336
103068594
-68060811
-132069540
415994760
124748349
337100913
-89102060
-546490959
207203528
-325219880
43546431
123561632
174304585
171095598
352281300
174661432
-399977280
-196949962
364494596
112629060
-99579348
-88273971
-83289035
739227024
189757278
-144832020
290739750
-460418913
101334249
127247436
7763186
469571997
-13163633
141924384
528618565
-555341956
-468726354
409468260
-114043304
125262384
-877782672
541210803
-352008688
57575350
-9670518
180747699
-207210452
211967520
337418910
474837174
-200091976
460868310
-2530385
7478640
-36764741
583169625
-16500568
325683897
278200997
-774781390
-26100656
10231408
41569799
-167424213
-561313635
142031904
-53280900
436390686
418608264
-378242256
158545900
-637777236
215839582
123261542
570274128
4049488
171774096
-118816776
-337092968
200450912
-659986962
-459209179
456461712
-643309378
103332170
-609351665
379762992
-485474616
-136798272
860788215
217157568
-480329190
-507574067
119095274
-847852500
-178988544
287413280
602090925
-400690643
740555812
7233824
495807600
-160416720
350438616
368020428
-529220608
-26832400
2258845
290126863
289965324
8532724
624702059
-608703088
-266676780
-180716562
-120691480
258422967
263812844
-67530400
-13546694
-321383142
26382184
75613230
-247782732
51831456
155092452
-298005104
-428381658
-589254771
-222200960
81505248
-38846748
-9629388
11534653
69803377
268884
-519438352
-104318980
72702781
340601856
141652500
157217800
-30293316
-69595836
65116324
158185660
501748658
-221784170
-264545028
12102831
-60986440
213877824
428447328
-545759179
54096978
-502416696
-590811375
-372973354
-360001388
-408991877
-199028746
-317109690
-21033675
-453908
225316795
386680872
13650318
166948519
432087920
-33019360
-677755295
-238620907
-329787780
306642948
65022810
-27284480
-38597744
286914368
137625052
52418240
94476972
-579734067
112220493
241702272
470328341
207958560
-80851383
231022374
-13728015
61787913
274300398
-555267591
66362802
-49382748
311501938
642704496
-186918624
-735633565
-544834597
-385918324
-6210932
-238747722
-10559185
-129434328
-282228284
-152164872
588796928
69774276
432175785
-3123480
-48178908
-757361499
2139893
4362534
203337530
-264635424
-42040372
-81711400
223294440
103584456
-250755402
37267181
49960666
-122461680
-438471810
-80219977
-495185152
316742616
-131277120
152416803
-253086470
304704738
-59245632
143023772
-785837680
186555600
31528625
105494862
-551638168
422945360
443653250
247606164
63322335
-22541168
71360828
-559587392
7370278
-796197195
52511706
553453296
14639408
55664469
-233536869
189583450
-446849792
-243088662
-14545650
647840725
-510200698
343221201
-511937881
370721350
-245039384
-22676137
-141939875
22883504
-248392080
17540978
299905474
-292632795
-325030820
163300186
380015090
-104242398
-223107248
185541006
42646960
-4754285
56476614
10419123
727838934
-46367961
-710029881
-654644240
-204806835
-382155852
-24814692
306669825
261788800
5941353
129303040
173295420
-83611766
137336160
-478066833
-308085009
-95149712
360762612
-395935941
-25067060
-331894310
-147888036
-187316676
13067995
328888000
-965276430
241130125
-609375470
470578776
-170244585
59636872
-101897519
93725775
71023890
501556050
802937952
369823905
206400903
8924760
-410301970
320769050
-211244605
-462184770
-284128816
826491380
598248819
-142016904
-664417218
555073551
37170796
187583010
-813834744
-350770176
-598509105
-274899550
-864192120
-395130764
37209396
335479690
418970025
-493933713
85811440
239820914
75236428
-130007612
99332779
-8493872
674679432
-96840198
1612884
688724886
412637337
26823866
-810774657
138178755
-290414665
-83626720
-679652080
224521380
-20564076
111121821
9195543
114216600
318831970
374347048
5780030
-51321935
72619716
368667469
-499360407
-865428777
-192124800
350313370
-421089980
-7856100
120660022
-109240110
-18008576
303682302
-305346496
-79555700
-384572308
-262788339
35753250
-519823356
-21286408
-494369772
-405859825
500445144
158570064
473488397
61941066
71836648
571642545
-197426784
-589189040
19011463
-792470994
7788936
-429126500
493664822
-299116916
-15493500
443664288
24708166
144259830
347866740
83144204
124525240
110653920
161390610
242522575
-440827057
16449300
-24357508
-53795521
108119992
-336247663
-17917592
-162987594
924937296
30785428
-24292048
41732568
-200840175
357937296
631015605
-75471914
-51533624
-73921032
309120756
-838105947
-117478530
-131388349
-234737028
-90083240
-154108527
263881800
-97473464
261894906
-362130300
-10637369
-229973562
-253507534
-65938980
-98316104
156402576
-110986316
447615
6110260
379440800
-190009260
-213041280
47619726
289984476
-77505559
595517652
-410143200
-1396845
78987366
72471492
-1828112
-170089682
-10875347
-278593704
828035196
-368339870
47205800
-78711958
-314314704
16136201
294522774
-84172375
141184230
-25370682
-33902663
-17510141
53472246
247416770
501158979
-203952364
-16314676
125721840
426576075
73470592
-205934600
4187033
-7129800
-25311564
-234807672
40981626
-253993232
250680996
-352194887
84072872
146895048
-167215360
-38035194
-13041600
-414364236
411442152
-704817050
-192093534
507296920
133194932
534992082
430658982
214974071
452941896
24724200
1013928642
764084895
-869851440
181129078
139612536
799107210
60454061
462415120
-205533072
48586910
665835601
-274552380
285498771
79449024
862745550
3558144
300309267
-930392976
340318874
-240385840
125666667
436372632
39112524
-512525000
-95095840
1989785
-373397232
16717680
-461947900
-85524841
-166870368
255507345
-515845770
251628525
-209717968
-886861172
5806725
302949108
-616447425
-68576400
-23046382
-28437300
-443760510
-3647025
-68246740
-359783856
674913978
-224752572
-563232360
193393035
22430244
252813240
-70005329
108643248
-18857390
94281396
128293060
-90652956
-351080880
10604844
-307704352
171103906
329834778
271554250
-229785048
23683860
12094032
-7569450
738313320
91090986
373937810
-407582344
140863872
62341976
285448319
186638466
615142544
298311720
338389165
-775873791
-116166525
239854945
12426498
-145718822
281324800
-4540180
-332170941
104244096
42177575
-376651110
806745732
19350144
802550118
215180896
23408868
-41187975
79535126
-102829188
528046170
-361996572
-296061723
-256812608
102875968
-199696044
504870912
5944765
-15486182
6688026
-754007189
-22390992
-593810250
-617682362
111504976
-324955900
-136094574
199129500
-64088064
-637806
166494128
-80594136
286771350
132056225
2599282
-105052311
10989864
-666158180
-445250000
-94324347
-364755226
490642642
65737656
-218557440
-37443906
-730277680
-223973898
175245000
-54863878
733107501
-41332371
-812629488
515123917
-179237640
65326833
121173892
454540257
-325233615
-422792007
-243712176
-10652151
128909330
227509731
435585696
-209556367
100586847
18234545
-541475335
-916855240
981900000
92521830
-160961112
24001164
-187696413
-186156315
-185094040
-327062754
182257956
-393671564
-130498441
-260494570
38874132
-150681366
347481108
273261520
106998234
-340164914
-77562480
-7334490
373743335
-165667791
507131994
145865730
298169341
810191076
33739839
-57063270
-244935832
