1000
-235976400
188120772
589388096
189924177
51178985
670963810
21081528
127089338
-687232
565359825
630216507
-224134528
-184653666
43458669
-53302235
172532890
-155692188
-948262316
-305786424
-40500240
-586367790
260635856
186062487
-318478046
392254125
-244203181
59367950
390956887
-143841024
-284704580
-46781116
-25611789
1614267
10545000
488502030
12419217
515102487
358238665
-785210166
351790686
284667182
379860432
577431276
123287328
-17059470
-309952566
-36139279
-794341884
-87079223
67129242
125772256
348184534
-374485127
116162233
215634000
-315998172
-70298423
473307494
174725100
-232245545
246176370
15529545
27573814
657149389
-108396886
-87713120
-31303080
250190528
382017880
-964495644
-2438741
87657435
19344429
981600642
-24754015
107125398
550743808
-896480136
-43658680
-242975688
-38278920
-36623616
-349262528
-138482918
283154535
-306298845
-304174325
400796454
-181726947
229166080
-442189380
-7810425
188847048
822651885
194140848
-68891655
-93571076
625545118
263479775
49691864
-508714336
111964620
-845328000
393252156
378971184
-158330214
-401791032
3041340
-110200216
-27452828
751114533
264095843
272122150
27604200
-72713409
-409539299
-444115196
8972640
28656000
329339689
250539606
518832719
870663021
-457035480
803666160
-353750758
125598275
322204546
-856270640
77942774
-397505156
-33260176
528582642
-367303803
-180274185
148759626
-258767712
225352746
4114380
588355326
-5964244
-310916472
-26574614
19747468
121689832
-525307874
-247383734
29090992
46371357
185514228
40420539
-32731292
-115201436
37048310
48866247
-529954879
-334329048
-450196714
378170793
-235259000
-8463760
-269265040
967774908
-284743836
9223214
-20280756
353795970
125584148
-541483380
101836871
-4466050
12094650
347130970
-151813330
554000504
77130900
-361640260
-290462200
-162576603
-464366533
348041915
916846788
459058230
-182525670
-34718460
-38380532
-211398495
-832981408
31574838
42775992
1350228
155824498
146373900
43257175
37212742
-106566576
-637296960
-351054374
91696776
-6093900
-82107800
191140350
396823002
77397754
421132682
-699591680
41211226
301477062
478237620
-66879045
-112670845
337212450
-115271700
95767560
-3747750
-107228214
602773152
-52424600
-622990560
-295430200
-389406511
-286354807
10880262
59974200
-47936112
-365713877
167034994
-194338405
-132778422
82009372
-510005754
735971832
79325948
-489748928
-88821405
462009576
-312683758
316092298
-2835768
-192337392
65173857
526658706
323059010
56407428
2326500
-121354632
7037836
-280538620
-77256816
-38954680
-84040200
-271386584
445004966
521300328
-159760990
-702687520
39852880
-167848480
302780088
111708500
-243108364
-96639633
516543035
-33319644
175691056
-266253845
-283607400
840957888
-123182696
45040360
-530869116
-823103960
-130213933
-211046640
419565111
-51959174
43354818
-356121684
-285809250
897633166
-326760538
4194060
-424683792
-3500350
677371953
-162906336
386062525
-272855010
450783948
27337198
254674944
134193384
83499636
-981715565
-370055070
-95767945
26877970
-115289438
229896706
448702463
57312706
-63192231
-487409200
-364630308
200386116
5364828
-2289276
212793205
-130390855
362635384
238411772
-24583632
339405840
-49452858
-630635661
98426718
415347570
553473810
-603874078
-103923022
-497003738
-131095061
-409859845
-8543312
-107194830
-251356
56114919
144230832
-449667295
-497369262
48361430
216799725
-154711116
-235793175
-167846800
-96461274
46581824
-92392147
-399695279
17083044
43815100
-74035064
-130947540
62282664
-552000612
-75062292
126950496
500082000
-206120232
-71534684
31084470
-35549664
-200649240
-655549164
-297784512
-334437220
572775685
-277815510
108692166
133763424
-93836067
524448672
453404442
-319466160
-345398774
-30297400
-558953150
-536726034
-279549112
-36305931
-182867496
133130250
-20928024
-261385932
-34544164
-227678304
37979200
94327794
71238657
530345928
-94824470
-137851399
-154440882
158721155
-577913390
-457845550
175143936
345332712
394460388
69757206
-79021416
-119529834
119947343
101517356
-368559846
-37000752
-257185026
282077400
28329750
-133336298
559598355
84938330
746457808
-303009500
-292414427
112231824
687021270
341859511
484064301
-139682535
-4022217
-410373108
609405483
392860512
-23459852
-743850980
-125161645
616004712
660540
-66685681
43684338
-271511032
-667654866
-308123564
-229040630
46402181
-419656664
188255808
-191909424
-101773875
335843690
-603045720
191118966
-430531200
589023064
-61197450
-298179336
42768306
291284273
-242367400
132264162
8584791
160100000
-148350773
454402669
-197738975
-327085290
118693372
-17855123
240545082
13450500
-168567048
41521040
-186408365
-391953326
12790165
-128994296
-671950086
321953089
460240875
-168547420
-697503300
-15206772
158031150
-148186820
-86993728
-43934860
-108331230
-13026165
346126596
-10564732
-133793496
606962313
351687626
7854629
119368414
-313541883
-147583048
644928750
163528797
-743791308
69577712
140992533
497203172
85314645
-89733570
-310853366
-49225948
-269608509
-448989975
129486550
-9983200
8703520
152566560
8847609
6497971
-137463235
-278002062
-225860256
-35917047
24673194
103126050
-56649435
-587757954
-42018742
-23483225
307905306
655141656
-318313545
224131609
-809823660
-82078661
167003424
187887096
651886504
-4725534
-384334488
321161094
228417978
442832740
74914560
-316443393
12048384
-471218220
-295163958
418366296
-352512864
547027836
-84065632
1049208150
-470308855
253229368
-580495825
-748135720
-548730
-161616178
-117729270
431297946
-41007384
-57767148
243236292
593424000
-242429040
310269896
-331004550
222640860
-589671881
536821011
479910314
-707212073
311146724
16176356
53477786
-300239370
5671234
601335350
-17271000
607426443
-232122448
384970918
327508360
811549128
246371706
363264440
380506399
695745672
534689984
170783745
-219182534
115215072
353133696
379669803
409484642
-33302604
-997813197
-337525608
-42229073
-180735618
57648942
-13812474
-314176853
-209751766
-231390710
238456582
-3191440
939358824
5573750
-205347936
54036936
31493894
291680277
-372504424
-579927773
88818832
-8637576
2137014
117675264
89544479
-87600735
10071280
265477257
-138597480
501254334
-108349186
-69653532
-165501560
251223933
39830140
467409450
9707220
-146923632
114504912
-145590788
52546134
9283296
211762320
854338176
455209923
-60231670
2385817
-374734734
-558066195
40964647
-590509296
771783726
44561370
-187805034
-1824572
-705546
88582530
187828753
-298275918
-493438845
93181004
810648829
-53163584
129622317
-43807929
-214047870
-173172108
182005670
125804216
27349056
-162602310
-58160355
-674485984
-355613248
693670005
878499513
803942900
-104121083
-193625070
-47368206
363974881
385758420
104716950
114485668
-226070403
-110145992
-469538478
327540066
-243117315
-88955456
-21594495
29750886
-468469680
-104064352
78757932
7919576
-418669578
154728475
30256408
12757280
371144069
99330792
365271699
586423125
55722066
-121524760
-212312040
-697284240
-320880336
-253908738
5760054
692017030
365194000
10560396
-877535256
452780146
-137056282
206208576
-262541727
137498592
416990007
-840909582
-70276915
-5794932
-247254560
-202384595
-177155111
692815490
348910
-42857744
152844120
-295608600
80636094
-639318895
338340789
105429639
-67040968
564193719
214473240
494174416
-8347684
-52525880
-313501440
-95982585
228619132
354853290
364765626
619309536
-235621152
-50557696
-229293588
-55379676
38951250
158484798
-585840360
-353687814
337445044
103629988
324409705
594025671
629789160
-66327331
280319546
-24388400
359124696
-323732585
-285263436
-232515192
-245486262
777992166
-309764832
55220928
26237841
-102692291
533054643
76422510
-926102421
-311926635
145495101
-2124216
73478256
-55289648
18760245
497644664
-310337412
58683966
318633092
-771313644
-245461
155867272
-195341494
126416750
-26785131
151772452
191332998
-625382121
100746512
-702895386
219873726
918313786
-248318144
524977068
-72094880
-668649414
-203764389
94264530
-187493268
-160223887
168918387
428440298
-397616270
-70439040
344693184
10060512
339557088
-3253520
467737008
55857046
88844492
573314913
-95618550
6945237
-45934437
-6536993
644052764
65704212
-38704550
259837200
-75251148
-338203540
1423245
359800875
-31849389
476691881
668450496
-339109750
18185658
81973585
133575000
-9782961
-882614255
595941420
153452805
-224315000
-86990778
128750256
282836992
-409396572
-239898776
268544610
50862224
429644544
-2640534
-8492541
212927949
23222751
96902144
171460640
-131722896
56828400
-400016590
-418428243
-107869156
666548576
28851857
145772704
271046034
-436658890
102994296
102326704
-36789389
122570759
-463590000
-495819425
-201265330
35941209
10324240
-11363180
-14584656
-235094244
341445841
-36582714
88515128
201375200
266016992
-72413992
-588189251
-2152570
-9006675
145940760
73176444
225745410
145180728
96185412
-87570288
222226851
782100660
-99441102
-326800110
190422639
203779166
35468805
-351133718
293520360
-143576920
-233792625
15502418
70982595
-241083504
28981277
291498722
332182820
-689787648
-420925256
453470424
-4671825
429575565
59682705
-127820028
-350656614
-520114994
473158458
114561432
-448383132
605187116
49770081
74843150
-18325443
258552126
-232640034
-768659262
-759725064
-812264448
105172938
17365464
-666835936
10042519
33294360
-94046472
77813628
-777141015
438256328
52273896
970098896
939887362
109077810
69041343
-178908455
1902956
56531776
206521770
-48405559
-254174859
-534744756
-477391990
-742995582
-529487244
23387175
10359020
504041720
44070120
81708443
126746112
-63492924
165657060
-229245900
-98430643
481244464
-25871670
357370112
228095556
85063185
-81989376
-74796976
-136636948
-476244780
205092080
-522630603
314320849
39807099
57466680
274658848
-10514290
-663486582
-1035504968
159574890
-552003957
-15260626
548615936
206031980
1802185
-158482984
-383784192
-725126025
292939834
93069114
874552720
-326593987
-243506903
284381819
-349678000
94961084
862937370
-94687901
496349023
-26815500
197482812
-46097780
-727171175
442305450
-195040524
-31670595
-421465088
474912372
-150629380
148885350
21947917
-35684496
249635512
-376502958
-93123820
377881821
244558650
452186936
75952080
242988762
-572966784
