1000
-86811340
-22000005
-557468595
-124844402
599542016
930748806
-94497720
-444812952
-23855430
-72181070
128900541
-995840153
-151511225
64442988
-17336150
-444703342
-44601426
-871747065
-87436460
84452642
883725995
-459663376
-204093846
-874863990
368679360
98617480
22006929
489390780
44315360
562180320
-641262632
-416349964
-45895746
-163663836
-28104700
1017999454
-120626628
-15541875
-162387324
539692592
-194207780
-36500057
-541573815
-16848412
180681560
77190584
-116450496
400587390
58008700
534793896
102584350
998081184
16630461
284320483
528168264
4758655
-598326534
-242398104
-76497480
454283987
-161046920
-24397824
-59708635
627885900
-164575395
178174800
-301418414
157579324
-358212456
154257018
-261553710
-399156828
-968512407
417580354
87031840
105211270
-60345600
-26373597
515384970
-118529862
-639786400
416108550
-146232735
89983305
-238733652
776266557
-356526764
-724341288
354335125
-31611662
36134462
-121025848
126378512
-333177360
-413615560
12061478
-51373448
-63089780
28578545
70910508
468889344
359907450
-66367825
237392267
-53180712
-757534668
113755527
560731216
-92132480
818716220
907883019
817535852
114297659
-52066149
279987982
496673211
-262728828
-52463494
195456492
-498390333
-55072160
-769846
46851621
569003760
183205070
701894487
214903374
-527702780
-37223842
15575463
147670224
424912800
-751632479
-47781900
418868730
76233465
-497261046
15108842
-28668764
2938896
-156513929
532694328
-541506930
125645226
-163233504
-7856576
-76077390
778665867
591134436
-105804426
369752877
255809072
-64455111
102702060
34918154
-101038020
179552646
-329517006
-181704829
-163835712
-165927882
-703282523
233135500
-365206844
187442640
-43418600
654107300
-67430016
-514372785
211002266
494075100
-33155109
-491352180
-49812720
300921512
-12460032
456949760
-185454080
-526646902
167149008
905437848
-763895160
-336537728
-26240080
121518592
-396204111
-178866664
-493192176
-2850570
72692044
78188310
-193954262
-399703500
-258916044
147813435
-354217871
483750561
-195733880
-126583323
-454981600
-507316215
-35262360
-427036029
-543219003
153379847
-281330112
-83730188
-281004513
-61229784
-671243375
869382930
-20573
-18906720
-209198852
-515215379
123010632
-417388860
209531658
795809484
18169020
-3700305
290685776
-178133004
-143496654
43744240
-253897348
26205655
-131366256
176659824
82903149
440954155
208499410
-91798848
449642600
67938626
-234357915
-111381246
-1003166385
375247488
2930880
553724532
138254256
-72103632
-73846080
619024900
108014686
-22992186
122794386
-4061555
-18015621
368796699
422307972
224158000
365567214
248676840
-49953330
-491918355
-152185644
-139289601
-767335800
-206757798
228726303
-851679857
95812160
-3057880
129633977
73188825
570410120
338918040
-458389821
249927964
246687696
514119466
-84197940
68923440
-30277044
55057896
462722012
448022048
5154163
439971840
-487893528
143433360
-346119320
389999820
-20703164
128440508
-22716043
-58969313
-2650402
-615858160
55416052
-712080
-239365805
-13366000
-14832044
-97342560
174167805
-724612865
-811595624
-2270866
59272642
-128752743
-118724062
697283104
-823425450
-246962612
211474004
114064552
-37664244
69248559
-360227912
-123127536
553179560
-406920444
-43082424
-327504070
752380668
-62261028
-257288000
103151412
888145650
-480089350
148568475
20721051
117716595
453518520
-75482660
-243951070
-101779832
617140728
-225830554
-181208860
160182777
-83884160
-671890030
-68939536
-425511173
-309682762
311456778
90902211
-49166505
-505113462
498133896
129394320
-317320776
455869916
-337008401
-139264576
-65352239
-151633000
313042590
663715960
422760840
-793515502
-732495120
371461109
-308306904
56272644
73965252
-102073287
-346289320
-421912341
717598443
-166540750
-109645172
-517248001
361417524
-133813941
119422720
262423770
-153300786
-62128052
116192070
-139757380
-872229345
112060888
-219966408
432620064
-16679872
8917590
-321756318
40049244
-140893764
214573352
187031754
-230414358
-17613003
-415123387
-280777618
319950999
311818696
-383772282
-740571000
83887824
-198343222
155624400
277358660
-359536554
119929005
19490200
-198312898
911120863
-135026146
-42534595
-104158590
113259131
-238663868
349257004
-565618900
327892492
120966300
6047880
489695866
147485471
411189470
-231032648
-370804748
143490186
26894850
-674520729
-33451626
174846798
-117995408
374966493
-98606060
133637488
299700000
-31625425
101813052
82802370
313659940
-228932520
-428268744
597056264
976158432
757528230
-376041224
281304993
-745944945
34767225
37474710
609635235
136752385
-352015551
-1816542
229911565
397387950
200110176
3172931
3975132
722237007
506941988
299806320
107366220
619563316
-77934052
-247237252
-80848448
-289731337
16782978
-390531168
288690365
70215130
-4157160
119641338
-288783040
238819752
77407902
-129455378
-233073588
-263068641
-229522635
7934340
59999643
295577016
-114477872
10580912
-517035348
-765813120
221070465
101630505
-169712400
-547026300
450720216
-110014296
-222464
-367173989
105020596
191295132
600696720
696096487
-352606900
-339191435
-5781720
-390330574
54429624
-700289799
258430856
-166273398
74502415
-225745848
-165121086
361559452
26285571
113898400
175831928
54631504
3669512
418596795
140157180
-394808236
-61540842
176960862
594251400
672830697
-326273616
-134663670
-729846006
3028824
171991023
-36620095
-387774800
-245774759
-191985087
-48374060
7679240
29362068
-409383728
-375751840
-115270729
326158304
216737070
40878693
38109456
861673764
-1003533830
35480560
-344903308
40666088
15429370
66335319
-162877401
215330058
-188614468
-745122240
-14567200
-732018726
397607445
-242471398
52418576
-407514782
495503232
-131076330
282592254
103745220
-47874401
-243411063
-60611209
313242413
-378719352
-790759960
908288649
-7900160
446717400
-124347720
108972320
-101154339
441877839
-239350370
19014600
-470153775
23826675
3621159
393393560
219209400
-56716828
-250039000
79216940
45297918
586084328
-214051491
-763624153
119785131
56069745
-363187270
128002563
-458968224
-107261000
570637525
-285430743
24035088
57013616
286283162
-214158442
141536220
-53243210
-867766117
78102760
727452011
-9578884
-326859324
-79153896
-3019279
-671231592
-920007911
189396900
-111969784
18573920
-15524256
23050002
-353897382
495654672
254401971
-456531836
434191248
-5681000
-411742075
-735885966
93137187
211711500
-128201670
96311592
94411240
-34408008
-520183141
449755072
-342504120
40033980
-605773770
-915631150
-30754829
-412872876
-5968370
357540005
-64708800
79263232
-16366189
-602939638
-277606578
48205413
-324779225
-48029460
379021872
105281370
-25559760
188486173
74444648
-109924756
-729039490
-168811020
219429282
-759028322
-8288338
646108750
-6028470
-235781526
-50127225
-88369248
207436410
-561318076
-17201699
-1271040
-18717900
211057681
398920881
266065344
-641863950
-494843328
-311128156
-198617184
-2349165
-430474838
-142534770
101870516
-939810099
64194259
-264736656
73645530
57172224
-10547604
554351290
109878709
-90550876
36573749
-92721201
112926624
60235648
139249373
-8038178
663921516
-366840
-143885248
269926316
307663348
107124228
125930308
-68463876
-175105435
252015412
51124773
-94218840
-257271280
-201243336
59975058
188218688
-334453608
271214150
-338157681
-166948950
-277710165
-75910569
131949726
379346259
-606613293
-331132200
328892088
37946352
36836960
-637944142
-215926000
-881207600
-47475558
427159728
-10655676
372041026
-54272400
-7130700
298404362
-4923504
-355578300
573530048
463411530
242031804
-459798560
890025850
-327012900
-72120684
153577000
-1589374
797859675
47165826
-393416040
-822471364
26355270
292203125
-157528800
613162052
2643095
-451748220
54686380
-90035658
-263527420
608289704
411313728
549241098
-395648400
64124610
162269126
187827938
-765656699
94211970
20041575
-14589530
44841076
-389452058
193583474
-153908667
526662925
174156502
735429068
-1618866
828355038
-53136806
225509568
119180721
91446410
-17362352
111914748
205874746
301799300
437444056
-104577720
128582720
236203788
354743978
-200903835
-108676909
-278505607
47036732
-449128416
-173216552
-336055965
-36880480
-801392150
-846409935
180266454
-36848000
266694260
47123496
-540632232
-14947955
-901514556
736780712
-23352468
-133664895
109580328
463716523
-91913472
-1054327290
149368868
-194318106
828067102
198399188
-127626228
131439698
750962535
-624222450
204815815
78127044
666185226
-472868957
-234757219
7737864
285656904
-863309126
-71091680
276859536
-293053764
-259843100
-285623016
-214251072
-71756610
-93734710
-194808330
-178905188
-120045351
-58078962
388970640
-200629870
-257638248
436200635
-121472100
-217930794
-186296046
429372945
69537128
337178670
316821680
310322276
-421580104
47318604
-225485616
277663314
380822058
-143120076
-230816256
-213156
283420297
-263620320
371029227
-485697408
356406652
-9398860
-345366800
253008216
-235945028
-225671040
439666348
-334713726
-86672300
-218194864
-257602116
-371056168
450025140
-84932288
48573749
-114789605
-225661740
557702282
-54543994
443645772
-167119110
-175228812
-42950408
-151708480
571361895
-312537329
503593512
791341910
18539970
1524096
-12077195
647618211
-610413570
-240194097
-54726926
-33148744
293413756
201760240
807246210
310377715
718411200
-384296836
-379198448
740778291
471617111
-19354505
174693120
13307790
900325870
-792847588
26236530
-84176702
-346301568
-437364642
-100320625
535725024
134660240
97805898
-203279963
-462895160
-280037444
311709368
-584938390
162743148
58317570
-693432663
288461015
-159933266
-197685418
211227588
-373591680
-647370696
-159558984
-135647901
610000334
678399720
-2292639
784841076
370114514
412551548
106539095
-16788378
361612955
574164778
-225935388
-70616148
-76719210
1004177664
42908604
-63713905
426106985
-5441724
110997000
-289420369
-26385120
1057748982
47389314
256340964
-377072640
-323846109
-226176049
188249889
278520144
-311902293
-244688320
248912708
-59132272
58095456
-91430502
140425067
228558675
37853568
-75122301
-43864436
-22512384
-342468878
-198325152
138127187
-66988590
-53658686
-437010996
3818636
102393792
-650434406
-532655229
226132812
-30378744
285929952
-182719314
7475448
388222880
211012236
-175332630
-375502240
44357589
-593744268
497931876
-184610754
