1000
-10344740
-81547864
-20185529
461509600
-112604544
-520583830
148245780
25684620
-245466660
-344197606
-219053652
-21147000
-29268356
-78780474
-34376073
86447508
225275976
-331402500
712291836
99052660
552803160
202978408
210141975
139496507
624929625
-105367248
512088063
-360968258
-154013210
-420784044
-60568226
-171318525
304740728
41300295
-407038136
65148930
25885930
395906049
-14932911
62308372
-152130087
-25118718
29949216
32756256
29427228
-331368867
-199511370
-561943665
-633435008
-74268768
19740958
-757318848
66877683
95051280
263702135
-42691286
-295081590
-319727916
60386840
93281762
35481842
378340116
-93476400
34408880
-19634888
58607001
-217143808
-294112315
-96753775
-25648862
533347929
-147522912
-7463456
59891476
-484334488
119492422
-118597636
414725170
689767156
-16284086
311745093
-239428615
-19785735
-10213446
348477100
-39202800
-215724680
-84312732
114557778
24989805
-124083312
-272786168
-510177144
-663208167
67140432
-65167192
-662591328
-126567146
-44352224
867125920
140528940
-24543600
-105530022
-936855550
29736504
-43745517
275438394
456477280
143453355
-19843273
269411213
-62175360
-378536865
-17436289
29267417
293134347
-77169528
89964
-1305360
-46400256
-4146912
406987264
-549639579
238837896
-291775092
-513299717
489345332
131037648
524980206
511694914
-552047986
316116177
75655184
287658156
-163664964
979789024
-620529021
-85364400
309083202
411194511
10808752
-145835412
-259997920
-17110476
-23514315
-15731928
211294272
-62973500
144312770
-298946901
14276202
-163039131
-432137610
560663920
-388847875
-262187080
166823712
600318639
-101215515
-183503775
-279731145
-170100340
425243988
-12698400
632661744
250114448
-175412630
2690193
18789100
520117147
-127651572
262733802
30464360
-111687660
229638124
306252345
-319907436
73848828
103512074
306191424
-165412000
-284715945
-138143152
-518697607
-435469892
-12820320
257756532
44879296
558499974
-874313440
-190797516
150373784
-258986024
560828148
222364294
27612624
-6320340
876505500
-61072392
-514486680
-350286960
-329104516
-21716028
-61305222
274782852
366096870
-295216532
-225894564
-518692290
131306720
-242974700
-779191072
188919166
111807172
186759633
639038056
-75920715
-570259962
-16454765
-371241996
-556553020
252149847
474843520
-533165576
184314042
550675792
11592148
-314832090
-95468584
-182027428
-428903246
-576033120
890715516
-246469840
-675485880
-31886674
63283479
-584378764
-234899648
180935328
484676073
34996155
-197939840
100299607
517771790
-6023520
-156308516
-585489338
356838975
-444072224
311606140
-122898426
-96612054
-140726796
-18553272
412622890
-18176080
72619050
131064660
164948279
84655488
-172333040
-27217268
179217380
487949232
-320709402
-839776910
-663544496
-34094060
11414880
-145124660
308663778
2610144
193865217
591683520
-121518937
290500000
189169083
544423056
924222123
116921390
-15512544
-162443632
454342000
56787264
-134375829
-315651954
-109839519
-381036455
458773161
253469410
-208136480
-550068219
919186804
462991668
-457477685
-21756098
33952274
-5193796
52424406
312885828
855396632
104984339
-58273012
-495109391
-870380640
157201124
65892190
-579824150
233116906
2657754
48769105
520354560
453687930
135712723
-507095972
171377374
-62152530
-106284458
-243349578
12324141
264409173
-354277122
29518864
-547811030
-468085665
47209680
10749165
-15663428
-780805949
302244476
35320870
12605762
-167106345
603941975
232092010
602713419
-440114870
134099844
-31933005
841178708
262631424
212709245
-94384668
-714050107
152471088
-129389580
-86852247
-302202672
-131550003
-278466681
333369396
-158547312
-3424746
-63864682
-152799335
-222154810
552376320
-97579608
61954018
-3464790
-70248847
-269088240
134993547
-68236971
388153920
173630937
-114044656
-14877875
144383850
-7407316
448630613
-61609704
-39130158
83877456
-81641835
-813741165
6231184
-95168772
97669880
-712265978
96682995
-353461097
396849312
-230415196
-206353406
-4635400
-180750724
-42098352
55439894
330451892
62917156
34652025
541164980
639232318
-669431215
-118224225
-37674560
-123258044
403145292
293938160
-90604956
-152950119
376361170
645894684
365918496
44862444
46451575
-235195116
-22946553
67162454
120788892
-336051176
30991584
401468907
-499913142
450000564
-796818082
-172428501
458215548
291492058
-25398690
55852768
571706091
533362583
-401762912
-25811818
213314200
343264012
20987322
-238846485
-9913400
-165957070
756354416
23427898
-241151820
78839019
-111817500
332427948
28453064
195077961
384240948
288932254
-353568915
815059581
297896872
-132223538
-645442344
314848196
590195086
-696382500
-333076842
-282242817
-101970816
-30498391
12339891
-332095104
-214577372
13589764
35794950
409376088
-396453097
260263455
630274960
-320001174
335650689
180795930
236764732
75028470
-678754080
-570917908
-909647667
319005156
305675040
-2188508
-30686292
-83867673
72722727
-204407979
734523900
501108216
-200301732
270045384
-44871984
487749550
151369530
-81044448
-453617970
561834873
-86699836
-610237179
-61831000
-134825595
-48807543
-42723444
-765927734
-450464784
-364884322
378936359
396747054
482080773
89721576
-212681700
-78916571
-577695482
-265918815
6769637
-406323000
33100542
-49478066
247546377
476425339
-8586072
-30669210
347059224
584870712
-103712475
229112437
552082099
42094700
185951181
-219156860
-923167920
605664
-130586452
37163170
116318930
407331150
-374168945
101390739
593113038
-7145930
-45160416
-100496732
41348580
127948700
375533194
270995976
-228516158
-178618214
-189074875
246483648
214732134
756440304
235374384
488170712
-90780888
128602486
-471137342
207578402
74611504
-300648280
35613660
-290963328
-37939328
-168894505
15772026
-393711360
321052824
183014426
-85202598
-45257400
104604126
-84458087
21564864
2767936
88408616
626763960
-33184662
-158907804
378022638
144980977
-540307313
690374412
-44734480
322108852
473033040
-382796393
812982720
211178520
-152994784
-55446112
-994888001
-452492172
-73881234
-445457
-36864
-19267476
441617880
-248057610
-425636160
-849836970
-118682004
50571189
-330961680
-195404664
-75940618
451866696
-128155560
301305060
17030912
366904282
-410760052
681491265
-36556380
441108255
-6730500
-575300324
-105422968
575486142
468393165
-223036954
26318277
112697244
-2658370
98748706
-600464458
-112890932
-177697030
555116214
-416395667
27075048
-173965460
-472585188
59875822
-553088880
678431625
137029130
827392440
7571600
342783024
543554810
-301794810
221316089
160354568
42071928
19952568
269073792
646233555
10870173
-447181600
346845896
294410
-73785569
297863460
-175436134
148521256
775306080
533364069
12843827
296019584
-56085575
-269654211
5862528
-111097287
248384250
67010670
4473456
-754464245
46167352
175106610
770588624
253498005
458022980
-247000199
11277266
394076340
488030335
11268560
-183047955
32379459
-177356952
-221000697
-569440608
404368956
-198755740
-667872667
-127156914
472234182
-80735520
-526607553
41283960
493180233
-177541187
888714918
-27924886
-100650808
193044554
-334480404
462820271
347856630
41066662
-134545645
-165827255
138294492
164828300
676761525
-378080980
38973528
-376535950
-310340790
584645424
44395372
158416200
923583
87825620
202649265
-682463672
-40080885
-45137748
-540686328
-380646760
-97820422
387273700
-395687726
281016012
-577216750
-203385816
-363235084
-416829256
171487908
485383010
430236232
154423568
-134248980
-227187691
684719603
537469884
-612760905
583788413
-161630682
-333921328
-265915790
113389423
-112343280
-253720764
524230914
108549210
203296872
-192945489
21006288
158153008
361322016
384668775
-20483120
-96133611
750812150
-111054021
-519449454
-185872511
-513575032
-343383375
851692620
155334300
-428135880
227381322
17974791
-203668128
18899547
-823619232
-485530290
-96879672
-360912960
-429812064
39350240
-383504961
-194482212
393584664
54299238
102019392
442294756
-80300571
546958078
-248920071
569160403
363890996
-182917265
895154416
-38677896
24365070
-30410110
631858276
10421061
77123456
-426366374
-716726358
-73430444
229038282
-202097480
-101740
478326047
119358153
-69977325
509821772
184949065
-381988210
28567950
-724321125
281037128
235381593
-147188875
-504860940
-447009684
-131046975
-72015941
772438846
-6707722
54087424
-145612038
449420598
514345734
578511058
-131327750
-73254126
-812404626
156262100
23990688
-107297400
19014284
346595240
-424775318
512085072
-624229253
-422467215
-323635860
-158895567
-50329290
82039356
-153820701
695824332
-60471198
-249762840
-189409536
-171322917
-86893718
-57285572
-196388090
475573410
-212477190
190460805
-50614406
258841008
538255212
-303831864
-260495895
217038075
1936201
695352276
-294092169
499605640
-31347229
66866808
113508726
-45117972
216622584
-302218560
-118202248
-26411652
27245316
13229658
-498664332
633128859
679443545
-17850420
51374952
-188939520
177606400
-85398
24751076
-158347197
-1078240
-44300770
-529825795
-202724881
38690988
259699440
63540972
735118916
-740926604
108773562
-70805642
357344018
-50297712
-180714159
269380750
-906380485
-107949105
288195457
-112468434
378010980
-241922480
-120955600
249821327
205989520
-73124940
318456012
-592314569
-322175656
392031180
18107280
218458458
308322234
-293901744
672975892
-81302778
-114339720
170940175
30141495
-60113134
453386668
177858240
304825031
-149563080
-271904968
-52636952
-305309277
-149012899
-21445775
41845746
111482150
-7776054
3864610
-423825948
-26620550
-419287125
353762104
-322365827
218033420
173812992
-458380834
371520856
76720608
-494456280
-755261920
-600391035
-260598312
-84795190
-223077704
196425576
221182148
105765940
-11310678
185059863
1806868
-40582332
752164514
40873390
-503919501
-422737656
-145240285
-968537472
-102342682
-119808114
-196222312
267281868
255969900
-747247560
-852278231
83747678
-30512640
-677930957
8187612
601509375
98912628
-1013545302
-791954956
657736642
52692591
-198740548
-608684272
137609818
-217073161
231640575
27918940
341247060
380069360
600680091
-108102375
-112774354
405976800
78544752
65705715
-30052356
-2998494
109613888
131656643
-632449215
-51913840
-331859506
-129672079
8987559
-393117471
33853880
-270631949
415299891
-742746651
-219219715
-17320940
181193922
571961580
