1000
-767439570
495262572
-354048552
28909760
-203823744
617101470
-322826217
-923883168
382340848
292247098
-41105143
300034580
-450604128
-76666128
2063128
206109569
160943094
322189127
850018371
227807397
-576842462
194953356
-440715120
-61006050
-44204452
60571355
235432629
-125962120
-91237354
375102791
22191525
-306489280
-474889718
-409945428
-591437826
37817901
43335
-42786888
108143934
374833495
305893790
-680493666
406845404
345344744
-344830719
-958826466
-141643404
-534471715
157998204
16052104
-257237160
236687301
-49371510
-689812992
-166602863
978240102
868855350
466694808
-105322283
-64600560
-130194512
-6458841
299052589
-804609092
138495231
170469740
163561683
-585713648
-23639094
566155000
-169474125
50807316
878468325
83473315
-105924364
-676590174
-593462100
-567355710
-298387320
-82710070
-620975442
17622500
-604946400
-611216904
-743031607
-428229660
110128806
-543121347
721331809
141706180
-204349110
174295104
-532060680
162063480
930338940
238712044
-354089016
-9866346
-799271451
-132962459
237904125
-378817659
-440830208
-41383568
300836250
-19432343
299843358
145333707
-93784456
104871536
-413166556
106159536
-169143975
-7259166
241028502
-163063810
-694490645
287676948
-336249384
27010466
-191417980
-98684892
293518460
30416028
-16734663
31920768
492893473
-13301049
703289400
-72424800
18197560
287301528
146113947
-328896250
-63021480
-210936869
351968768
-559721295
-145316566
-653998778
-53847432
-676403182
158972436
-105809956
571396351
-80190077
193860800
253508868
210420166
-538196280
844770651
193800208
-787847040
98333646
-193244824
51209546
59897558
-321432516
415577760
419413830
-118081496
528084090
-582444650
39064464
123751680
-644780994
-243843044
-286259778
-396594800
189052955
-529961625
116668640
745824860
-39428525
171417246
156915187
-654432130
-612460768
-152405484
1249682
-38481408
-603458109
-534216105
-228400488
-46950984
-124579888
310142656
1926929
-40885680
517984786
242276928
10255505
405620992
-174901092
-256344039
-87367752
702267930
8807284
130840745
-527543040
137356296
-165092200
2509778
370424049
-351548250
207473840
-445396250
363270144
-465966270
-285109036
91712790
-142665563
621271535
-200114984
9586648
-379071120
85028580
459534960
-349421125
46917360
41838654
-161322584
-529058781
-230254200
236746475
-47165508
-244911505
159255873
-24691932
-710109534
60186216
734797694
7751385
-97495992
121594395
-32273191
-59615760
60469096
-835022006
526752000
374248710
252605331
822865008
539840130
323794827
-431423096
99968594
6244464
-199456740
167053050
-182771850
64216092
260129247
-348138162
498748960
-768484185
-574581368
332112829
-30878100
-27423900
157200054
-27116560
-400353492
-768620288
-524083048
-244854357
531314154
-416004615
8228625
22881268
228109298
243221550
-108505932
473689510
-706292200
-307954150
131897568
447002712
449217000
96728127
450153417
-156972050
117439608
161313834
188496504
-441703086
-361012992
686755335
-634799880
-731101059
-2482438
-247583034
-937824061
-153756656
766752264
-961038666
-630035334
194563292
452191770
226992836
61086940
350296408
-98546272
89346103
-123804291
454786640
-426582618
5586633
-218175480
-71679642
24096072
-567911872
866906810
628368279
341864892
28860203
548587645
-429008600
218585409
304760890
-98068264
18894700
10375400
6128094
215556006
-30849747
-222145476
-272961500
-105211280
-145390720
118480428
-230873880
-83949158
-354962076
-245984634
86764124
252812604
-217292985
-31023600
-419471481
-150416332
-84921954
227702321
-5834640
758204424
-151956414
301848256
29355675
154714600
65758825
32145022
-168396158
261367392
184076700
229016936
-829821578
4569764
386997436
273980585
-8442720
277946784
-536416636
-101297084
118137411
-206159550
192938370
468039271
4262212
-361001146
447810877
-15137499
3689866
78872480
-98751104
172806175
611915578
4457088
75408264
124115000
-188736148
-157625321
170477188
-1020064702
16355295
193521795
-49651426
-229647348
115106311
659324759
99469248
-24318234
30100905
201175
61848414
163870080
-523654230
158955097
125046
84994668
-34645785
-8321352
349573488
-123699702
-165486090
9737946
-440984300
850226488
602087150
-855165994
-19592320
238984218
-120184152
145076132
175487004
-93711591
-23395068
941718048
212533672
-730857744
587199768
-24601968
-112473360
-56637779
-19104680
63441314
-434001875
-380098131
-341453772
763964880
469511100
604523808
-482995344
109467019
-5938232
14198219
400093782
-26981976
175478784
-109551318
477633012
-565355070
604928688
-201934842
441840144
7569408
153931698
-69347740
-600759589
139450302
69976695
-321051140
-249390732
403873860
203289576
-73465392
935061246
-323406000
-107731785
22290844
450886020
-790491006
-795831860
95863393
454093094
-62114226
85786176
305539494
-250955925
-37847712
7737408
479866960
175099668
-52404642
495613054
-292505264
173011982
-783337200
-76227165
-22569752
-669463754
-316081656
74012390
326786484
261274296
-36060770
175152068
-118419854
10507546
-663336192
-141376334
-14982660
101974620
-803388474
413731146
72389856
681702556
-531511489
553955160
155326864
34969100
-564805053
193043832
-42657930
361692760
5796288
2037812
-68895750
-208214316
86854944
167622927
90282610
-90924880
56990302
-291526140
437854439
-118596573
88264000
-60590250
-955463546
-52145968
-197123580
386206138
545479836
-873366030
-26385744
-12626550
-248809840
-517047447
10953493
333881808
770814
76553796
4209060
374474243
295468912
128042100
902071118
-64312226
-483306548
-14650363
200446446
342538029
363450450
-385340270
-95417172
-12787875
-75457062
-246439364
289810064
-423890512
-160700840
-282323209
216995274
-120843268
-33501457
-4535793
626349440
-421802750
-11852000
-50091866
28263893
-410680312
311353380
-447936461
-516977616
-164369760
443147310
28552664
315044
-279146515
-4956388
236927264
-83447895
493419184
-837072112
-374191784
-237442660
-11682792
-42226712
90362621
244260199
-147429835
376237359
588688982
144615036
-201211820
163597868
-89762742
-107847584
-393559894
95956495
79045875
334525050
345106320
-305102620
-343127652
189174765
39472004
-101788698
799525296
101263008
-27308952
607675
-633112844
282879056
59637870
172311032
-445248195
-339069896
-249330444
-134691399
139344597
401258112
-25270542
167504106
-22867845
432614351
-328310444
-73641701
109927200
624897916
130789191
-594116041
374254965
-8451450
878022720
-109222676
95041032
-709758936
-262679512
-409236999
237658110
-87574656
250478827
205014040
-47830492
-330718440
-85843422
-564401504
25806960
239636412
33189120
-161940034
-417731958
-132137539
732935960
-42153200
176186880
99157521
271049584
76085253
656785649
-20272824
-80690340
254811480
-10722483
20297075
384507144
1020468864
81526482
-339751929
111957081
-368481408
-190076118
278804436
-9624834
269037648
23814450
-247017108
-398151855
329317098
-66244761
499360806
306212112
-404433162
-552327384
42713216
-655331148
2726614
507650006
-460179237
14123283
-352825038
220450020
-334337728
-93309768
851046594
58059550
12956040
-264469000
-449847240
-735812550
-4778224
484576914
-432036552
-200393358
-14762202
-45616026
39455424
-34623305
471365422
-298196127
69782615
33225633
-36794296
369378724
409936696
154093778
-298606032
-246000160
1445250
-54665728
220331301
103802104
-591258585
215909403
-781432608
-192110268
-152802304
-123812310
-117396850
-469467904
245584917
-807338112
209073480
-130429320
693556692
45114858
-229504422
232420500
66877422
113286240
-21315960
-11500188
19100432
126063024
563024020
-76574080
104681137
507334375
-662404770
-36079710
-978450158
55854964
-43056897
-211776642
-361722120
618481953
753431223
424358375
-197918370
-664543243
-416907315
-84226623
-152949510
-738365580
-67914428
55592750
438094230
-105410976
-1351218
-429375320
-400391544
-460952058
-497280592
30348621
-3150880
-376415185
468000
-285369986
954410850
42249576
155675520
96052416
-237613197
-736118088
-130403784
500788224
-72000500
33348994
55622855
801753
-616830231
-210829500
-196368832
188350450
-404588524
-20747550
845314416
106591280
-296684560
-165672888
-419911660
22596840
-544441726
79843512
148755758
-132110720
-97002990
-15082684
-129523437
-412396050
-436094450
9328640
-50585904
-576871380
-546623190
15361928
618933876
65164432
-205772420
150647758
-99049030
198702975
-478994505
-124051734
271545120
-8789856
-124230258
96463458
-279804880
23434025
510661318
-4988550
-99734552
-3081886
331894492
-83659015
-356198544
263697210
181523435
451918538
50641710
-60730612
20711340
405018209
-157528800
299911624
-190713026
19797687
-469147970
-14322330
135075512
455601300
-174126730
270577296
342651936
-441440476
140898060
-236234012
-28513680
723491595
-437173240
-177000264
-273455836
433990197
-105298002
-203679980
-454471668
-156450768
-176916240
105648000
84730000
-411174421
851810166
20294432
-216028736
629084523
219417814
274998640
-182733716
61776
-183685892
305000746
95753664
-430731508
23690152
754566120
974147040
293485852
28467354
-113449869
-15654020
3642804
-69482700
56463472
-51870375
392289534
767698560
620573310
143741312
11264484
-9017840
-147596323
-285849765
13169619
-15231006
272371988
261836376
104454208
-504556431
869957010
-153499902
95045652
-252769374
-663757059
-279619753
-49029460
153689830
-105371987
-617845320
143855304
-250334712
326403900
-197247099
-685315554
-467434080
81250036
614071120
-66969420
189925904
252113994
-301081662
-102511890
-251293874
185999290
829530181
303012506
731179852
145322773
-29780400
235111206
-14700078
-38281941
841388912
-459491865
-187183170
-306002550
491850090
-660516024
-282872520
570064770
272189360
44567680
-404605572
-539166880
-125136508
-5519954
-566416190
35143119
649639752
796030
-524211250
-330521301
-5119660
-845687908
-20007000
-327222528
-3176974
-201002316
632316466
-79798137
31331109
39953232
13259129
225490590
-1024042110
-65808649
-333212455
19082034
-317170500
7968852
-62638350
-27432248
-462591705
549567929
-2057966
-694674175
-330188321
-99444898
93687748
68397560
1270938
-9357477
267986232
135570936
77091180
76454400
17111760
-441723520
68065422
68753568
-149852404
764488477
-26938368
489653597
79287800
72314760
81565513
527558615
