1000
11089600
332516370
52141362
113423762
-50754292
40513377
-489276320
-201951215
-420953495
29432542
-330379733
280678830
224958240
763001772
-663990573
729313829
-467065183
149340926
64139537
-112138155
-14765048
-48925223
-423488088
409692650
-65279980
-418130830
-102249910
-160209408
-454683875
-238407450
35631900
46536929
-447887720
-14352130
9786864
-423309018
333230436
208711356
-124747632
-4671102
-4897368
77739480
177533970
61368090
890370272
-674547138
281174517
79938661
-843028566
554002614
-333586800
-77101643
176872876
805262670
69824550
-43512672
-323002380
21506280
-110837375
-275879032
-111856116
294140990
-2452770
-680270922
-497594844
422436924
25189866
-142360920
561936322
112013055
142044690
-9961120
37288800
103971604
233658547
-150296254
149959925
-178598703
-870843988
-465986356
-15715210
-218096619
194784184
-79648056
191278626
-11396800
247211503
-27172800
-95556472
556185930
-507144866
-11182477
111930984
550485084
371038752
-692875350
-43884960
156934368
-26616492
-428021867
-476831810
294782840
124802860
68295372
-291185080
-1039043415
-499731980
-6508008
-28622146
144496204
232138386
724816213
230406108
23011660
-336533079
-92577108
194587696
-1843180
-301676879
581776304
-105759440
-477143682
-20161908
197458861
246649760
114978500
-163144289
31803516
42138982
-65839994
564546840
-2956446
39068418
-2942322
79283169
-35707592
-506870654
-355097746
-183869595
251261016
653805684
-268380684
-291050760
-47460704
-601900320
580703796
42062850
618013734
-228562484
-66706860
-385740521
842758175
-291971196
-544477920
-75110841
71189440
399999664
256488222
-131900776
15940096
496886106
652152189
-276556800
282350754
66251002
643139352
-74305308
371691045
9552000
-39412494
-18759024
599572626
42069852
-270559250
-195565315
30128490
-356809916
-122363200
568324020
483685020
-85683024
-399329560
18826536
-15321075
-24538137
105157514
-117368001
-9931320
-51179940
-245470346
157578190
-214425104
36311583
301413280
219860174
605014732
119046016
22586574
-7139083
-81841446
18635400
-119339360
181100216
-260093874
-359101358
1015261618
-345073520
-376937056
70329910
23533488
499352035
71459925
76143564
22229280
-69194736
-335819375
222999300
-636913200
-156064246
554148504
-566034740
79179256
377189832
-296666811
217692864
268790690
2333529
367119957
23210208
440626266
612438869
-376929171
9584022
22696684
511423620
-442720707
-528329280
87136400
-173089670
396158994
259831404
-87265260
7654260
-71263476
38986708
783793115
-68077680
319240064
-181460006
146785188
-191052821
-423257184
-574386642
13407387
362004665
318789015
-145469664
-86541026
-74823295
-310918594
10101380
-92923440
-54296500
-73646667
199023499
120032682
-15927552
-261699768
442422963
330767640
-299845080
51644512
467652224
-105537936
168798058
-374348904
-112983768
5155360
-10871091
109322920
-674603514
431217254
-11282768
-390000646
569469536
75520474
-77554620
-136121370
171244110
-498610054
-158694687
-172528902
-72220248
1389825
11470224
-497652012
590274774
-224754740
-359595616
-652502604
16249752
842051574
-489891040
409532010
-110688292
686053355
-451002808
718257316
-102678944
157438993
-380873666
314671548
8563940
-326558830
-58920136
154937394
15670832
-217704192
-116890928
636271618
-63923811
-791591600
-97856352
101677008
97946491
-56885472
-110181825
324829982
59645340
-316045248
-27131427
-21320380
-752453320
-77101284
-380875581
4432852
133220115
-147828870
-460620364
-334805900
23864532
-498999168
-12827930
561269042
-276646725
269499399
349870720
-159609420
210214058
255389640
397640221
501442182
-3881664
-244081024
535631888
-276809169
208826448
-31684968
64489286
108092028
-35660526
-7561960
-19967310
-840885644
300850088
37067872
89304580
-225068336
-519231570
-33068372
190980440
-26575464
56560992
446676054
436473624
27331024
183250250
836805475
-188840592
80933385
-205487500
-27511540
519648266
131198818
169125840
596860
-31625736
87930016
330951272
253334882
430010973
-2901872
-244844184
-234252792
-67951560
-325405755
659192982
336402540
-298020546
-149578527
144168414
292547730
-40392880
92306170
-420687995
-616618500
-627470884
673426068
-132623384
302016852
614731405
-92271905
-12468225
-60045716
-257134824
348077478
-708935370
180728439
-482474856
370977633
192196730
517899816
77507998
-160609407
-247753728
373404438
12247730
-162611800
52537684
371017465
12243450
353736424
-661939200
-154415930
458447380
-29384073
398548304
-587187600
-295568800
640173492
416345277
-68399849
-13825438
276827264
-85713228
833130904
309370712
130777416
-114708594
363754548
-304247105
-347707322
123289386
478120500
-307616400
430332000
186946000
-11138400
-292989048
-135495360
288797488
-27602736
-235436094
56483718
86120118
117852861
-28139661
831379337
58779750
107099770
-337054041
281729910
93299500
269005651
-477798787
403163520
-143885094
-589458168
272156851
-140341040
38326614
-132155738
4909774
28433500
-525656750
-34729632
24496990
65385408
-247615149
114617139
849862296
-364407976
-58817304
244220572
-4966637
511454958
-81734623
302302635
-359768057
-426453958
109128560
-850238004
120490058
23885946
-61584502
49881852
784807704
-101343474
136658642
63639881
-303444574
210224313
-154027939
274420995
-552146364
-338433776
227064897
-163107230
52766976
-528077511
14988351
-496037949
-762156690
-458527160
-50574113
-432353896
410074608
22927205
289274624
-91872368
200641952
21470684
387029984
263950356
-561007870
-240310201
-388722672
-340126920
68175372
101855232
-61872745
111273536
-182979
-47550700
-433650
169862700
-295128157
63208110
-232845370
365232484
372710932
-305619562
-6416514
-421338456
-360695664
380916864
-166904421
-66635855
25407928
-466066656
-173604222
183898800
-821830304
-729319302
224073162
798865455
-96784100
-958800
-97583274
120632624
145972288
-133590948
154860288
380907051
-95892030
-131946252
791500506
-210717720
142890687
52296944
599297115
-906139000
-48882240
-78070290
154814725
-30975750
58688058
29107248
815302548
13226646
12801760
-13983424
465641878
16911945
39943530
801885000
-122795712
368122740
-383754381
-482071896
72228864
172934424
39887181
-490464471
105637966
23035584
-117521308
7859250
-694358020
359399140
848485130
-135461144
265664545
164562768
424481880
-293107178
-299454930
-54212353
198842980
-3547855
508592106
233555456
44838556
-52263652
565606517
287022164
-266137355
6070272
219810852
-130210596
-164187378
-721581696
4115970
154542752
25796832
440155560
-303084510
-241675210
-375906656
454261131
-111566652
460374816
-295516304
791738557
-385657540
466252059
-277968768
-168976216
31057008
-465294795
-447302138
-232313371
338385746
212023116
-377009164
-152383725
382703328
-183270425
-120846498
-150188470
-15017579
590747411
-270647160
38361526
805479786
-109347882
-52329420
20861232
123595560
-83577216
56937048
-631753584
214348680
302061648
880139755
-90007308
-561148416
-64233015
29879625
-323385408
-98376192
81163792
431623950
154948182
461452768
-269398480
-672781312
-18517590
-220633480
-231699712
209546560
66929858
-918028923
-46120272
-161901090
460943168
-2822040
742048725
-716448260
852531
285395796
-245082336
104689050
-723701940
41708880
311259680
-408266695
-306736500
14605110
-695158288
17343639
-455486120
3650495
249542328
108419376
446264588
-100624914
-335027790
137611320
-188767072
-167195288
-979717200
699228678
166023244
-159064256
-720461115
250887154
-107655084
-126489735
177515916
-90319752
-398207584
-250635168
-870302760
-275918184
98318736
532705680
229574868
105423120
248492183
-10712512
40401056
-252817392
-294327800
-4226156
198999837
-269093913
-165521584
9386664
698860788
-605978418
-130506600
59789184
-690888
237096448
-355012071
-643226397
282546342
82955880
196077060
44191632
391631469
-841914612
-262665480
148321472
172836920
166223072
406330452
-177430050
346995864
941016940
477938855
-76930031
139890750
-423201222
-647259795
-251276867
-271128256
-1017463498
132613920
-795861510
-626400288
383994512
143800063
-109316868
100088564
-8230040
-688745310
432705376
-84493429
-54483870
-456199800
-176981878
-230523020
-20618864
-68966562
262021320
-2185892
-502942535
-93223530
18989036
116461621
56077236
-33440748
-224792800
27667025
-729995232
127976684
-532470400
663720088
297831244
-147585910
-79219206
209856600
-165337927
120042464
-623676752
45131424
-63956424
26330304
-307413561
33173100
182868921
-61485744
-44025192
-755955532
119931551
-406527153
83529600
-397392485
-158331427
205678949
-14448984
-291950820
84372773
-108395940
-58342830
-51476904
-127999065
256158180
795326620
278597396
-468361712
532260066
-14718260
204279240
-144232836
145400064
-132252813
162101464
715840601
108696759
102637605
116759052
24382440
-581553722
-235389483
-448677198
217084956
-358706313
130231296
-299756116
172083493
-212899075
-74421116
-96761427
39263658
-246579228
-821420838
181051712
175257641
-59872078
467593687
-735891435
208374541
-52292500
-7348560
-225062931
-230641124
157563000
21968739
-20139804
521833480
533790472
38049460
720059302
-344367108
-775226832
236581280
94021103
-144962345
-177106248
115714647
-199087224
195813072
699770232
-5000589
-208888917
-245106216
12499548
427512345
-588082761
183471268
-570649120
-94823112
111526220
-202554558
161736803
39174080
-2119412
504504
-155706912
5836215
-57432228
-140627751
483940254
87384000
110618860
-496797840
-28815600
6387606
-490707846
651630940
-113079231
-21587975
14046890
59771448
-405037124
-612687900
-216785016
-821287092
37760498
-263120415
-17957264
-363160350
501998640
65763854
-504860286
-15383880
-137810695
101249100
179245220
61359550
-248493960
-509075242
71213340
174794952
-330828988
213410997
-441088260
-370312917
-186629899
-7395560
-576985
-29693952
-314412462
47207186
-472737634
166498524
140950348
558483506
-369191236
309234114
46847226
549102989
-7063969
527427400
13155542
282127176
-132623631
-283513896
23961806
52233396
78418466
-405476697
-102271346
20132631
-122825615
1502640
-124422564
69506451
-446973915
-423135415
-443748515
23868612
-59825478
469394
-79390856
-29898122
-47761416
-347114079
-199329012
225108590
-570543912
111041686
202696236
5143775
79558962
-1046745288
-34300656
