1000
-430686832
-46295442
-166605984
329765922
-52493540
-163925277
-66661556
173160351
-251521256
144766768
-68926235
-27049504
-730438335
-33841360
88480589
562585797
-45480630
19755000
217208816
-33938332
388226016
120220616
-278952456
-222408068
649407090
-446931072
-32094972
-578383874
17358
263793287
515120088
-74415042
-75146313
-35944335
19848288
310428118
-154286562
-986651977
518091544
-69420888
62141400
-244987260
-763062000
203332682
709037364
-270253024
492665850
12726406
405310004
-29229878
532025802
50269680
2095097
337044508
59496720
-103683966
43689075
-388036008
-205728831
869978040
236623428
-392598409
310150500
365672190
279444732
-21778914
681901554
-34118950
-550707610
349176996
-105861936
-221299362
-507542744
-74826672
524905519
-357050928
582172491
-217949781
-52558975
262964850
-128527496
258281420
289804892
-385302072
560114940
-504209736
326895692
835100658
-799784709
552769096
-460382250
-10993248
-774881082
-65223630
-138357954
504766786
-873651744
87937785
9987516
-578256939
230371447
-138021436
-257830716
-352962718
84379104
-41922342
360539712
85792140
17476326
254216312
-145709904
118556256
35585784
68642640
-115067953
61349860
-969957694
20562737
-719518686
-690791025
623411982
-320723445
-254794797
30530720
103289681
-226628500
-393842396
-500982656
407392380
-265212412
490053645
-332320362
-857877600
959444991
222525528
-276393117
828025731
178952305
-680004656
-281828899
43834520
158854248
157111287
-96116832
-308013246
-286279998
57838895
218554343
791852544
590603264
-445757406
117225636
454003704
-542097
-232860771
-60834100
-415250022
582619301
-190606496
312400888
-2814960
-39321656
510379162
-94881693
133119040
15842827
668285725
210455168
214141248
-710919840
-365326494
205153620
286894964
-472617408
9562788
-61441699
-378439600
54453780
-130848000
-37911590
-449201325
633662484
-465554342
226982721
-64414939
233160162
239983737
208816692
-157690875
-58766976
276738300
-230615452
116639936
-67930797
-528544479
56129424
-217228125
140580588
184243350
-624332940
-138193270
-267525870
-77885636
-14074480
-543529116
1070593
96833014
362331744
164619234
-273805952
151300062
-263075120
-160365790
-282972816
-210232638
-184364889
-196461342
-496055784
42932673
-117311380
-60805353
6922814
-61247842
-712074512
-425238235
-333002555
-512533385
180194196
-358058426
-675883683
297962184
689205924
-17402580
-161642106
158344052
244026648
598226976
271079150
181860736
-58049129
620919620
41029332
-452528022
57079749
-184725250
401200982
-890028
-7573455
-431440137
19491234
217638988
-717208695
-488914532
210454128
270967936
-33444691
66288780
-35904626
-213781475
-217491648
-156766224
2812594
-133950203
277379600
-148705606
32293156
-322340298
129001365
17269903
-672617954
577961570
829431252
-214260006
763105265
317338031
523833331
-47166360
-126265275
18384842
380953168
-145234992
-94552062
115808350
30067048
-102502316
152895912
-34517820
-791255765
700234524
135171162
-349286216
-18101908
-158212656
44329034
-52408030
75899780
113530788
-24752108
-254853728
-281563204
-596068520
-806374464
332044748
-154779160
119495632
164924890
-760122555
-56645122
222417048
-243507231
104073381
59496130
-333038634
-378806946
519551508
-267230310
208128886
-40605858
-4615710
-17947000
18473885
415907762
-253663110
540506502
297319800
33665888
33502413
-18522300
193920516
-71730225
-41757372
162356740
-80066984
-577191972
-277433024
383785830
-858331908
263823360
515990332
-392530086
702256345
11038328
-444083376
-138026602
-8557030
-27637988
-30422698
-179576325
120231056
17821316
36936285
294241387
-272844998
342984382
11650310
-612597754
-350697035
-69365712
-49142280
229439420
-1851816
207907250
81317680
235810437
421201077
-8200695
-37922442
42765030
134273979
6124075
-417280448
-354786432
225402045
109209240
60570267
-244401600
276381360
-53446134
-414037588
584714541
-128600559
111796160
337207269
-125268120
-44644132
-136849330
263333952
508533900
734255470
48296950
968374873
-281898495
48316476
-142284179
-860757053
-251879208
357472080
740560964
402429006
-813308036
-203844561
-64758984
54973495
-488150180
-85063931
-142169412
-41646330
22611597
2938138
-81031680
58439521
234336440
-75249120
687849420
637380144
168497697
-318622864
173698020
5558746
214517454
246387654
-133722618
-31912323
-494259084
140767350
-156152120
-5709076
-422235786
-34419385
-169703142
-65497728
-796427541
-460546269
-861835043
-51618502
354098460
-357148417
-287889981
-346088508
-546393821
292654868
573480225
-55024816
367781799
-219014878
466164295
495056174
3280116
37865574
162202545
197496175
-318041073
69738284
-91923228
-91659204
830088000
462993531
-566172741
550475912
-185709888
-570906325
-1491870
-32883100
-538785618
-57485890
-827253504
-239206910
100948050
-303956919
-35624664
19232480
116771226
-59291694
98602506
167928120
-312187568
-665170322
-57801502
-204154836
-496395648
364454500
-189466746
334378764
95409475
73524003
-246863655
-177138500
18450864
225918420
96538526
419542596
658325632
85095846
-342666344
165468198
-464149764
217559185
425916801
-1302600
474888337
-519502176
334097757
71223408
-568867500
445689162
5870308
-125308360
-227959024
243002025
-885715970
-43699392
-104913083
-162369060
156116712
-133571200
-114112860
-223104243
7828275
408376872
-627334400
3755900
-542039344
2128064
99202620
327742578
114714611
97393440
-412727860
38394512
-241268756
-619142043
705760956
435230576
-188263034
297766320
77897200
-150752596
11332100
-469715571
-71214152
-299041119
211870288
495465391
93476262
559717400
-82949240
-480005081
82362320
83098554
-111478344
246072897
-565893195
460008525
-6437615
-83500032
667836138
137860813
-535915696
95463214
-846548280
-69470656
-40850418
-29678805
-204055334
-692660686
664058574
215643844
-3354100
195468120
21865704
-114672050
-835828392
356002029
-40039228
-433478491
28176320
256988970
-835669965
574021280
34647591
-135456021
-459433435
-109627056
617918922
51334214
85059882
10885160
63383297
-164288103
55471352
358162090
-61162992
129857331
-57677037
62282730
-173691630
241372110
199222296
-871550700
325735560
-574384984
-700856739
-63859323
-887852639
444871647
-54466510
359197100
-124037880
-180733264
5531967
-59993515
-728537992
691885375
-488097400
-256504132
690421350
27713904
-7397068
-958639422
75711183
926730490
280281358
39247585
80433992
130502680
867338352
24902100
-29552094
391893840
61334508
-77682645
-13187922
147086150
39435748
-520874679
-318464796
502809120
411987904
202157761
-51590200
523856370
-112457508
508927293
195769412
222569490
-273550200
1022270
-252588360
817132820
-239943200
432444171
666871750
-123904880
-163995625
3449306
-252585267
-8849204
424130980
-17866140
-485909645
173683550
-9325470
92367540
-550092060
-276609360
-297292380
-261853000
-17700800
90772090
542816450
-155372196
-667487184
475659800
-167441840
-37948239
-441460580
756249514
111902802
-440986568
-61659000
1556316
-221400312
-310629790
290127675
65695568
-518788992
-243262494
682183644
284465657
731648395
523754208
19354624
219882584
49431312
-13685080
857172041
284276736
69281005
-38984387
-491428475
-462465600
653227337
-386696517
-428411610
-51448020
-137018709
-40192695
-196912740
-181106100
-375057696
38544894
-236213120
460446570
738206000
361836190
255300962
189712512
-242092318
804143963
41734816
17045315
-262065634
-475030
430571560
-174621508
787073340
242151195
53770302
-15053850
565682660
-197538588
-234460228
358379435
250292394
-965074320
45360510
938365584
72331425
164955090
20920588
53069075
-16309480
-3261688
-763521902
-717278580
-57802978
-474024042
-125410336
274087527
266136976
-863252415
-309645304
-88015320
3979968
377686669
-624264296
22859202
44345070
-125991152
61663338
6676032
-443576412
-69888840
-214529051
-88168536
-772576904
-12100800
-15161643
786135590
970263912
-540054398
179427840
-37759788
-452599425
164338188
-319736901
289469766
-103832064
175469070
-279140004
27952584
11364254
637557585
-12982575
417767910
52428000
567337287
-633613858
-480898101
25394602
-723130650
-581581390
220379565
377111430
137978698
801097324
-477786997
-77972988
-36444681
30838052
-491181974
954356370
369522020
45284480
586775850
72126134
257816860
-205430880
448486210
-19706946
95624256
-132888060
-503137268
-534000624
-262986792
107421408
132823040
281849499
-28885990
192440415
-627767803
-3514056
558986880
609632138
4571006
98790458
-325187700
223436768
-127139649
53615492
-371656872
-186334350
596262636
-139279470
-232098048
-272084352
351696863
-813047550
-236175262
-184567236
-292248216
627392647
56584020
90893205
169926432
164216392
-310720576
479005311
-918814584
-521388972
380772738
-374491780
131428530
162484360
146808725
277966836
-59821598
610168229
-551819776
-586760192
-436519642
326953473
298799636
-308269928
224162692
85803909
-25384320
-374065265
659399427
-697233349
-58659588
-105311195
-99238455
482733207
261526482
52400358
-59437438
-207107464
255810944
-279821816
415723914
82456482
-166192
-686108048
-444644088
151006911
267790960
-654417250
-332785683
-280168352
451340812
-512914789
-135222864
-137865525
-25678125
-2751056
-559636539
435491289
714710490
-741207340
918217446
-596493963
-110820360
-13371699
-315199170
77510414
101773680
-175386533
-892524124
-613897258
288615
99669024
-467940812
84568779
26677650
395852936
-97831365
282817350
893899100
-8021520
393210415
35122035
-74984826
353893215
26766088
290603782
283340800
-49718176
87976
196454965
-192120012
-328933528
-385262892
-692244124
380117452
53454529
222442875
-130853625
-596484252
-755878780
-11989056
-379574400
218300115
-686471754
-268585178
-27803195
76393330
-36676881
12689184
-113889572
-93205522
-368672334
-435155868
215105841
879342
384522831
-638784750
707574208
-72446944
257814646
-74657304
-223104552
130265038
183533025
327862066
193445640
438050475
66269632
-227627197
240512158
-381924788
328788480
-934471205
344927655
-305625792
-5078381
-105314048
64218903
-360194890
759590380
-229002746
94659896
-65724672
-181536300
-3140018
-329685696
-480128194
-677313472
-254769984
70019404
626936940
918200745
-69629776
12446775
-629970228
159451640
-330405099
-421515561
-250787950
-288558144
