1000
-74630400
-655800320
-123624234
-2243532
-290795148
42569474
148387044
320952840
63584360
60924032
488640750
-344338374
8710677
25414252
-16965120
-191549127
-260382084
529060140
64038970
-323623294
-4029149
68847878
-177994128
-144474704
-172625112
819862701
-71704480
-564094714
112793538
159060314
287829180
144043908
784937600
291080484
-719092640
-148639043
243021240
-41762865
-477523170
-394582034
-275155118
-517577270
-129174696
33813027
194134668
1388875
-36190206
365237532
44968276
160145661
-22785894
24631794
42772236
29854034
157041324
25450524
-43107456
376935
-787769892
144918433
-296935425
-127839560
-231404000
157101517
72939300
-286964484
94147424
-334663385
11703905
-148042317
-124940814
-540625254
286173506
1015757488
18238784
137521758
147009016
-614252045
-694646609
195858018
-377637368
474634374
238379204
-35810766
670709289
871504074
913242792
-277204880
-729049645
433985610
202506459
37780050
588610725
25277400
106502500
509439310
-932719386
-374462480
650205774
-545487817
61500420
-252665592
60804482
-547833285
-1626894
-840997485
-250928117
420467395
629769136
133597524
-449032310
-15552025
-53427658
494878864
-65209365
214123128
-256844160
123257736
-270116950
-668848273
-3932487
-140173260
104200128
298509939
332010990
-170275644
-120815562
259339440
191722700
18188928
-409677838
-794949000
-7069958
211090165
7780410
-139029812
596145792
343185775
116979096
-26143830
-66625216
-445064580
483303709
-113593320
-7270556
-417750200
40809030
-218028720
-662067850
-129228264
-263507598
158899412
-30864903
197884830
260750080
-31440860
20361312
-121265316
-253363198
84311700
131812115
-436265514
224586048
-967163835
-177275329
-17353630
18509064
-246473850
-276422490
297746785
93177756
-318114786
175317030
-10519014
114730854
605241930
216321612
-236794006
45393656
7789560
89621708
266877679
-347204611
651853916
-7650
650814664
-460328016
-61373676
23870976
64134740
-203547950
717477408
142744733
-77092448
-345526980
-4751370
98207433
179614140
75138657
-11402223
592559281
-5510646
3930769
-21947450
-759611910
-214323000
-15441120
269879784
257665062
-140704443
824021640
-454059949
-464819110
-623261576
-711501384
-80741896
-258360487
-262796496
397017754
-76679937
-573871875
52299234
-823631384
24501780
965984890
840379080
306501230
6816880
185812702
825922728
8774766
-217714257
-107409622
-115334500
421549548
-169577584
-237074840
404055660
-442007892
-26634160
-181369678
-73393866
6190528
-18404868
-578922102
309818971
1455804
-135264511
-514141340
517711123
-652211051
-741467967
-883997633
541398284
-134554190
-212872632
598180066
-561653344
53428513
252522816
-199918646
5060640
-402841504
349051242
244531232
139494813
6937392
-284257940
-226863651
-296127136
505971900
-895785275
397418940
-744946173
32514624
87600058
-20412672
322481156
-156800154
-275420838
-596064886
107173479
214015620
-149368800
-684086130
867284784
77924600
53535491
275405446
196407422
5802936
405626568
-4994225
-273411458
171617450
-321129660
-113331624
-88891902
549795678
-767005800
-575740263
11040432
-482111245
-292334163
78307008
55619056
-35814879
-5892252
-102835655
-90459500
-806071296
-74206198
-113733672
531796692
-25512570
-256263720
122332123
-342201404
151244758
-237011844
776090800
207938186
370418060
165351928
376595141
220016970
-166473260
505220760
383144948
176474584
463695456
-177511494
348049248
562448440
-627481712
-68461022
-26919720
-546118360
-426610470
-222222824
-429450496
121831755
181784574
671786772
-130067172
-215697164
485748432
121446416
47629330
169739593
-68692335
-361288920
247722440
-654551855
673420998
-308418724
324071220
-119370408
26496514
610905372
-23653190
211888875
98222668
-172291350
-32145454
-46985875
-81348019
54918776
193407760
55525216
234032610
529151748
100471553
75527870
134710044
-102210395
400308112
67591940
-197189349
101516733
622358263
286594254
306580815
151726724
292346250
123754788
349563500
-245446136
-46266795
-774890880
-106495955
-369085184
271370160
-504435840
942411904
412288800
323132517
87831492
-274972350
-102429198
164994318
-139370790
475991952
20902992
-22923498
214451328
-125258007
473254980
-29946850
9233068
564277935
121497992
153864516
61460361
-112687905
807480639
428828400
14418880
148764200
99979436
33515244
463295126
478769534
-311758920
616101378
126490119
-59947160
210901392
233755820
-7703448
-19546464
25156500
-461345940
-21628239
90080640
-68321034
321272077
-394321284
525145200
-131968975
-366955916
832413780
7183084
94606358
-600834960
22183200
472378522
-549922650
37598625
97923672
299583642
-359214438
608616718
-969414576
588837150
626323446
156124840
798986760
295632571
119844400
-684234300
-695303064
191539439
-503295392
194458800
729882207
-195132936
-320828620
596005700
89383204
470152557
770858400
432219333
-30725138
146749200
-92772420
185831352
-301702345
150273708
-326133423
106855430
-972564702
425332008
-452857650
148059890
131851032
46514295
111180888
-101688120
159648376
145778451
-248723349
55338414
-873900742
200928030
-393568102
-48734490
-57028707
-231357000
-615487410
135314022
32028948
211938028
-819639688
-311276490
-320292144
385491400
-4956506
-57002582
-8434464
245168560
503372
344677496
-619763091
434916856
850608713
481154597
264467580
15981632
-4434885
-60233970
-939927932
-101873570
-896556800
511299936
-102114480
-21060424
-83794127
-646457067
-11681907
767997660
29674370
217716224
57498984
190453945
-906234
499785561
-421141602
403894370
187814904
-209507782
497775947
903657492
-113770712
305602664
-67125051
45532130
-714863041
418832808
185913234
906993270
601002648
457424752
244405980
624185321
171569664
-181735032
421607996
496006107
-341232129
-52772258
-371472500
364763520
61223906
-350836256
3407500
-289157120
-119151960
-315135138
193765340
-328299804
-41062203
-95277180
-60827340
389051568
535513344
-52767146
-89954820
393838626
474860928
-162795534
-448641648
-93875220
-602302020
-384569280
638451352
-149197706
-800339400
388096317
268867968
-440483913
83710424
-104801268
1813824
37533220
156445135
321697952
-412199800
-282925332
-31277110
543847020
-54844754
-8697440
-455844214
-251502666
-632997445
42084174
714261093
174037941
-247075290
-618032943
-85992659
150121840
573599080
-108961792
-362600864
-414590330
-204044928
507925702
-708651072
-37931285
446051999
-35881664
165473820
1324314
122423028
517633940
452292162
-207765
2403116
54127405
5800302
743435350
-832186740
77091692
229562810
88486116
-448134432
-27335520
238001904
-121310952
184061345
515075560
473953896
103764210
-409247156
273667824
-163247175
8769197
740299747
372511436
207194623
-14244790
377367018
581875602
-55531944
-321041172
315018377
464384520
187326208
-333721030
136915165
-327466520
441478920
-450938257
-93428294
-315309885
-334935384
-77636064
752611080
-272335968
59484555
-257833810
-136567206
-429564520
-152456304
-268781439
-19177180
-302384715
-213670484
-190270872
638604908
-108462186
-67569648
-138151335
-101819367
575749856
-173600118
122290584
113552452
-120973164
209538063
-148396000
217336041
55516524
-162437520
-256121493
185873504
716814412
295795968
277058111
470336832
86014176
54596736
-29432634
710447680
262100790
397984116
-99771868
330039108
34581340
-889231098
-124106400
162276118
-563640480
11547506
1105412
282632625
246489960
116308094
-366625608
-17957331
18177345
547308533
-308417687
-519332
-189171036
-25447224
-39312792
474951000
-64707786
-816147636
-101962260
-139327630
-112020561
765659790
-141601760
-383715972
74221440
-42341458
15666885
132224792
-520109960
39379298
46306470
-779226404
599624775
-383422995
61817184
196650562
363737824
354370450
61023397
-940234209
-94328670
-176349901
-904590980
715148352
158225648
-91314080
84269900
15286412
-11055847
88449705
-686706048
-523987380
308274386
508410745
302537780
-316673712
-78310370
120136797
50951472
16099137
-258106835
-80111776
-57069690
67651317
-7636860
47226561
-175250592
920972304
-265257618
-45315795
406915743
-14997960
771691240
-194726022
578455634
-43530454
395214204
-198046800
174009792
-72053514
434353680
-232487458
-139085358
-157002026
77967013
-369852986
59778276
66413968
-531106260
245628162
-5960550
-224827528
-31614966
902731690
-85398905
888720665
-402612552
-195147360
-46144653
-301289997
-86975232
202627096
-3388671
32714556
331175104
-247485200
-191648907
-77680395
156213459
236141773
-161548520
37785110
-1046730
827711654
5851536
-99735720
-381940
-400659412
14171440
-27495255
-196698600
-143270988
-248704440
-245445420
739811870
277892064
447607800
-215369600
886374394
96583104
45281880
217930179
17288756
-45336792
-212682782
174969102
-27540561
33581624
-272359914
-233650924
868814903
229658350
348180504
185870512
119565237
-47477191
-187943744
-716870454
-14378005
-74317386
-66790922
126452664
-133951006
743491749
49164248
545836032
-454284353
-75638556
-107393754
184161000
65475410
-418319170
267218784
-699596795
-918967200
-126542703
-94462110
317777208
-418692290
279950085
144270585
102429700
8028286
63964149
-836053632
111323256
-100605709
176746455
296342028
-752291613
-232789530
-28163520
-181545539
-149207440
-21095453
186356400
84048620
-133411070
-226863665
-36686250
-355644723
-435425760
-646974547
-775985400
452708130
-31457160
134405386
-613430902
36896592
273600000
250364650
-139002710
298828803
-516527058
4517568
208274751
53828704
-81562600
-482091064
-234895642
-1015386260
-434050920
-126087950
12447292
-210998751
-59674620
32215305
258419840
2856708
568388184
-404627483
82197143
400360888
-124540792
77638830
312940044
-568734334
-409758800
-608520576
-209021350
218080176
-527902500
-557731405
-167931396
-869406141
-440261908
-143118584
362377366
-212720922
37095779
262103328
-45201453
-319727041
62381220
334230960
240644232
184010400
-891854748
89072172
-46470540
-120698247
944486484
519145398
723012489
38767719
190314272
563688853
-911303495
128254790
60121927
16026014
-388226938
-94158207
-116909800
-229355181
67967788
148812092
-121575636
95425023
178562616
-279821955
23711190
-134723675
178056915
-340926249
46623024
6755166
204998136
134556675
-239273408
484614246
-5472688
150371832
-378029384
-603943899
-10462530
