1000
-724689372
230496315
2597232
135814602
-101475237
15281733
-319741461
-168502572
797709264
-151422258
-441316824
-503463828
-43052946
26411705
-149680640
130435040
-180087821
594069125
-8543252
427899844
-694429527
257839500
798343128
-15711792
557836374
-142729250
-264593952
-197079908
349280876
323529810
-2784955
565971744
932655449
-541811358
745604052
581702187
-277626328
281663416
443142890
-526735820
49093847
-435722884
849204620
-303840648
-374729926
-563748426
479943456
282455470
168228555
31981768
136637312
40119621
463392096
619264915
683616008
-6938136
-219616266
167113028
-195014340
65380096
-713783
870154516
129428000
-61231104
525087658
150930102
18802391
353728732
-592488924
-26394524
-179964169
529515000
-833129680
-535836195
-213149565
431892720
253464408
-444272543
32064152
-86114097
-243620370
-506796290
-33082346
362364552
-320051355
-321908391
106414500
-1009705032
-7387767
78982340
-129720528
11621709
628897500
133645875
419882616
731760375
359737824
266574506
-136724550
143372706
594900917
-200986410
164533820
433678171
259301744
586332000
-12498560
39948678
384408628
56533863
-50115909
-64005057
9549778
257559582
344870372
30152660
-382887423
-483592776
394101504
-99159325
215382804
188075370
-214606216
326868480
324705900
-140626416
-17708400
-22790932
119279500
-100452178
-217941218
-371687140
49290593
328516176
-252961800
-64768407
36904096
-31945616
10855634
-317874315
-122828640
66509584
-421215840
529679175
-116335156
388601172
-196826944
-545943732
-533739912
349323646
246029592
-393243892
-42917400
697806192
-111823119
-193619283
-533133775
29134056
-11410355
-4866290
-116717412
91042512
-244921235
-280757562
-301970368
-75798576
-1045830656
-309622544
-583285598
80531772
-334413984
16449769
-554657004
27122810
-401474862
78476624
331698291
435161021
-579702252
-824019534
-386889853
-540264056
-235420368
-31257603
-667699312
500152716
-6171945
-191555680
-40677576
-4172130
-771405800
-369188358
868448570
-88186968
-678395028
36226680
-37493382
111398926
-451076920
-332960456
-253895719
-327156900
48174000
480672760
-281883159
726450732
-287651428
226938096
31352496
-891025322
175478570
164424546
-19821351
-270735581
105045160
113350466
196198448
-68919390
-380909178
-906739953
242916653
-242536732
-54353690
-119422073
187369754
-499529470
-639549495
619288638
46962054
7670859
4107264
-128893310
-238345212
-1387840
-332010144
-321640554
80846208
294765153
-386868825
46933662
-614321094
-418656579
46629804
517751438
40580433
430517436
-361447592
-424594136
188315514
120982590
-13524225
-809742606
554195142
593351080
-155995263
132968468
-330523350
314120268
243459640
-549587647
53703914
74376327
-417759993
353032854
184005909
134403632
-145474406
78890930
310123495
283681044
-571456032
-29048932
270235059
-190451153
338326248
-588545704
-626618860
76336632
269989088
39725494
580891257
-412357884
110567878
832585152
-301091274
-48655143
743949130
906882948
-769122812
-147598308
30082930
480317131
244839955
-589915893
-169207164
121532580
-927544804
-212294789
2578708
-662215820
-300995254
-460845090
828890340
23809844
128144295
-33245348
12595410
440351448
-19057104
152565478
547453590
23059512
-85731327
409247565
-218501253
613865615
204289839
51900778
85193922
488279800
-185994720
-196452921
-403345576
81000000
-16021576
342346065
-90149371
638030882
-240312513
-149668552
-192941580
31367786
-296700096
-254960244
-82116349
-18161156
220647232
657921012
28041112
411906966
102676321
26408450
-183212376
-14302320
22733367
262754488
-10559820
186607057
461099952
121837917
-78086127
259816352
33520752
393087103
-471093084
-88945113
353149970
460488704
844787110
298629072
319904431
-246527596
421950384
-816874968
-442939518
-214591480
166933977
314928276
203132146
18418775
-15104216
-417595000
47635080
-57375502
-358321968
-286229279
12698980
-27253467
54983516
-261587500
543345334
684174249
254509754
158598163
95929974
-141766144
-17480520
761531758
-185927112
482964768
-999276388
162788542
636784240
145396800
-590583279
61616738
-539084672
-126347404
-410214006
-393907235
71538390
10721634
368785665
707592160
-972585501
297771777
-891033370
74693880
-757707595
170044140
9081675
-359340592
608743300
52965358
138126240
607699080
729795825
369785320
116801125
-38390131
-37813277
99413730
116147570
-58863600
12228945
-48611334
-389563440
-146338439
-1513860
132036756
75652598
871683936
47456475
-72572134
-992549992
-295733406
116274528
11959290
-174491904
36687376
-176854440
-206592000
681766167
-985057416
-152795376
-40201548
-797593964
-58415860
-56522411
296892879
132935465
356590052
436403430
-63291460
-351060988
553876068
-97036940
-2799345
269275259
-317283750
872899184
-221163576
186090416
175586246
201319859
117752864
2748350
180664520
9189720
157333176
-349181096
-180962586
-377508370
439014722
-877884186
-266135765
-119087890
-260679167
-419206221
-35380843
-456790212
-134054486
-8053248
-11183400
-228323902
-93638416
-847909576
-6285729
-268114860
5117460
326216969
656276250
-284889679
-14794560
-316811373
20694609
146579610
224148145
-20073901
-116834286
137930938
69610320
306075148
254415862
28078193
695419602
19520823
219217908
27685242
-183316788
-174791760
128292810
-941955740
118282212
86985248
176699100
-177209508
515699910
182331744
-249784308
-155130784
-312871358
-384700124
-287799780
440922364
-198239100
-936195
95139198
48791700
-4233237
154247323
851744000
-88718250
-18744544
200068960
-21614298
391163136
984603245
292169920
287803445
552986696
-534800640
58175161
-31013565
65063136
304756500
-186803998
-355590228
122088180
-291333273
83269635
465143418
350669550
-10343480
46846196
-259763877
-366919280
537865120
-52128918
-73215012
87280115
394716168
-42376176
319476480
-700611336
-796827130
-407100340
286653070
94771372
1008377487
484749336
241606414
279772110
7511331
-121742075
11293821
231882480
92994276
23725035
205094448
-769272000
-351815642
626754480
292185324
878452530
-168412608
219517351
2203214
-46346625
-746652704
138845979
-74117040
325634880
208419420
117043498
-6619562
240728024
-472718454
115768800
-206239320
-5368239
28035276
-12643652
-883937285
21344778
-718182802
-449585910
-323200628
-42487380
-420664265
32495934
71860608
363327660
69536161
290361449
-112168780
110710770
435138865
-210133440
89463558
67387840
130205947
261148813
591047699
-601774240
5814336
-492049162
333822805
17824612
-197139150
35568564
-366343632
-271233018
-278398400
128516304
753761768
8796772
-238309178
733568574
217913684
44122534
-2944836
-189736800
-520675118
21138156
4888188
266409039
-547877649
-506728768
-87985344
-553604337
-279930284
25244502
38184575
-68206536
75035164
654595258
8360352
302576230
262203750
-408983273
43754238
-19343557
-259896560
-88696616
-49396577
240343664
123887343
-425218926
-198952544
283383210
-58554666
67659058
-462246345
-157035176
98515800
22749174
165593345
-70601088
231842962
-695016918
-57699180
374012087
-319042926
-358291860
415178280
160910708
-313714919
-283249995
86789760
-17782848
-9936696
375481690
-219908209
-593914132
224820288
215803770
-432891984
184917646
-151153721
354869580
-7644080
-55288335
399955335
471343597
-268119792
-629527168
287256420
18297374
95738071
211821269
486520909
-278953488
-173447551
-34635006
-334798441
613769260
-674570624
-236392820
-102682885
-583540269
518307012
-342540000
413708796
81043380
-500940560
-237515592
-15595443
303915414
88474969
-26891880
386127025
-3757776
358070102
946796844
-115242912
-51424866
306486855
822037788
81942195
-691976930
-110910560
-551251419
-108908520
389543586
177424272
-2228157
-390358304
28769958
1016992665
167882553
-336652215
-132950916
3274336
-193898250
664767571
-672418474
-91339352
-75394956
26591086
-9859311
-720021888
597211520
-247537520
-81075983
645645
202804305
-245913129
-292019760
533678930
-576294856
-190690908
494110736
399596873
649306800
70780010
90471706
27711360
10844880
-95606154
-75926460
434940366
-9380214
-474850640
-51463488
-557226689
-90952421
421021788
42581180
-40082887
-222176655
52556316
148348017
-97871873
-17616990
18675468
-19419948
70227612
-451592232
183749265
65495901
177159125
-536048257
-3819802
-87350250
88196514
-57701292
-247740284
-1015163710
148217454
926379905
27924260
302566990
251398472
-5217726
100425880
428985535
-42104076
-325949288
-686455011
7577837
800157162
-555982747
-204856290
530553000
388266692
478809216
551769888
-257585280
395368752
-221451176
155107830
-264636375
-20256222
-135622200
-325765008
-326028255
116425844
133088490
-53287540
646619610
-993087361
-346252508
2760684
864045870
-675088525
-746578476
-373734543
425886468
-336092514
323560468
-92684940
-418468960
-197406271
356932336
-59027104
35872720
-845757683
-117174882
4616150
-133042374
-87356556
-739245170
-346362945
-75275011
-31514980
59178618
48212374
-59401858
-254738610
154593912
-243378384
73433064
129614499
417828240
-18162426
-107539145
326005560
-216327604
292153797
429861988
-363061872
602478582
-816008466
822360222
-194480364
-880773029
466592616
-42142800
53859672
-275761720
-523162665
35489145
26746068
-147587895
-527933626
84268872
-84797307
-35860056
605637305
-275240554
49477832
92162675
-60208815
53053240
75805744
-509442
-199908372
327612433
-18300438
-424419360
-763596864
-29667246
-409045636
-54937080
-104358864
-46669782
-136750999
-75595680
401305230
-307559758
128306988
-626206944
288678600
412129872
88666602
-415901528
614084352
-158904163
-348292100
-719893104
235351456
-113186708
-34510726
11622985
-117172055
146279040
704123274
304120728
-288463581
-2872030
-34636168
-488950560
-81763490
-304905667
-184119180
-350408400
-194164344
-318693440
148509453
-205573014
-218071557
547940070
-27184427
-418016844
-141871283
-18587052
420264585
-328152630
593508245
-145545330
254603822
505770529
138712104
533797674
-6613218
20144600
189673748
41897900
-63865824
370465193
-122808476
-633440790
-60559788
4362987
-261595808
-7060520
-37859886
-50101290
-258259254
-55718700
-172918524
33051876
-315477663
-128680414
601772208
-377021928
79781365
-374109606
85387653
716845710
-750274679
37942912
833447984
448444385
140062326
-286325410
-20689617
-26979150
-48271704
