1000
140350749
-315129048
-600382978
10660164
-174240619
-475372824
78229325
32038590
151714080
-257931290
117954132
197273424
35718111
101395126
115581235
573659000
-824406255
-48140260
-26349181
809698780
-215647005
-334052800
-519688880
118980129
132049920
71881780
-122967844
180266572
-48723184
27456240
-204847636
-473462418
-629513494
-55829450
-585729624
-99489600
121286655
-6364650
920703391
29021400
537119478
13501075
-98138700
-436202690
-83177247
196951330
-203209155
-238165623
-303443635
-209418496
-55372200
815624395
58911580
14049488
210745248
445422738
-933211899
215327150
183687147
367205481
89023198
-327340776
-649980230
-105671252
297101112
-495811230
-314683398
372052114
126089720
-239576144
-73333776
28424331
187499475
372127168
144950153
-296319300
-624330560
-292794788
-86954949
-5088160
-622165760
33824382
240270600
323032400
142360800
-132523468
-481982788
-547638784
-287498040
-776308145
-137652590
-127015558
-12334590
-641554128
302627890
-204752050
-655056525
40973328
-616114772
-193012572
56707376
-176185860
-1786532
74653020
102935971
31759450
-21409766
138878769
279059858
15712956
-369394209
533923712
375338559
-124780222
143378112
22753872
60322227
-49271464
93339400
-630142822
-46378143
-289794999
290348415
490255068
74330214
830568035
-30120886
299309190
-262386720
14325168
-448006888
99941040
159603504
308437246
42444423
694257912
90603549
-144646866
466015221
-542899889
98089255
566315750
-133928977
1007037658
-38650112
-198806931
34808004
-567122004
-648738564
251888088
649842948
5726812
127643552
-177836966
260348370
-101424979
31910408
-275339786
323527136
-469821665
326058458
248351697
311157864
-125619438
-18582060
-3293136
-96987254
100189896
12175218
7658565
-80811216
272695410
-133435567
908701857
47092875
242498520
52784620
-10031013
223959934
-663722140
571853300
99759600
-138856727
-75784886
117166864
108353176
-116721176
129569816
96673864
413143296
310201776
39546897
527918788
273986079
2329912
-163681104
29044974
-265593972
-656279127
-324080027
356686761
731465073
-908497408
-288769527
-143144062
-573595456
531603028
16150596
-65887801
123737736
599169834
-49470610
-25256763
753855232
-152173943
708127168
370106294
-116602188
9775740
-108371139
-816847920
396817652
-490673526
345447952
371726418
-354908142
1005840
60158748
-220456782
-96201980
-440569290
-321206070
225341323
-666883800
-596807820
-152791362
484663440
910978371
-116569359
-131126030
140355204
-12674792
-592313904
162986395
197481284
244382636
-694001927
30596060
-511708704
-404299030
-159714167
462024864
382762468
647017728
-856048419
-492357594
-76149990
-405853866
-591149726
-829026
-339898734
176321992
-24368608
141142370
2963524
15795120
41400736
143389773
58904840
-247244322
40360402
197780144
-89178020
-341000105
-100117976
143652020
33513825
-400747672
-810737105
607874355
-864581346
-44410198
528982762
153618290
-608213110
-23553200
-325750248
-41828300
-451535110
-406169535
621775077
-122136256
-691705650
-9529400
-392455008
-437420672
54875610
-67537584
-138259380
-166134444
127514325
-8221466
-8832495
-57239303
2906891
201436655
-785582208
-16977035
168879735
139149225
126410860
276326076
18028683
362003523
176080226
-2754920
1595272
82371342
-102125625
36821050
-216583856
42614460
-8122401
-123002704
-9847605
25520703
174550016
102745545
-63186824
762750056
204083775
798624512
-629568
-103598208
941328466
63464205
-157916165
-447527040
-151721460
-5770416
174402189
460945002
490283221
170079939
-702223744
-86954320
-398400156
452247272
726308127
-53970420
680832002
10457850
315871704
-160496112
140521760
39811752
-508961136
160802671
290255742
-43401600
500987354
18612500
-592082970
837749493
146149500
412216236
-631963904
-9818926
340906400
221206734
-58880640
293817617
-39823232
51764625
-454183599
185553595
-125883550
-323038674
-93767960
37897776
42504462
-45710395
77176536
-415376748
762892515
-155271625
-350421630
120792776
3511112
610701460
-270792600
794965626
491631657
750838770
271790900
-23404810
-61646790
-163543512
-133701760
66665595
-234046410
-64402926
457666875
-56577618
70243564
624637863
131556854
54028632
-289495214
820670796
-242102670
-644966932
353097909
229323380
-597525
-176555934
-463330752
171978688
-72822784
64478568
-111286539
-1018405764
527226336
272501867
-26937672
181926400
11886442
-50940480
288794256
-310208959
-59385900
-367614168
-323167160
-369669420
160351650
19610136
-662533920
-135209048
-876162890
-432796728
961869216
-123876768
20043917
-240941422
-4649400
316277052
7103883
5122606
456503775
-144962545
-15827076
-306849504
-29671901
135382577
28340163
-62868650
-308373120
119192658
401850220
216203988
498498174
-157916460
-17073889
157438697
-259935039
-824930120
196810640
527105100
-8156208
-529941568
-171801000
99632750
15331688
-188728871
81291362
227385132
387786900
29044728
-36267792
-237846964
100829508
168986980
69149940
-32498592
-27814335
179523246
-69697187
-318958800
-176599584
-414575816
38950396
552717202
425049450
-84510166
-16642100
229270482
98305233
-26883350
226316308
-47930480
-547023846
-178256808
64456740
-661443200
-217996512
-469556692
-55798428
213410505
-699565402
-40409558
387489704
293545250
363692175
-133109980
91000192
-133249536
-209484488
75707112
-198893165
-706770816
209044700
-191874750
193047478
129970936
-302607360
30609747
-67051992
-397890272
291373624
-393783243
149007450
116536918
-16007222
-143727148
68030714
-154955964
111875296
699166568
-16012446
601957944
-120351910
1156660
152542643
2987170
-1157452
-51673232
593952940
-126746091
-307524100
242325
267442384
-295915805
78963374
-298230351
-46836495
-295355148
32946200
286225170
707952362
-91181455
-25832918
46044318
-21808422
-248085552
655317702
178679758
249793687
67922060
673988510
-35979293
201979152
895768984
-24012046
477046300
-57081240
435203550
-7607400
-557038530
72320141
-582973138
124551744
-33492600
456134576
-15198216
25654335
-53557497
-622050880
-124697910
-322587464
150943311
-374294376
3756915
67500004
415270422
-245688310
262038627
-44576206
-49327030
148310230
44291830
-451918800
-88661100
-118064244
-81314985
-97466229
-195734746
-96949895
30792767
116315848
480457920
342899904
-274378383
-100031600
-653646028
161127840
-244777520
-234271128
-43478922
224672038
-303046105
470890740
181624390
32697500
611878458
662517875
56752059
63338112
348848370
229804640
168328010
400217724
-286675
141826768
1008664128
-165743696
-808830400
-796551196
-34294104
-113705025
83863428
-217135054
-219976176
-138810875
12275424
708670005
-102154520
-18345371
-196461594
-68958053
126886944
172368264
-938145562
67344380
31641859
-14354370
-768248496
698063286
-937309802
-518478996
-50242149
-166917204
82502940
8297710
-251340944
243958995
-71930796
810541752
-113796681
167995107
424032624
35759574
-302476207
-294877553
145658457
-80638371
697107183
875656808
-731207106
-518936208
400520696
-314892146
-179650469
48451656
-508372476
19896030
429620524
365902362
-304167696
652211000
204175048
337486758
957633672
-155626801
-77317488
-275732357
-391736040
-338209341
-128716551
381896347
-125675953
-10721456
-432267840
11591685
386127720
549584949
-887643542
739778816
80643956
680156968
15619824
609508367
-699752417
125751420
732140604
-198847464
-19372552
701652848
-30706085
268572675
-86192084
295718718
234740329
-144233166
-625519780
-133400
484958310
162157560
-776960709
10841814
-143360699
-117754572
48564142
-170224100
246339990
-20630400
-663638089
-280079640
-144658418
360358278
-43537221
458864128
-320893048
-92198820
439445520
508899920
-347582144
-60019056
-83083102
349474800
-31609760
-529924296
-1808628
109253760
283357200
-220436288
-348044400
154531888
-546568847
-624041377
719307482
209134596
451986524
381297586
256532244
394375302
-191832473
-834044565
-461109545
-216265824
13646223
264728349
-738544062
-40255015
60223680
459956238
179956974
104572416
-282801883
530405638
190196160
-838214500
273272055
-220979918
160581198
3481320
-568513928
82040028
49917285
-45931800
-897566280
70352940
-9198072
-776349965
-147567844
134279736
40528468
557075168
674734590
684632148
656943111
70873290
-111018163
-588539983
429473775
107076249
386469403
-233165097
-193302828
-177759088
266177016
359982774
234434826
-298121520
362191283
-606927948
-474799119
412808928
322463844
-89268490
512116830
341884530
-112712094
-93064418
102121968
66415572
-472043772
-45707046
21562200
-64318275
-89496225
5255166
141459696
-631669400
-267966496
-411991242
734604310
-254468475
-38578467
-141305088
-120741792
-288979344
-7978438
222472800
564070349
145476
853964440
318153456
196590852
317323359
-164685070
47602530
-584903622
-875058354
69893142
-229141080
-81597764
-51385620
-427144082
-268645788
-452771046
41792960
-8415192
-3611075
-123900644
-323487848
601022464
229331100
-9938058
-113555094
498672200
405778800
154011480
60024510
-7953404
-252616805
-175718844
89586
-282601656
689659430
-85069788
171179910
-243671071
-32185620
-134996026
-127212624
-140958594
-198342960
218968179
-23554436
769925910
231840840
-431678080
-693974952
648281694
54467720
-29480376
17558118
353415660
442278200
-117991200
81605602
-641153640
218195620
273564763
-361123889
-477761805
-676293288
-58869204
102286248
225768330
-66407220
-219117720
144557777
487370979
-139386584
-226290738
-915232542
8025600
354307160
-518085248
-72700221
7239960
-92918072
200681307
272118420
-76027876
36156912
517043335
-15774150
9069958
101391026
752786319
-20390530
-208280842
953381088
27650168
-254805811
98987308
132001628
297918270
-164086144
109574850
72102492
-165599984
-209886268
375628019
81535608
-600736444
-421059684
606123080
-95973404
-42454780
-267377814
75606318
80924592
491699340
861795008
-258694959
465385342
-331132424
-314556868
460910040
-232210932
-677704592
-638872080
-207273033
118983580
227640159
-13982870
-209293456
34869240
500906863
176236384
-764465856
-4260330
-103366368
174644240
378487170
-59524443
153219402
241838750
-595292128
-323609696
57866600
12232304
-642575180
-5892250
-145485600
376724800
220108384
19499790
472311320
87431464
-97586988
-49658520
440784078
200451320
-457683234
-12402088
-714055422
