1000
33997272
-609722289
-109073466
36617180
30473820
-108012040
-197364762
-64319263
-171205992
-26998407
639986880
244327160
1353726
296177875
-227317958
-558617427
2288370
515953910
-27333396
-742643481
294271405
-4767825
454113816
-280909888
249734165
-157887670
-138864583
170618784
96188640
-36340350
-252293496
642302720
689801064
65433840
240308931
-656798940
-5531370
-333363420
182453904
-219341920
-113721660
-173587794
131827218
-898864902
-37557300
-15952689
399632070
511693506
336629027
-444464004
580610160
-357320223
379958319
-303809220
109309816
-975490452
-597293009
853631505
-187437903
721374232
112406800
783662035
-32502465
148244658
-23543300
228137530
-562155325
19340937
-823221175
-6393874
488979400
259082324
-78942740
-44586346
-408213810
-132093472
120179224
-789171909
-361418184
-35640189
145497060
-4793620
23791090
-138785739
38657630
-172898512
-264987172
310050716
-513462270
200118051
-631473060
146403992
-332222704
-135051756
8499408
-58306240
-39105390
-339996272
-346617846
-322250432
147156192
-154505082
-750189156
528697
292187808
155280510
-932762988
-36842787
-639442050
-636831004
-82259044
-140972589
-195728234
28980950
-857721255
-831012452
-33467588
-148987776
-235954019
-194625720
-221793525
357767018
557344032
-89065914
-383622551
81457675
83637026
-273336251
547564752
509973475
417198683
1934730
169043410
617649678
-393058919
-527927840
661746028
73424610
-5389824
136413879
-73540025
94195696
-503353053
-7022419
-777871094
-188613171
342145325
-199723622
-424169830
100633240
-204201875
281474460
-624894816
-343904064
165331764
-358213256
147758361
177532586
-371862048
375789011
-69157760
-146867484
676808396
-47752880
-126590030
-38795250
-153752600
-503909560
-248945744
838484640
-938456365
23012444
8984535
-530993913
342821325
-14322844
564679948
-33876608
85947742
-863096242
79660080
218641360
-397390120
-215774778
307071776
109620900
-201696320
-32480705
229173932
117606195
16757360
232024452
-39967902
36407448
-554835018
2571975
323219547
799332616
-292676428
187014726
421131820
709828875
-518322294
762770745
848469588
62980877
507061335
-137006720
-29492688
228195126
-195281740
-214951508
51190221
62818810
-147536792
-23498722
211855344
188397188
314332404
-1807378
-193676184
-54812285
-17525730
-697516512
-14582269
76982074
-255305876
-4014722
29832712
250223049
40679576
84751974
30995811
-171614286
45249503
390946010
-263062284
47523908
-328189407
561167892
-50785875
-4433480
-479494422
-88989012
-78217824
535449603
409058496
-4580009
81941300
120945190
-205390293
-51964990
-163655447
12331554
261731175
37654454
-56088936
178241024
-235269296
113478806
-323205788
-112410354
234297525
-451850062
-662592117
-150143616
795377260
116116524
377263458
101637186
-162851851
1002194114
51846315
54584124
449016750
65550704
-390779936
-91977456
-174323904
-825242196
-50804924
-433410660
11504397
-464099148
568936790
621728283
105981700
-581166128
-243483696
-69607818
355988120
225656618
272898452
261206260
-196134290
134575100
-13034768
-40836822
706046696
191293900
-73513328
-167910435
248337205
460780124
-364422828
126022554
29352491
10933988
116272520
63878121
129470170
155240793
-450578916
28413900
455808874
-231410460
511249830
23720840
51141680
-217071360
-569047040
91235340
600094528
-187210954
212629
-331737456
27067257
-146385720
-29807635
795773744
105344512
-561996750
-7620676
532587048
657870374
494676156
-85907480
-32341467
14774094
544869125
260713731
-95790596
-404883745
21918780
292700226
-777741484
-408492532
-214154304
-237030870
218096876
-47024631
-60079204
-31376114
-459893833
-172892569
-89591992
-410531130
-598254021
-333855096
-244675407
-485238992
-359037756
584670141
-11939149
-289412426
339698750
-329340132
-188750484
45344077
86943172
-27724736
-116889981
-278834385
-89208847
3792732
-12630387
-864516380
-332992998
314937560
253297380
76873797
-377494029
-58378754
-741142059
-604190675
97399734
832245384
322644508
286395390
-682929096
-47006298
-82954980
-496499861
-249646859
-51901535
-46950258
49233725
231781466
-405606604
-437660700
-579738990
475242060
-240431017
-93710392
311216415
426540371
-425020819
-79764027
-28078851
506366245
-158095587
667133253
64115840
196209404
975107679
-167662894
-141688404
96675072
-25735290
51568010
-186877264
77170797
166295646
-611246475
-754138826
205739915
-21140289
-209939290
323854113
-312524478
113988762
636567495
-209732564
523619328
526336785
25930636
225042048
-218766944
-410133794
560215910
-187452582
240227648
190117368
71792730
202488768
158690740
130383120
-126077042
-341411904
-452479896
80139906
-564728508
-465633340
-29587335
335577788
-1241000
638125754
-134441043
-67712860
356279358
-332816616
777011290
-632076848
190375470
695416400
-324921740
66595936
-35617104
442123920
102209688
-794084292
64815170
83354220
143402676
60506160
-368766060
20752446
181958537
-14399964
-133712936
-612513400
729745200
224355278
-981345993
-413682016
46842144
258886944
749939310
-91537437
758513690
-45185040
17605008
-35584568
-532096560
-285541245
83429592
-37604280
-57250611
363136605
170613540
133205191
9275040
-83941719
-24771460
24932232
-62582014
-607770585
-382081572
-14063760
-59956650
425988255
514076030
197934800
1004881560
-551186937
-37232298
-81858231
49658670
496370636
-405165170
140409137
691404736
-52677117
-32115174
64444770
-567250944
-498932952
222725733
-756315505
-30877951
-435405456
466091280
6674966
217940841
-73649664
-326735376
-724624813
-103949268
-5670368
137400575
-190359964
309185440
-544742527
-846754467
-330103190
62579666
-47694972
-767771425
69627712
-25946647
96501340
369490650
124827160
-155176752
714577754
156224667
434555460
-55030374
-448985372
-86436909
345228180
-171447012
-271653942
-37998265
-433436880
-152878948
-183630987
-152644821
292173632
-401303664
-808483332
-7193180
163213432
-645911973
107855418
203706996
-308815977
-276369027
-488755944
-22570002
-12275700
140117656
-618348720
647345720
42446316
89105672
461822500
200658411
-205363998
370870044
451016844
-829071750
147233892
-705748884
43544640
62155062
334919652
274832856
101130324
-346281924
3793194
-478361208
-353853560
-10276891
555254133
-153094120
-545467934
364081554
200027535
-146082307
116587888
-238163321
974207216
-152340510
783914670
-304537696
32498911
9789618
-101426080
-204913514
-19285318
-41147184
56744623
-145585472
100493120
21128569
4059158
-990114944
110879820
-156112020
-7344400
-169661070
71028672
353099565
-35367240
346010500
393278060
310245888
-138343190
-1196547
431239011
-791199900
146247255
-677215218
327083023
-439530260
-51650740
-518845442
-5162220
-140913166
-650851725
8588658
139218481
-314885419
-321742918
-372373870
-430796960
-358517768
-1024826768
49817310
-95702112
-539137160
58071195
-133987581
652779728
314785107
171967364
-203674148
111446615
2682429
-373987845
-224950216
443031720
-220930584
-510415825
-545697360
241596320
-59445600
886197480
117965726
-248712386
187757350
-121821450
-44822628
-224452800
-480317675
59754046
-116306346
288401645
-490613144
602272880
-206075016
-24152240
-298449492
-402839620
-521316
39094098
388656052
-465175400
25352228
145015680
911218668
-555734004
173338350
-225660735
357790168
-43438203
-542568384
177508693
358695118
-392275824
298554816
-372779712
-34787108
93370142
68866259
-267980445
-251077040
-134626830
83944444
-399596442
-596604784
67489347
-57599178
32913612
271441362
54199456
-3606975
221995536
-94880436
96823664
-358347184
-131312016
-224317370
-7595209
185324364
596780328
122823180
604287459
-176222574
197881624
-251726250
210393144
-148442904
25741222
-253349800
693215475
-437932150
-249956113
407169916
77694400
-812735976
-27283912
-404319976
-140833840
253177146
93385484
-148374336
143692670
-94866056
56292032
-410962115
-345710286
100580760
542788070
515108284
-179552463
-465280362
-59522528
543753147
-248033332
-803936154
-866126585
81510744
536075606
47561580
9819524
432566815
-327400088
429531192
-109035381
-160394716
-743632416
208669593
-245701736
-206661477
-701598060
-30902340
-3958272
-191437236
513876132
368986614
110340384
253364746
357173850
-263227050
-33433765
189920055
-410447502
126161778
56639561
-59092449
-159936483
3684384
198814438
251489890
240895820
-103657717
425557854
-98555565
234567080
-141645570
-142522380
-840720725
-388528050
186214704
-148364520
215138567
-24513269
-707441028
-79681437
-237302076
-633719772
702681665
-78505776
-251300808
-110559136
99389960
-312964470
-40519640
72513942
-327200022
-503461540
53612870
2472288
31778376
137359952
475992153
348877152
-105128562
-48426625
-52886720
-883485165
499889811
442812200
-23119767
-133508355
-254113936
28919583
180785770
-116281445
7411619
414472790
771190816
734088522
229401900
19308341
247618398
31010694
-272250
3074136
7657616
-586870480
-51858989
223298304
121987580
209321678
-87330520
-6858600
-266035000
130013856
-355321538
-417353390
-148352589
740397645
-558169799
-97304214
435101645
-782357728
-83440750
840403080
138057024
-169924176
-281605608
929030872
-7145640
393403878
40611408
166839510
68775232
-68362072
-74637927
-25717932
892711422
78899899
-10749571
-1056160
-518812200
55148400
-19803016
-152314872
69172540
17752800
-195726735
16775640
47686556
172803480
197753472
154232949
-7749150
-93919356
3095750
-546227118
-207817362
37710060
-27373346
27219028
455315871
422878920
-233743462
-686649327
37357748
-246837989
474264558
-161102538
-260058792
-553152768
-844840470
59520582
134304000
30793986
75006200
398871236
105712100
-163266484
-304206348
-374244585
339878412
-135381510
291654165
547129020
470220309
-60776555
157353721
355448721
-58804004
130450554
-39627187
-63447213
286632975
-586327040
113093046
995735466
-421541760
-38095360
-347091810
14822640
-424528
-136404342
-633753968
-120574872
62172336
556005591
5931450
625057159
544816713
4402085
-125047800
-549460755
184101136
-360853328
-6842407
428724604
156344336
326246600
-6773728
-21128090
419134464
796289760
56708364
252722761
-111088560
460552050
-384359917
-1347708
71161506
1001433380
-657184509
-430361547
-111127884
126299394
644855807
484560780
189791872
-3910816
-84628923
-768252424
-871405091
181273833
-328288812
