1000
373507200
242092753
50231792
665711820
-13146650
321546240
-49043310
391389385
356217981
32326506
665784900
904108832
47783686
33339680
15396472
464868300
405178668
-82916420
323282292
-93143415
-26959616
48471384
-271915800
-343665332
230897548
191015360
53626840
-132329553
263086542
12989889
-54828105
299541220
194720839
-143484516
-355902631
647042403
-160335
936120367
-332955537
90374236
-148895061
-117801798
31985712
-33374700
-706569435
677190648
-287256625
2951795
42097038
-204405795
115818280
-493717032
184558210
-196067456
581688090
13417470
541729860
-132435719
-214099200
-454819248
127288800
95027870
594110848
302319828
71226170
125739047
40073679
-590886068
-345865250
31676620
-188925374
561103689
89709411
-434076657
1741200
217631465
-261120288
149763060
350243150
-94712826
-158360939
-199232670
-132337660
-216377700
-648639760
-359946752
-101792740
-459995630
-28228200
551865534
-561383494
-312090330
556452526
707298369
15337048
554379428
-77362396
-468196074
-23670468
-545444179
214713518
-158352422
-58401648
-103546252
3104952
-627535124
315347670
-63588231
9794244
346647030
64664160
-702013962
119490484
275275554
-192537792
250523826
179543432
-69854769
-689965824
32682468
176782460
339398948
-301169960
-348678025
-49648548
-117036866
796557476
118740941
-375132024
-874913816
795216276
-26612204
6256016
39436320
88185840
-493268137
525526902
146163808
-123919176
168836052
368269440
-29056902
5705700
283235568
590885280
-641384750
-473600004
99868540
395166060
63140805
3175500
-34815677
641860007
128893380
-192599296
-563630162
-43092665
130427024
9135945
485790416
-403737884
108814380
319702068
-76366302
-89652728
159247312
-199147808
19568241
-251896169
263301600
-269261433
-10703770
-818229913
134183550
480233943
150601292
-34824285
-81796366
69811725
960776278
225127116
-109685356
406533072
144952554
117234621
32603542
-141870900
-339676842
735303972
-382525162
397811530
229169960
388177512
-338915400
50229088
-168098616
-546216870
73397840
252200718
5505115
-243298620
596444318
18717426
516771619
361099887
132026560
335892096
-144806456
191686250
21249984
-92397740
454031148
-303679280
94050804
142627520
-363969762
-132857220
303614757
176868660
137089332
242916702
-500126208
580998782
199738072
20667774
-5648150
101823036
-53155024
2343806
-290853892
-1010052654
-306711960
249010212
-323410911
-40598
118275320
105321237
236594465
-975214494
-279498139
135594640
-810614970
842637915
125670960
294614177
76768020
74062886
14501450
-19961030
-281970732
119223270
111696490
-13785786
-250342935
-61592399
27165320
247420732
-156275600
7184744
-234767505
179410233
640807776
475968780
17289309
-300825465
19436886
125724901
-125761920
-287571292
612318282
-95749730
383642532
-540529780
164186487
-290274390
29995956
-528827796
47858391
-284512464
334346012
158858660
20309800
-518829402
2131604
-24857433
12430020
-125218245
866367969
-147063504
194985505
14731341
-183656964
-142108638
34338952
48350995
-35714925
-406421879
525433438
-33353518
124906296
72468432
-758915376
640975650
-508981328
41211028
251583948
170076334
272993480
12231636
-369828888
-2407670
8876344
-827933360
-53796303
245176472
-25133628
334574380
-36901089
112215864
-314744536
-689070
75490227
43601336
-267188164
-8357799
355076892
-696644686
-315625492
335910718
132386325
-91281847
771120
315708174
2807790
-656856664
22368090
31686398
-125431228
-11269236
2495133
177037435
10002720
658932032
791039
-174874176
-146996128
-895184136
-12892792
405500643
5773918
-335049986
-254161848
-389489680
460562608
52767180
-55164270
845621900
146041674
-510197442
-742591608
-782463831
-66790848
411744620
-183357458
-155143296
354298845
280071705
133938176
-190859572
-536736240
255268629
658667604
353539550
53445518
-105843162
-712365120
703838334
236666338
9122076
-25317072
-450643530
84045819
-855745000
14629580
238596460
-5042687
212045084
-834813560
-354538875
-357036048
-53084768
-880141845
-354725800
-12453812
-83687919
-116234406
480957663
582566040
31646904
637606211
5518418
-161183628
-113623755
-69187519
-56982960
105471106
309403956
-257335950
-442889686
180022080
93775520
62943216
222894054
-211017911
99646653
169290012
90986397
122100480
-246287811
156087076
-54002795
339967121
176265096
-300600915
324672296
-413613750
914427204
107191608
-417031038
-392946885
-683827141
-118218014
-457545930
-7598388
-482676345
-172544064
-371593152
-23174910
8137848
44121818
26856897
-287796190
-100057664
-113800863
19549021
153434052
116779372
-72821600
-87516672
-18341602
150808224
177009950
-104969160
149130925
106652988
-139804192
-8367492
-316366033
-141627150
213667400
-303553260
47361831
-968562700
344842008
-332372768
3745926
-128012346
59478900
147148625
900593144
-85956290
533516350
597039832
140704626
854352219
-199896200
117363648
-696413534
279169644
-16827551
453528900
441802998
70338240
309967749
-385699917
340675308
-163308052
-196518840
-222663100
27698573
-336918228
516705
-1335945
456953076
-98334058
-226027857
-19693975
520264152
-25448280
104208448
2327860
-167893215
-70785586
291077604
64082836
-226685980
-111087876
163903620
74268746
-167565997
210920580
216171879
14034308
-470727705
-40698193
-28601460
-523426071
-9891150
-16811598
336218617
15650344
51732681
20952540
759208704
-22789800
888220
-263354489
-70763625
-158482758
882456682
-672025317
-41776182
-164344492
-124691710
-37604490
152835471
121743570
-127352916
10127205
-592959396
559007416
-59661425
288785386
-323128187
462738011
34941644
14101360
141415960
336390281
104363091
124976730
-560733096
680827804
-118678557
-18443656
-19007930
257839282
219275831
-1778400
-83137896
465248091
26366880
21787488
-12848672
-201997840
-137043937
-225621980
-39457242
-140933562
94567306
82062904
344512233
-453662577
264573218
56784
100812546
-5530350
579786879
-966780868
479673552
-6347076
676131840
281230484
60121977
288687380
-298622745
10566679
-84800305
-290523240
-27900056
9872910
-148953702
70701589
149647491
185569770
32555292
802634736
432194140
-913528075
75361830
218022813
-366172723
-348900121
-79070188
9708052
-33297462
-336361410
67304832
-41612128
-310312486
132125620
-463894290
-691081230
-20511106
-213307479
132335700
-14608834
-390141502
-590705910
-82662281
53401590
320383456
54631973
151852092
207730424
283053417
-153667404
-294380394
333922131
-692437544
159817922
-295426944
664856852
-34885662
-118585582
172463200
322103080
320614416
235600158
111084222
357887376
754392704
162249900
31485035
-755175225
401163966
-59603120
-391340977
74320902
-25162555
-74686816
-237689036
41323522
130583590
-934995088
706807168
-1008189067
109313430
405318933
-92586000
-477527498
-608442120
6205440
-157095759
-233499612
-76024733
-590118704
-342912384
-158981355
63657384
-265241766
223968328
-21509760
-183592737
-152928036
-153642580
-155709730
-519153590
43400
-604919744
178853451
533575150
10031164
-31287594
-414454866
212865840
882772640
-31831443
438010546
-95202396
-623809629
208856648
430518078
-84439200
-360917244
-156675735
-109101186
331513882
-883829520
138845432
-31162340
-276970530
218278137
74304144
-142589027
738878304
-436722788
-71523699
-85400621
26492888
79470608
391880295
-389528082
-855076990
307765008
531157567
28976688
-241407198
433824489
-782056350
-168625754
-745622800
473186976
-29029850
370417566
-443215267
354949560
467774128
-699265180
-598591400
-21101400
-681913534
259494050
-22368360
-384847496
725482290
24802830
511974196
238280520
9457219
269554824
148470186
260447824
146874875
-582360516
24322764
427980984
781475300
679582213
33743006
-8285370
404247724
813703193
-789364554
5497559
97452572
573033960
327736690
387824647
-448223706
8823336
-451170970
11143215
556705296
63753664
-173509776
-175346000
151677537
-40171602
424094148
-123765690
-84953425
-248565760
18428553
-158795028
22489453
-143903760
-297240576
120395373
229360080
-617195625
-472548648
-261118676
-522936000
-10061428
-81581481
-129705878
-772186254
115841400
-135617856
-171619784
543626831
186325232
272030904
-460206201
251671350
-251261240
892920256
48251070
-344144640
-20036640
399748800
-21866250
22531628
787242124
170680356
-94853896
128392704
186046520
-14772988
395658952
523115832
391496300
-219722094
103808970
51394622
735770427
665532400
181261438
285151986
93465477
-294781179
-468795925
902878105
163604112
-12968956
225286180
-252808938
-814502421
279841276
310354755
-498334396
530806878
400367050
463858132
13427008
580013650
-282485875
105164904
-419465856
120761280
-68821890
-44105391
-49110100
682567860
-346616270
384526108
188250557
-513140
322097116
-181591485
-73146584
-609161812
-156169440
801099354
-299445120
-508477420
50670150
-697184628
-47498588
490994246
-432500650
25807040
891370585
53305980
-202478771
5570526
-203119994
-202746088
-267085935
-57031416
428268
358473870
-341977212
-175932652
-266843970
-53043256
334867680
-307610308
1305773
-477608839
-70772022
197027229
-734483064
360732537
836678128
51164905
-162848475
-6247747
-665846880
-109089299
81240956
656964231
232003872
-23328171
479240971
768420625
-36964963
-7682416
57684776
809695868
-160673696
465721024
-41778109
-620678175
-83595320
-258468440
410757862
-290945054
-69330537
-53525520
538179600
-43302204
47135086
30855720
37280964
-213502436
-25928350
-634130792
486718995
-378911435
418881180
128625580
2744645
301185648
454044619
-206048340
-368497128
75991021
-321764500
168293253
-363177000
231277440
-48768280
-738779264
36491392
-305917085
663970359
-17775386
225407499
191619692
-699071600
7954570
29796528
378235908
-68022615
-133898985
-164331760
-16699802
-575654932
-7540897
47805576
124563600
-447983085
315853604
-314883572
-37671182
-25861275
561515020
-320163788
482257629
43259458
48513172
-758968387
-104290969
333988215
-790495570
-362084520
-136041864
162718512
-181543232
-18222048
246820650
-67839497
207495974
114569792
45118005
-56984850
1901850
-5384016
-954134244
-37904635
-364422933
-367602135
510059319
-147248288
-98309895
-29049948
453859196
635468350
-28115178
608481384
165825660
-74414349
129553020
389368100
288213684
-14895755
221001725
19641006
