1000
-61265994
106564444
-460469256
-613975230
-85097194
81649918
328662425
-71875608
-310127141
206019950
433208580
-308457932
-403150145
304924567
-429208434
-288239640
-660216112
36287340
-691226900
-11848954
555372440
-136285896
651510720
-9464832
225272539
-28633330
-161058416
33388926
467573524
748651620
121371231
382820725
-765634800
116496575
5694700
110495280
165746277
73820655
-76895415
100590914
-242139978
-308915945
-235482074
-5296860
146814822
-113943510
-41630349
-158091588
-205175844
554542180
-30407488
883177425
92637734
462618400
-363883160
-775689096
-293391763
-153332686
508738698
-524220660
-260249052
-77788800
87324468
126472320
-50650896
57952050
-394147584
-400679433
319966845
214298022
413438032
571047584
299406760
-40889173
330051253
-34891136
-658155576
164024049
828534932
8386018
-287472492
-66471462
179772078
62315727
-792135498
-404657262
-467319573
-107287459
175767936
6636179
-96550488
575194410
182796660
178376336
-299893524
-42964776
-460099144
441900704
-46474414
-68495372
-243435654
379155443
11715000
-441351105
-141333620
-367379782
105214020
-261382764
70015680
17612180
-6434790
924231892
199120012
441091901
-390594159
-250569488
481566225
-105973882
58767520
-199211464
-317581056
-152471374
275322733
-263327328
201789705
355756744
281729775
2284821
-49920706
-470070906
346707713
184688785
-461843811
-416522916
416495664
-523652655
263666697
-783285675
-871613152
-710390480
49010000
580415680
598009785
-319248136
21945600
-202453895
-24935344
38579340
-292416264
-203882380
-738636306
-337402195
103915491
30086433
-213683204
364940038
193601130
-55827190
-172184572
49785150
-273577604
-73931835
669179472
-237625376
651384580
24510783
267914304
481275830
-1008535968
66834994
-46727275
-492059547
484783488
-46380477
-29526486
-261772832
12833697
830986984
-211215067
-19929440
-236918858
-194841747
33358059
-133171710
773630228
-117766790
-338591920
-723312211
65393944
113350680
405216288
59556384
-698878368
40920224
22726886
330153728
68005134
349056500
144062188
359430092
189310992
319783464
-295354392
585871487
-790829095
598238602
508416221
498180424
-100687535
80162137
-241689780
164449107
511536105
511590487
-139293012
-6311591
-110773674
-984756828
479497096
26899221
-310488930
-390285689
424487232
172406000
-172497464
131049476
39574196
-304776480
-38869688
462718122
26582946
-400418592
-345961308
269919512
359607674
180449940
458895618
-165565040
235294232
151676372
-210316932
-8131266
-537081160
-47504545
397866846
120693972
109637267
191140875
-240431790
-404115336
64528560
-402577396
169108753
-208198020
201076524
-633437298
-242271420
46748827
725317880
3047063
-336966613
159593600
-338422315
66526868
-646268299
-121389602
-51067310
97984957
-238526100
-92518400
17674560
95492253
-623596984
229545056
-48452262
856487520
-239052720
-5821140
188105380
507223548
-132173931
-150930124
-743228400
-226379399
-240246032
-24528810
-308761398
383026401
-185112933
368851739
-631716096
-122107986
393385572
-2353878
-585716274
-19280522
-186331290
-7752429
341659460
-124422480
20505381
269600994
491920032
362753444
59865960
115394823
-213292078
-14242509
95370360
267031886
319186680
-197732202
20619900
205871235
327975414
237585565
-688334820
-43245456
938178745
-525583889
-214673760
-256889395
-94656460
-296384800
27037374
-52048146
261251016
-436193460
-315912191
-756737055
-277235984
-87827740
2550667
71919320
147729536
-507328349
188040608
423450700
-75828104
69549389
-53718266
60391992
198944819
431984800
126144174
137401776
403292370
327035358
-195643126
251358276
391702905
-208666936
-577327212
-118863075
400968950
54798413
228883026
-145196626
-496253100
-143384093
-572428894
-628976616
686412
5505792
210559986
696850200
5447208
108708267
193265492
-371361460
-294750624
133976942
92214613
-138111474
540024736
-27788967
40072824
-243116256
-69724945
-47797200
-168023610
420060732
449740767
180153050
335373290
-368867115
-287409518
-198046956
-426004592
-54469417
85691772
-409294600
47650246
394734808
-200622900
8131455
973153764
-62298684
-53672052
-459799470
188410616
-631782487
134622624
-217703650
45426796
-56741387
261852678
-12504050
-212084196
-1028163549
-118085088
-465298446
9945600
181122667
-90779094
125265350
-513718064
17837963
-63688248
-535484298
482495762
2988912
241933920
-252437410
-75405666
30150130
-599086832
-50860176
-383969872
-172374418
18725640
59765762
-43651234
-30152304
-663016186
-392273772
70728764
-356348850
-79998100
-61115427
-687363885
-32587200
854284712
-505144836
394599180
217497544
407877759
-107141544
-48137296
-110137560
198520398
431185031
-600162975
-254380360
869514408
512963616
618559080
54275584
-484424043
228020680
123436475
14011232
-642418168
309055104
294018685
-226233750
366914444
58882824
32185740
-225905680
-6581652
-16791060
137879720
-543613218
-399347712
375974313
73585336
-189844042
-131740297
34879428
102145300
-163411113
10703856
331550115
-235147892
-355645386
-523064116
-28852604
500919507
-222394113
290982607
223834156
-236493708
-185931970
839368700
48803265
-93060990
-285967872
-76573701
310154910
-163527209
175325203
216781572
492745539
-42163968
289182784
-683668196
273720652
-259754872
125083312
101756592
-129448485
52259484
-169347758
-168150560
-310306500
46527675
-58569407
-73108780
8856207
18430546
609844992
-65758266
-329871480
-113957130
95433390
-160617138
29298978
-255303360
664242000
-382171596
-217081475
571749450
-35290752
-267230376
417437048
-357099934
363450870
30666756
494824902
-506190880
800267773
-82394200
-171193725
803251163
946198071
264683614
-41981502
294517879
-953275365
22250282
218998320
-79571234
459034272
143676852
43131993
-119051886
36543087
87830932
-41351200
136742796
-506430664
27710670
-66442792
-667605103
-14129397
-12934440
381405925
-421640726
617883253
44805792
218572454
-156226464
736420716
-64397168
-216423396
-228322088
375056048
-166903784
50563720
-414717159
181922034
292382779
-123446890
-813965732
84190120
-96618078
-48838775
-386683347
-618240864
984278142
-30544410
-211535651
-41445964
10694880
-47875092
-1861344
-325036000
824664648
91116685
508766940
-281284092
-36610668
379583820
-13344903
59901829
-207934851
-231665256
-375750
266986160
103871243
410306112
172357544
-649793690
-488923720
-696457145
6636604
-915696263
523477314
27132476
510283095
-922734800
310525904
167518392
-32617923
-350739162
154511680
117968188
-162038825
240718720
87750612
948387235
306614596
456963752
76784870
44517700
7639315
-517326414
-302693959
-914858478
-792397760
-198202680
11059672
342380034
-17671550
-434271632
-277825648
268236624
-106076295
-170264080
164325690
-27593910
-50694446
28601650
234366336
188217904
16442618
-77682540
103855872
191756700
-430549203
-146992905
94625144
143848110
-164225944
126348684
-125049744
334795080
-37963734
208348148
-26321104
-436653466
835837170
36035363
-30839880
49607632
3183851
-644081022
217992514
377356980
-60975990
-8563338
479392000
95752503
343663197
210336240
22788441
-330858528
-753856883
-23782920
773625056
668153232
-143525285
299193356
1055279680
622878232
505944168
25449636
559280187
117657773
377138752
140883560
-35783176
-181893384
20782400
1061049
77480480
205316700
805808232
97088526
-801531786
-122318504
-502783668
718266666
190362868
96660200
-17816751
205915115
-259850987
-531014736
-222761592
79394112
-445108066
68684940
367341760
48863250
104048857
-1849154
9149699
-213365523
75397084
-850047028
468997225
-112519616
529463436
27784134
143443295
844938816
-30333456
870068304
509341025
-202792428
-383202050
-306185924
-592953271
-373851108
126437890
-388324452
-11441592
-327708882
-602531904
-100686592
751597974
226826180
-90358959
537175942
-63649589
-78856152
864895116
253531674
-305521530
-353601000
-67560480
-142733636
69296760
-151043634
326306448
-30301491
-121618146
-484179516
165454934
808559928
657008552
-210600984
227884280
-425468589
-9344400
-150880966
207163605
41178956
-427090646
-505028160
255880458
-299361048
-473932386
749625525
-127239046
227136910
-403934701
-13113450
-521080811
-249885300
22137280
-832847020
441417300
-672553469
381880096
282728658
-246960425
557481276
-261841316
-800962787
108266544
74645046
-698312471
-368742960
411640920
-104947452
-535236376
-498635106
-791897760
368465220
121058595
-19505147
-262450624
785842717
-641844060
-331647729
-74018772
-428326056
115745360
482611921
118331772
-72479928
632276496
-175688744
-439620045
149361755
-791199608
5388252
12205377
16686432
-102301656
-135856656
-930926304
579905775
-344098752
-65014710
123554758
145974325
-9923342
42889257
279443318
-22502946
-21544675
-236130498
84273075
-244383744
365796944
63120229
-283572910
-16319131
-625010808
51165044
-493119180
224685969
-273213405
-527230725
122198415
298148299
875027574
99138984
524908076
-46540585
258110814
-199672463
21313116
-154316557
-73331412
14837802
989618705
-358342805
-271010542
506860200
30629790
-100178096
130542568
-551624640
72199920
341586432
-380491139
816223793
561154992
-25647829
-110531373
27590473
102455100
206312892
72447064
-114550041
109441474
-134408475
-22066176
157852966
-84729351
-289360540
26107948
107347200
-394373994
-280620090
138309054
-17119830
438500
458270268
-362827773
3058776
356887694
94785600
-302933478
161257800
-326268280
-661697298
-165147697
-376202197
10664640
-808317
380147625
-475789704
-717535912
-225327555
133886841
-125051756
21386444
91333776
-615919032
-263734830
-57826314
126343847
-41143200
135044419
431483325
-172257413
161060616
-567165690
-330957594
-225556004
-96263648
-82793960
-358946960
19159080
-525515211
-908027816
-562697352
378840938
318600
37074586
115598844
113493504
-388296384
262047441
-337265734
-334556418
-437211242
240071936
19124456
179768495
606804510
-61708504
-577842835
337613220
268090914
448891556
182803950
416331696
87311565
-28706760
-161878277
348105940
-815466387
171350640
-1871496
686161025
-405256670
462470772
-108633655
-646576920
5149768
-372799350
114777630
781960980
260004402
-579136448
-81520004
37552060
101626440
-764189720
-700047250
-327847750
-846261430
58014219
-658503
-471627960
795378360
-77749953
-163923025
239133375
-15897255
285422904
402989196
-119322984
