1000
-587538446
87538
336067908
40147096
306790092
77733864
66094212
-268632876
-46099032
284014134
6291655
267650280
870672064
-27995748
13703040
149779158
-79181960
-109248384
96975647
-158938816
-27514649
-187130055
-221245427
614124288
833450808
-511389436
-640505640
-13273590
-468791418
229503021
95134325
-281129888
-111858423
-40245056
462167244
-34381024
-91156305
125878810
530955230
-5965407
213383672
421153774
90765480
330498282
115849614
142291545
968130162
-258676539
461456364
-690446428
323786445
-862896566
383159737
253942934
151120809
-141756020
-598227294
-87958772
141783494
-304179276
436560644
14742995
-13747650
-492573158
-7158060
-8338500
-101533944
199544040
170317010
-127547469
654783724
214267140
-64221948
-13195776
159177735
322961400
-368110314
216443373
13486380
37881480
-694311827
-696074266
-197363676
552046523
-75945310
11545920
44273128
-479618166
-383964900
417036274
-95071424
-55310905
389194481
-789632533
-883761489
507657240
-431325972
13712520
-13078219
852662228
-289345566
-511940796
103305024
274863740
-115267779
546272391
-94916120
89696241
169234450
30998758
796302872
-96613062
-223028960
24322950
-381745260
53897818
-389814690
-276588544
322578300
-150867114
-122375849
-27541440
128111776
-94550575
46320860
667760330
1608472
-24334335
532084163
-722547864
-176788710
-707583015
-881104203
24391962
-258895197
-301740048
540871789
41422359
-244262102
488735338
-64700870
116478488
-569629422
-129288520
-271395332
304463946
646679859
480155610
-760607353
-383664165
-657339306
-176910840
242747712
207863282
-284910346
-438396875
693709744
-17442315
-239010652
1828504
16271424
-17092000
430772303
164518350
-186943800
-450406515
333922597
616480928
-564917682
134237264
-189296008
20535660
661193232
-270572967
-116762100
-375114561
-520927617
709414251
157155912
325552374
-50792805
167341260
25043598
550493865
413239319
-245421347
-84065184
-949967732
-95612675
-346259864
-139499178
145340044
-18981110
230553085
800550036
218435932
193370682
320832738
-588728450
-834976676
-444337130
-572740924
-256463055
158091272
342707036
604869142
1876756
-652042545
-259980451
-59348604
119867666
-51318522
343869458
313534540
-34692273
249151084
217198421
-358055272
201760600
-217443408
718381736
658438704
-117879580
91543338
124241746
16341216
-260867010
-302037303
106958432
677880256
117443574
-429582772
768408630
126571760
-145609350
38543535
441609368
676872080
-128712748
8093235
-339730832
45679488
-30867212
-462184096
-488839442
206673376
218499660
-35776962
523341918
121674399
-253356363
-30359540
-18016335
-556500462
-220367856
266467656
748787040
142958466
49722106
-239858808
186892735
308266515
-270382344
-283638405
130004973
670131660
93795460
-106626525
83247570
440520184
116731872
21407904
-186287718
413320504
-51419779
129072586
272834870
214371680
281564211
-150492050
-79144567
-137664488
94843374
79117618
-702209007
4136940
-291916032
154614325
-780512205
5719292
-323210800
612254412
-430819604
-603839940
-95775155
-5658678
97701144
506892048
80724540
-419964789
-35856183
865330536
432759548
-330227562
-167126400
94244076
538005672
-960576929
-15761790
-23013155
562381470
214018938
114277536
-19280302
-165508085
10482176
-758347812
671418612
313460170
535486290
-629677522
-186749145
24704424
3835986
-505753788
29521240
-70137732
-56920218
-128403990
-588882270
504241108
-96995184
502674248
-296563956
-4401445
-750313056
166742048
-63488960
220451744
-61260800
-46347200
-568509550
-53961383
208367380
-307420608
-258263490
-395074654
215109375
-879412912
181321440
64112530
501387735
-998035155
90202518
80788000
43016216
-237606490
-156737640
-408837250
268382895
71624797
-78721272
643054342
39241327
-111513493
-312239928
-256947495
-122313555
-106308631
317292914
185469670
458886560
-162271837
554988
-4319676
-840069418
-216933000
123368817
164211888
-27760600
-60304900
-110185218
-626387272
-751748091
156201535
205571769
-48745142
-151722494
-730900917
-374233440
-931442114
-146826471
48321708
-85295106
59668312
53748784
-239583135
-162023316
-261610076
-554199800
-364712220
-387485370
-340760172
-535050176
284552664
-817717824
314904678
-92349120
-763459445
92909440
433630232
24584406
568071466
378833400
181815561
699885225
-44356290
427830909
153516708
-775425112
312772599
232242040
-87377568
173600377
-210757864
675239072
-791962358
-48776910
-262686096
-188950476
-136721184
510210490
161723373
-161495880
-210380625
1288530
-315301473
-249740904
259713147
-4160910
-38905340
152384799
193596535
644650076
-79197083
-223683941
-57284407
-223261426
-229926156
-472883857
-14154642
-45247455
917645241
147435255
6518421
673544174
-556715520
-69038838
-12044960
33052362
-433837740
-500500146
-502389360
820563172
-213739904
763022103
3887044
-50966526
36422568
40663920
-273617040
-373265568
-58794169
85951250
-619734701
-278161344
-240983008
-309840892
-116577088
-408497538
381113040
96205784
491975860
-130400596
7180052
88239316
162687096
-499935132
-190566719
-54040086
575297408
-294743977
284060007
-197811794
527210600
189533498
257996048
725169760
123798699
168290785
-725665344
40848354
-381133080
-590278206
-289202098
-328112280
175308702
612460728
121589448
-270641942
63522360
155706672
645263528
315714959
1092750
-978791688
-331510318
-583785909
-138415628
-162264504
110054992
-200557134
-504569160
-365037100
-467158536
11820655
209028556
745300725
-458200859
36323640
60399360
-271112670
-151935531
28507707
327308155
-100105904
-225256816
-844519353
-283500444
12318156
476848425
45448837
115521392
274817387
317573764
-2657492
-340821247
-412204891
-452600401
77541385
128834818
128201665
220577130
45419484
909781740
19981988
281864940
338245999
-849720222
654405450
8786304
-66026688
171027038
259889784
-133267228
174141240
66136800
-32379270
-6312744
-64298220
458908064
-84686044
-105488334
-147062380
197157760
-572956020
-48760896
87003308
-157455177
-279874485
-6178680
58102278
-442710492
699085220
368531080
288266560
-249053672
-155649086
-143194980
-17395000
153668958
-439053316
94610793
-85679235
271849150
-89702829
-30860066
-83851840
-660539312
-146666975
-503949716
26534440
-360226820
27608956
-5449840
-14149590
538340832
-224193210
431205357
213403568
-20381014
551625965
144952045
-324071010
-163604373
-523946758
-567546806
965798586
-193650586
56724976
-73622758
736419770
-2087505
217216992
-1447788
-16432416
-78400420
224979390
290851788
202481503
79860850
-231187895
-846838594
-150319204
5559741
-399438
310187640
-477373820
-762868392
-243733527
-659655066
129419476
-362118708
604851330
-30650944
-302649039
2732400
16731406
-295318275
-679812714
478726118
-32702103
-385823955
-96704818
-11247776
-119796700
-232670277
-162973680
-241275382
113557958
-529617640
232521333
596143240
193224552
-778030652
-357103104
381472595
35670960
591928108
494648604
-435874452
-41761928
18647260
-8335530
-113566956
436584786
31879152
-288805590
216928824
-356009078
-661790950
628551984
-56350000
324697992
40737432
-618227117
105305298
-161311203
-58832772
222994170
-628916275
-48561290
184084650
22744334
1185884
308111244
-17929896
673339147
457390449
401939258
-101374560
-343614264
9834416
343181358
-244263141
61394340
187214940
-671671440
-849676438
-58866032
282238440
-327875730
619526281
234262900
273997080
-25001556
-359985450
-30201507
21213192
186978790
3804640
159180784
43121826
196361802
164218938
-402791
335876553
-18618392
-761120472
-37607715
-101007225
-618570160
-23002590
131534292
-851384144
-240839340
157488114
276352064
2255839
-564501029
-185777888
186664359
679618156
-135893400
147620046
642602694
-365488824
-162732330
144203094
7069085
102588579
232129449
113474026
63065944
-2217764
137974680
470710058
304166243
121047225
270570657
-16433636
231310611
585602006
951477240
-67010532
396072902
108540904
154243864
-598665408
-292490600
294983485
76644072
-868408056
-750293740
-172022770
-3256848
-415122400
-146578872
-828867780
163085916
-342599234
-45574828
620160576
-130173750
131372260
-486329454
329432288
28415975
215529840
-36607424
-566074347
-898530444
62422091
-354484123
-80234336
-145728005
273343330
310718716
-534681108
-351497748
13923504
148121891
317750741
77153726
-301841408
-278461708
-217781056
-31445048
394494105
188192791
756885801
-114850526
-501569904
52235277
-92963586
-545917396
-837165204
699317325
-27440665
-66279331
322286391
-47375680
-67186548
346147119
-50403672
-3038510
495220030
-238094976
-1657465
-311400656
136709949
141365700
-28872987
-125758032
16368605
-124359840
92506073
-188072192
493350032
-80853520
371106054
103708506
140093460
-65920845
-159746454
202871016
-129856347
223161420
-212694344
425222700
417138378
-398116615
-33615036
-19991510
681285915
-47611564
-261319936
-395763116
-438537902
918656988
121520450
410533640
742926016
-40503904
82195204
584135170
-139796136
280343800
-5513553
-131708160
-434623758
-162415744
38404266
-17378086
164751356
350979104
-490356720
-636314760
489184884
317810790
341471152
-32791629
36158533
-344936944
38193408
22166298
-60812374
-244434568
728677963
-129839825
-53788050
163467910
-139176159
72862200
537086100
214601475
209521818
63556761
-18227130
-254607922
452562768
203168690
793441930
70492242
-338625750
73737840
-303292308
452436530
414421959
-604993584
-115912368
-43008232
-72476800
100029692
96506101
374796194
251134420
-276382876
-147626024
262269580
534912685
-293106138
-349419777
-23736350
-258267150
285007945
277428204
-33557888
93890328
443093526
-779677511
-184426614
110611696
134872509
424362903
-245618796
-179060388
11370064
-352183126
-238152170
-96341448
-221890559
38338740
479075421
-184763790
-67447128
-428138298
318632193
251838016
-745903528
282496560
15528990
63481145
27128023
-164862390
-545905278
-792846522
18344920
325599610
-830883368
-138559008
149633722
-693065061
434764707
384979350
501408556
-24523206
623555522
114190347
397799045
222531600
-743126860
6033438
657705888
-44893212
-356238628
-125842696
17120518
-17107281
773644113
54333450
-296435547
219979876
82243861
-1024195908
45331824
-42630580
-360113859
292048125
-296659248
271492731
161135352
-216110663
6882744
-555844464
-186212268
773615930
518362846
-908311504
623655025
