1000
939253916
-182229138
453263625
-405332064
652633128
186295161
-152759421
-1167525
194397776
-840612528
-198298770
-413103096
190201628
367678808
394278300
-182691945
546952788
75550293
-459720765
28505554
104402564
-113356412
143590592
2423705
163914000
-3628050
487681348
-375735088
524517595
315471238
309809955
-414189954
-11105688
266991562
-409552576
-361629099
664019335
57106947
-197270986
103803648
-358362144
75405840
55183480
-254029530
-201480552
51545130
543118900
-469125800
541162224
-77979720
1947112
-13655075
-16131255
9775744
78890820
-700105138
495024706
92058044
157345584
-172315808
196149465
345560074
312783559
33789248
-15817538
603882628
-975240
-170426592
-297114051
-71065377
-579052968
-494076096
202511481
197501455
482309415
-712621470
46859246
334101270
-8207967
310029330
99167683
-50264775
22177680
124220915
354783530
-48100809
724107584
-329790344
63442764
228329280
237002325
-271866353
30059132
-65120659
71578170
-176791320
168613650
-117437860
-318275204
-47464527
629637890
-60063003
-177980
42385707
-135554328
555906117
-135429705
-134460648
-137549958
170016238
396044340
-138072984
138964476
-199759092
-66526377
-484425700
-711647445
123995989
150077784
109470176
440459943
-267556863
628653591
-80057484
320012245
-183306214
66282150
27561880
-545643254
18117645
48127888
-877385432
221410236
-17986000
-16907823
-322069748
50404640
-395346996
361558600
-108095435
-332710968
-245873485
-38954978
470774408
30908416
-5848712
300587182
265481805
-96372815
42210864
-127973472
485801899
16093402
82561746
-138946731
-27864984
-20902920
-81728610
364077212
-154043632
-349028615
-152621706
46222785
-40125551
-130899752
-104797030
50759714
30422315
-73961483
633423128
-140031216
-417069510
-60237985
967520
-250039314
147169787
-209569635
-44980302
60402807
-153675756
608151228
-97608752
-322558269
-8728016
957380588
508098726
-564087564
-27662385
84408590
-44224668
212766566
-176901075
-98553078
670005560
-37403784
481404802
-61542020
461646486
252724500
65079648
555629327
-281409840
82005300
-17016186
-668128120
-41805860
360802755
-316673604
-189420122
-410007860
37969434
-463881924
-471630690
417654135
171359541
-522025408
710203264
42139110
-153623610
-55256712
922428157
316757256
-362980010
34109144
-46604250
235445179
569745670
317891504
-27209799
-90454896
-89755974
-21859970
56443056
166565124
346875907
-884643768
8146839
-127708614
511313712
-91607406
7826925
-16675636
105772492
836116135
-402303300
-300917150
-20494782
-366775818
140038368
-224388538
-25403088
-85467341
247149312
-506448044
36036864
124372768
-251674876
-139040448
-531554980
58717318
18284220
1300677
118988768
-133777170
725532120
594266666
-174656808
-442371110
-464347520
770800816
99441230
-472858536
-487982880
12706551
26650656
362620557
42567347
-185792667
275739048
-89090784
-12737262
239470698
-110203717
-168204624
8172505
-80049789
-22844928
70338496
-265751373
232556324
91164406
-500805978
-195404578
535688636
548126569
733926412
-739976025
-270695178
398708176
-149684388
16393947
-134798832
67042060
-603114894
42313544
-220968114
341454738
-652357818
-194006592
-55538254
98784264
-1724166
110019975
58872255
330816420
264309990
2907248
-161010175
477943530
14800671
-908853426
1675440
423951232
313480013
797665936
-125223528
-153646680
44853080
-268900900
257686000
-24754400
737300925
-611667615
211195542
9357265
-200600620
143027589
-124461458
311850308
-45646250
161968794
270952032
-472376807
-1012957931
308351121
668971227
175303953
8614900
-400395096
-4529613
-68785651
343020350
-163157330
27694756
-103509550
44289290
282160120
577701378
-263531250
-902078268
-212320837
200498697
75001374
70973134
-163856392
430660552
405507944
-378052272
311254295
749300256
230485309
-165087369
390790715
-204819417
-42631748
-7517160
-363892184
-394817922
-200322633
493740062
625503736
249494947
-177403187
149147375
23692432
-179139774
195517446
-35935812
238426272
-234458236
-32801160
-153420424
-184641606
776032362
408513187
10631934
-631644630
227096089
-358124340
-576063975
221313066
-382731264
145927479
226320150
327416355
-399630520
-630175716
153803409
-134915751
-238074150
84533800
-241530542
-452076410
-33763488
418771948
-69703920
-46800912
-198196318
-671714036
123126070
11921539
-13334013
-14833665
561386389
232457806
-624597218
-399232620
-111240252
376874407
78098892
1007535261
366918159
-30773810
-143599500
54034860
94508848
89158940
-737584960
-157481226
-39842601
-41570784
-773255650
406442893
78471690
-833204890
-279163430
6782712
-16586220
-72353273
-10959060
100593192
320703648
403529060
-54298912
-54660831
378355152
-652181376
240781845
-267460560
76085579
-696048545
-744673220
-10899450
105919281
26898675
-15877620
71125600
514034814
-240586900
-8964048
-80274876
321450696
308844950
13642640
-188743964
269552056
-341406979
295001562
401442042
590025532
231147840
320587752
273623784
-93170286
-167041875
249647362
-480711592
227002104
881504502
515200828
-148643845
22356440
581362124
-34008072
821643276
88389192
169687980
618865632
-201708781
44163762
66668700
469227026
6271965
362399996
-404638590
-65816292
-83373848
-138014664
-138688288
101898504
-595686744
-22961757
178420252
-137642547
-44071390
716232888
228344760
-528441497
72469405
503752270
108936616
-252104175
-132373540
-332821231
-234729400
-755533808
-173770740
14162588
-8206800
299248012
122914400
523543056
-98731947
-55524447
78596330
-207733084
199216137
-118023510
932492524
61970508
868632688
-250336656
-266541730
6871240
365929164
285834348
-541603508
-115348638
-470159028
284595054
-322587055
-185238355
-502966716
27938310
-602981896
481559816
-435619969
-381570784
-79512452
-122744040
-143304560
207437944
531098910
514243180
-304154432
-449220240
-345260652
-5288080
-128101260
-203902245
62020050
434540740
51681838
-405743226
126489429
-21746868
-59526072
-15998653
-818260216
95792526
-150547308
52193124
90047640
300259072
137646792
469848488
363430350
-719596026
-209818788
148114228
-166254158
-216588014
-293927326
208354586
-239539954
194048268
6476400
-196433376
186762724
137813538
427791850
256321422
607947557
-860409966
468612220
-336197670
-66758175
182580720
211703269
282933224
16393685
-585361220
-211702568
85201528
-437060060
-77066808
59527452
377205725
-891912696
-41329832
-66718712
-80722440
-160322771
21469294
72763968
559186152
-233105593
144767100
-42315078
82571984
1019556720
291957072
-572425056
824081920
-16446512
296519170
-342912474
496656595
509278752
-562458090
631690879
-41844615
5384890
-292400130
83072432
-70354224
140318483
656041120
-74361000
-218567745
318682682
30621200
22202864
-90766245
-5618210
-308211610
-93113462
-195451410
-33708800
39439296
-7384090
-20708640
-200975724
-394125048
68384064
606019760
-142398183
-50704464
-114016170
315566355
-12091428
-547884001
-864884290
-767323376
-158122752
639090048
372646288
-640824114
55923194
42628572
6912544
100138486
-630790832
-1996800
-179098040
-184069944
-73111833
557147283
5203558
-316609917
149326154
-201194248
724971940
493764372
-339961664
-466634740
-83257941
-149989563
259280840
371512330
-20605730
268613148
774947250
-42045809
-403672668
29813784
-465127408
-410023507
-500699547
48522120
-315587811
-61061860
8137902
454862100
153043176
20591100
823149163
164842887
581962381
622741644
-79200000
314410460
-376601070
-275296149
-709224620
209909180
827896
-173666045
293585259
131549616
318694410
-20059144
321008324
70088080
343475196
-19517352
-42308172
-278527178
607498444
-9796596
86991982
808729696
-773572698
87002748
-140770581
-24925600
-32644222
553009603
232485066
-166339910
405960165
-101614248
422792325
111019086
510411689
-207236870
147889800
127489731
397108768
-49187180
-116989100
750284028
359146341
237496120
823093392
661531066
669461232
864176430
874272399
511098594
-645893990
204027204
414759856
-211215397
-210855260
-260819136
259598576
2421132
492333756
-488392860
163414264
54806792
-7239295
10776015
-15779753
72309193
-434044032
504046608
80886507
-100851048
-533119968
271797309
-306380823
44182773
-189834029
389295280
-550781820
79474234
749088114
550091168
264648982
-241584640
-188108382
363326293
364132017
3134609
335796288
-682983000
640021584
-188508192
-131747555
57259575
191691776
34765056
110597630
-150933110
121856742
174919851
69237456
326928834
625091860
28053900
-743157090
-166255947
-43277325
-169635616
-472634228
-88654237
-660472392
-73716850
83081403
-2837164
513224922
-111007956
363393448
-446568759
442702864
-186800526
536427528
54949635
-50855508
428823989
-326286260
-831636208
-348519894
131631648
215860896
135254510
-297083530
-76138776
-388879374
-301050450
-9287460
764114100
177453876
18696613
373710780
70038980
78325569
467630404
-127482075
-104703391
244647984
-249524688
-125224337
-12264461
314200656
-145747096
-813121452
-48540162
-645978166
123499832
-567674760
405530049
-125858194
-541194646
187521705
-251959141
-337157736
-96610250
5734731
-656762787
672905450
130708656
-29411880
673681448
680338168
-147421938
491263672
45816078
254460960
209803584
-602816394
-272811398
-240076746
188914460
-462821530
-537460224
-10349857
5529559
687049926
73629418
-955291752
-17570384
-672630374
44866026
316125017
437077845
-315391538
153472401
-86700972
819696480
-285500297
-223785150
-91144926
66755400
291294014
-123315365
-5304040
-117681894
-635529012
-164397519
153822352
-550892685
-9144810
-14468342
24106447
67002412
455779480
-315293157
215640920
121459514
-480409262
189770112
-640805259
212241636
79076500
-467591136
483838272
9913005
676393380
680442170
-712927488
163058103
-486189990
334821564
49247625
-172346884
116991732
402684408
598888290
-659304025
699973764
286640852
166991508
-412830000
267561462
375515235
-221453004
238962981
-44285628
40170144
88871292
69888186
181197084
339030822
473607687
-973094256
-644767098
45382800
312214595
-182495400
456745234
715217968
-6443795
-246827040
-630810000
-275436108
-853359955
119293180
-693842251
-16057514
380409155
-51164880
532246707
408358905
15028644
11534158
334980648
-130181480
212985500
65839104
-119802560
443098008
-47083809
518965606
14153750
-343682232
-82347091
-650642688
