1000
102140530
-353987748
117070740
-98890896
-44868320
-21432060
18211038
251387568
-165987328
829823211
-50737452
-403782464
-209333694
-79571892
-134248125
-180886260
-186256422
707545287
-185443038
102110370
355647990
65871936
390280233
261484171
16645140
708224124
-246272946
-24328990
762696008
-217158288
-42548440
959289152
-6715240
-603200196
33964880
-135840852
52233552
175670184
-576854102
-346160724
474010680
-561088221
204204210
-32332750
-311616382
-102120000
129054060
-245564550
-154285175
94635240
98039084
-128356599
-461030510
170581248
2355545
-300710852
-53351334
366217995
-481739580
-11140240
66392520
593316024
-134320736
-36075290
454330900
-446189852
-54476874
-393078933
-249339573
869069173
-486884050
129754791
2010800
-7772250
-133406303
-60148668
338512385
2459394
-910333489
-29984344
764444200
-595342448
-176694837
282048984
296794347
55233612
656883490
-216057190
-230384583
-155616516
72688370
-100015230
-166052820
69102882
62237012
259562681
215783958
210899866
-356114592
-231518064
-15910664
231315194
-320581268
-117751928
93056488
-211402416
33989922
-379675560
8331330
-518564791
54817150
-131750568
-18164986
164184090
320383898
-68470180
444593345
-457228710
-79694286
214483296
25183680
-420356304
10973294
-623633295
202264776
682052625
115427636
259713810
-276829824
444969504
191121665
675837000
-160225000
-625097438
254466960
-100035504
-200140200
176177430
-285297822
-848134320
-464499840
-647474076
184380112
63835504
-683688320
731377080
-319699996
-97913348
511326816
-282739392
101490480
133750814
-4233320
-53892384
185637126
-397263960
226786144
-153921911
-41327804
-648273720
678449160
440576178
-59561672
181629048
-120287440
921913132
-216433116
89099794
-13902670
334056294
-404817906
-41847288
-301118300
-45053420
152976088
77054210
-539989236
161919028
-969805465
287906500
-22378096
-223447758
-757025388
154545732
-1427690
1004711092
100040799
-11511144
-152169010
67711420
-367933200
390421188
492790716
-666741088
74270532
113193030
10164135
57486228
77551504
1917740
-490912506
564562017
58691402
-15248971
386858240
-389676210
-565061562
883533060
-738601
-325743255
510870825
293828986
-641975088
-76627512
285123538
84288109
349249405
-260022776
8584940
-118765791
-477567180
95970304
449319724
-337596748
-544480200
329368500
-23725944
-55350126
-556898617
155413345
-22429964
-754347150
269847900
618866820
931950744
-11647125
250513179
301682874
187498116
131098896
-945566622
-623926470
-258062616
-653845888
244516954
-116578630
-522545142
272521781
-723480858
-189836155
-373544505
601297165
320743228
102265296
11736612
-70371049
372560968
48938208
-74958124
-90353067
550816251
503799800
-381727400
-713704600
297060645
-314779940
397095600
134221920
-857197215
-374538694
29952360
5730322
339049034
-507659134
15565047
-376413296
351152424
-391414128
-325178210
169051284
1670054
766904959
-165089518
211566925
749800216
-525163184
-8004966
438175640
425110464
20663940
171197312
146703576
-54810528
-37415028
-287149653
133133888
-125629504
-187714129
-346946068
467724528
-563665782
-105000480
258552118
93390408
-338680000
38185068
-277587996
108812520
197096376
-736016578
-291815226
121947142
933913375
-686262995
432879328
67352252
-768253644
403486840
-53667198
-133505134
-234340677
-26017382
-112340527
-577401039
-518223074
-335266280
454100184
401313180
160179942
433545100
-65363810
98176496
-506390000
-523243520
-33176460
413073180
-108134649
-18920052
-67160086
167772465
42778967
241179242
-390602499
417834155
581617272
682556556
-21255300
-414705408
-181482292
-361681100
675241560
48398550
701550759
266551950
262548630
157836770
-4617111
128352704
112374339
-72523383
339341648
4152195
225208830
-64524043
313205872
489284208
15079976
-338569032
41575542
-475956702
277629617
173732236
479120962
217256790
-162898216
324281175
320837424
-110962240
-380614416
-14046832
221587656
-65138832
632579010
38890752
175267756
101883948
-363070357
309828636
609686000
26812674
-110986144
-190564750
26724735
376770589
476644735
251334174
372328558
-62375754
-182389585
-532189283
-267813000
-62860788
-120724680
52098409
621361257
295052854
-92593042
-604393177
-62167032
-68322016
-163030020
659153418
58180275
-820286856
635337409
-19050624
-31274760
-90764520
-182391815
-82305472
-39695880
-581010650
-174758186
-80097316
33131710
671733430
11174832
530093012
54986319
28151451
697562776
-293380866
-31659610
875463488
10798256
347391705
-754992730
-106232536
103767115
-439788700
-12862080
-672419540
-129031392
-305537916
-31198212
132827283
-96678763
29571430
-364349154
67052211
85520617
601063441
748665810
613337356
584285247
-63538869
-301696290
435872875
460812800
-28620192
-45770736
1336993
-425670200
-580708267
220907775
-212278960
-197650416
3809897
-68236662
-80009640
236318303
514440252
-93985963
269766700
-516306706
-445817625
-243750972
-424142536
-477041664
-126452163
-268269401
297558183
113864926
-84659399
-6871928
123522646
41222477
108966413
253012760
738564720
73858044
188618400
-26207784
-111147351
-17431608
15047900
362005248
-616126272
-528483315
887442790
150923088
914270555
-22675844
11432160
66705032
-165117254
-315962856
167549536
70173978
-237388060
340169456
192693858
194863170
492779350
312465518
812809010
-79595180
215354978
-217105358
-108385375
-73170524
-854834160
-106130025
800330064
-75787505
264455022
-462745267
15295176
685181232
234056262
256148985
593489798
702497766
-442992030
211919652
-654935962
369621450
126144000
-12081750
-299714976
-153135360
-530674036
-403624917
-152676419
-571297728
-5972616
22319660
-190843239
-408904672
126680688
820658432
41737312
-653018931
-915503397
-149080785
-37079849
-62240272
-4501035
-89453748
-101575464
-11728800
-11561420
350595000
294795675
69449136
-755384135
-422011783
-141450400
473305476
-334667332
319264110
39356105
-257155110
-7717508
15067344
94221792
307267928
68624295
791116224
-12548916
-63760378
-611289978
130484497
-609921820
371600432
35354944
-75741250
196552465
19616168
40130100
-448417614
959271748
-440304100
-506170963
204712435
12511620
-57520019
110765127
-126968567
120424221
-2633440
-43994160
262594988
-129521184
-4162008
710556000
-560025475
-503756535
-38627248
45927680
-114151470
114586115
231336904
503146383
-442728341
-64406808
-561501190
193884320
-110867728
-119843832
-276325000
-153259084
-118686798
-733124028
-20140886
-488593029
40527872
40534790
481595490
308933664
286076210
218415288
-113258430
79842959
-59070750
179122356
-419651120
-297486700
383093912
24770367
60376128
-77355912
204750
-90596933
-131325596
232150572
-204060037
142362556
-145732608
8549814
-483327888
322394375
439212760
-35300262
833596383
-163371549
101982540
485314616
185440835
-192065340
-121053674
64166704
411461316
36061240
-49442496
-555037
-456025758
-251813520
-111459750
-485280789
372680901
241516548
-15198409
727307658
-228228222
-52368213
159166525
565823705
-205927098
-121851394
696604110
56102018
375261628
575978861
120681058
29822688
432169842
15462400
983417316
-235360906
-579872424
-68561208
303878525
689039384
306752544
537755686
336123014
-62615200
-46644656
209593606
94999388
-338832582
616020398
-32338080
244423448
613653530
278052040
568759796
119053768
-903890148
-171054760
42969894
855987174
-14525038
776267310
-309194877
136632865
69059122
-355864086
-244305661
444949868
-60828369
-364521870
251306208
4645503
-68766136
324464628
-56009836
41575800
-881420461
15085350
600362
-903545928
490178
188634362
-218735916
-430595876
97722976
154995555
-80968195
406755452
101315232
-269738200
232674944
344990745
-167453505
264835648
281153733
326959488
-96294661
263757753
197248176
-14969500
28277883
-534742840
126004560
348971466
202674065
-612002760
13693589
51399158
136360700
111002592
-233266050
-342881844
-257600572
33033385
396872499
96020730
-335047580
-220260166
-291512830
28706418
-3734562
76086768
-610581465
-37053261
-219091445
224625723
-37087924
3078054
256413297
-278941586
-3079970
-4638928
-589205168
-745765238
-24791066
165622974
253020820
-359146200
-82179504
-135621892
268601670
-456703130
69205562
8743339
-237409776
562611114
165521090
-805961760
28567309
-88489192
-30758322
81939165
-147975474
602028660
-260768088
353148477
10215769
226683015
-97888813
-587983060
-466972004
-235744696
12531742
-677381046
6314868
-3662307
-48396834
-178610616
6648236
145836112
250587918
-590898500
293037228
-94256760
151384205
190373806
-95811370
-751343341
-40042471
-116111450
360698720
34401438
589287065
-45303185
-422407584
-181487796
47033000
75027630
-759028928
-5436184
73709010
112441714
24058048
-229739524
-411004048
210650620
-221562189
194644800
4504668
154630543
25346160
-57777856
37238722
156836328
86337851
-139727378
-84748600
-3311685
-363528060
-36194445
-224181640
-524546379
-87205637
-215649300
257916931
890256204
336416469
843221402
-7990779
-156311078
-517460958
-70620642
93127086
7853739
-43544952
92541744
-29066292
658357380
-5157728
303232825
-191442882
-86612348
-645736387
16760572
617054634
-205272508
249535246
-75237826
-470679429
-41932368
303457560
115252110
142194822
145676078
60134080
48593200
89617470
97207135
-829559220
285750505
148239184
-50768323
-513246580
254468160
-862830096
125934236
-7666095
239567112
-256153752
88892000
-64363896
147746172
712591436
-344335708
-248782248
-71433224
94943340
-64593366
-5481569
-329849716
95096190
809596882
-173011663
-108904112
-231941710
166019925
-102479128
-88481848
58019962
75960009
-383847120
-568273020
47004186
-234630300
235223610
-471795000
-234910377
315391020
159355868
-29354346
-39548772
180207300
-596757720
139367040
-119781252
-175328010
4502645
-435758397
-527017174
310516976
359236319
366881465
155960192
-22001922
-401109972
-40391585
17803437
248441645
-146924600
-225269226
97510363
2197811
-77734188
-206347107
20529730
46453334
54980808
-33853512
-18253340
39470301
-594568546
-514932463
436392000
-15518544
-159884811
99298180
820688544
-118099079
-185356512
-203653109
-99640689
-49798996
567808974
-13176000
342459299
-179260952
-387912633
209842451
-944886085
554061510
177759387
-134943264
141366312
120933912
-97624340
422834436
84412636
