1000
779981336
-729770148
-464521296
457914038
631737225
-697015029
25342240
-33694296
155271250
698530142
37405260
-20276347
-656502
-89566254
-84051422
289704686
991619259
284549144
544003275
-243383238
-329626912
121875924
630390450
23031470
943283640
-280642124
268091910
476755362
113527908
-114036748
31162725
334830504
-74803365
25642250
26761475
-53380509
-97144416
62080266
-53502093
-375063455
-296554932
-270421370
801350495
-30633953
-270947776
211379739
-24969840
-55348286
-171917088
297130000
288659286
405137652
-181746180
-20541690
-401864400
-119760060
139737210
158870064
105968720
94377948
149872825
-16518078
451941120
16666475
781959090
163512328
-18113039
-112140560
97901320
-28704942
-302049251
323678458
23099464
110695080
106890048
682761616
-4594590
273054064
-220705089
139645272
-633991038
-43172649
-33597582
397143614
163861080
-499241904
8464424
38630864
-511050182
174676320
-179575196
175490464
34128842
-69267520
10824688
135210627
11377457
18120718
-46807308
280787064
159918801
-77334958
-591282272
17617624
58593601
430685248
124160589
-184931780
-210059190
320096700
-529816443
177233040
390405645
155077454
-36597561
-97251744
89641632
107492000
-302168625
33040224
213774192
288761044
-72023732
-302096466
-128679628
-454267968
633164729
-64828921
-336201806
-158830880
-285348000
1397494
-617333176
-419680215
-405809868
121555175
-669829888
-756442512
17068755
226021754
114473961
-334474677
-93214368
-656210322
-51536700
524520568
-94564338
-17046171
45182412
148086587
159038438
-36645206
198511481
-407704518
-14035543
-117289305
3459512
421340804
-137587024
-115671840
-53003610
298936179
54491415
-917840892
208860275
226338462
-379275129
149965725
-240745050
40575952
57540345
-156139076
-307071780
49244010
79998413
912410368
-149785020
-312626540
-611063040
261224748
-58732892
61983744
-840787654
-141711241
-717739579
938825000
307339899
-424273080
-406215080
-95942582
653464770
59629320
-561093414
44088985
-561496121
181827936
768370176
-244501297
6034194
-112482756
-227986556
443658260
347262849
55438478
-221342108
-49731032
-1235615
-246896804
-117310900
286947568
-264423607
-114380161
-191554272
398633010
-332676984
495340650
-50208896
292677952
-425729376
-50783040
-187575540
-251897888
398668550
138569484
194852385
291647530
-134831968
220931871
-78919113
-427872180
-408423870
811623931
432862150
373935504
-33414954
-98277360
28164576
-21178770
284695008
180645920
-1040216408
457453425
131363764
306196988
-254162359
-30252180
77650944
236700724
-695310346
-556517890
-145212140
-332787546
-13933080
-46878762
-406449690
-96317866
257924749
-303731100
-21902716
-400243025
437503022
-133092960
-282232864
69353506
-109421046
-162511758
427227282
60001106
545517945
558706248
-536915656
-648295827
-71617585
439802038
620832896
79041820
-260508848
412950428
866763744
-779676378
120463387
120705702
-22035174
159846975
-44746058
204276528
-797943798
-47468058
413001570
-642546024
409775472
75650561
19952837
-164895500
76936172
129012728
-566145787
168359528
184994544
-11849139
-1031142882
-843716718
315778471
166303710
-44727060
-35787958
39768035
-402390416
617283315
645416016
-63584
-270009192
-118170130
255449718
717717520
10692155
-71612520
-175764960
31372732
495443893
-212081700
-49108434
755568392
-247634468
458227065
890500
41522505
111952625
208606875
143812224
-473155936
65551050
-214755900
365486460
60325010
105941399
-134625142
346171056
16481976
195979719
-136801026
775469448
-643553928
34580784
371868214
460494693
-764185389
40083456
420534345
362244204
38100532
664774992
-26445522
2229297
-74208384
6046012
182573342
151212840
-853893222
-264980682
112792554
-272451707
-247305488
80009836
544670592
590004088
-168516439
30013025
-184123692
56226300
280735786
437746800
147960790
159245760
-68266840
52559663
-494739090
-672414156
-91881192
415331925
-360390906
5339275
241201443
-541543696
-148199912
-8456400
-50506598
-55314576
886371200
-586076634
-466543492
248235570
142163180
7353380
-680384404
-17324444
175425789
225576152
-240311401
43582704
-55918060
-346347744
-90980872
-5580124
379879962
-223900404
23096960
141800688
35021952
130842960
136730799
-354060148
-768165840
-122410134
131951619
259804992
245997385
-365504384
-541826916
-857339124
-110563952
363578721
38229904
-308883894
-32845515
515064000
-103060872
-3796637
-74832534
125316646
-345887520
-405145798
-95671296
820863799
-58872564
310243619
148589991
-103502360
-448850052
21094000
-4274734
555862289
747809688
-122066658
10348666
-169486308
109729217
-57100320
807281664
-79050926
427973440
172865860
895068354
541081500
296287671
-291849292
-744795917
48074796
-27895666
278554514
-170778055
-61608594
61740672
-301460361
-26657708
-447064839
-61536915
-140928228
111927472
-14722624
92081000
11703664
144684540
-705852175
-52246355
142302420
-138965680
-131024304
2628990
287844725
-286401192
57240426
440910007
-418260654
471715405
-362059217
-813166572
22652252
-318406608
-288047858
212494562
160537944
-193914996
-402921120
543870288
113455500
54476123
-84000150
-115682340
576791930
478403821
-74369334
-38070480
442471218
-132386616
138212360
384337510
277261803
-620652099
187140564
-2845557
-513496536
368061057
-187128055
-220374324
409101000
-449979308
-66497499
-257264060
0
50689281
264737690
98205090
-244651842
242892610
-136688162
-488306490
536745583
-114689136
451379304
-324688549
90171270
-328790976
118374858
-890750445
514571932
145213762
-102551223
333797712
-22264712
262550292
9317087
-287322795
625302216
543635015
-459910110
-200671976
66183680
-458887788
-52065225
98507295
-49877100
20256132
202108425
6771622
-398106340
-181376604
-63661976
44187608
-137631875
-15441984
204943389
844797300
-59873528
369949275
-774376700
337513916
335892214
-21150880
762435944
-71333016
348251260
-400216824
-876837458
103431896
-115767830
556326875
479527158
-36637027
-155110275
46358532
-258025932
251193600
156120678
-194163988
-36242388
15465018
-107816065
441875941
618110071
-35690139
-151200
372795444
-170728422
254971080
-189294600
416591300
-120305669
305574852
30243208
-99760986
540572850
-199277408
-195330080
425128080
695804928
-349393752
315505320
-110311571
-476849532
-696140910
-109474750
76780402
307321203
-336965640
-150207645
862845390
100464186
55877640
-44082892
-292272155
-807667690
243140835
-576516420
705067605
104935131
-358325175
190484400
1032054452
-751343670
441350588
-61945081
-148005947
407447100
344787857
-8081370
421773308
-175894080
-4791824
62251980
-144723950
-126181368
-11868336
507839016
-134724984
-19825569
393197535
-245081460
586652248
-221810666
-898030152
198188450
-568174110
-102243280
-6755763
-552583620
68536249
-200607924
163499723
262532900
169029616
-10079136
727724514
-855059504
134166040
-115268062
-251426175
37034649
-81148650
-737889864
7847830
-106259808
473218632
-314405133
248138328
226632743
-508408719
-287492709
82126034
475010515
511303104
-634397114
-333946186
730314774
-163247303
-519450454
-649161594
162974838
-312268440
121161366
125717924
58262568
121172722
2014865
-15778699
13402620
360665298
147573115
-228926502
-512295315
6324552
62459767
811268376
-665219289
-34712937
72437514
-513068465
572805322
407996795
-34437312
-180886992
-1018779
-336874040
562148760
19480494
389919964
8454096
-74317655
-118246440
-209838708
-39431365
-381405780
49272002
677327217
-324073310
-6342752
-289783400
114984546
-911360
-231223545
-85585440
912944376
535502160
638312192
726934035
77201340
-65926898
-272359204
58502550
967982470
551088522
15482712
-104176446
51734626
-614123415
-7383876
-72625976
143581900
454826216
118813156
-34744000
36169536
-443476264
-40647642
-101393281
-426650553
111937928
-221475374
346381357
-41906700
376003212
-9134722
16270470
-486263532
-681055488
-572968426
785936976
39951948
77839710
-16893695
-580583304
98586882
167813492
-4990193
-33681032
-683416735
14835925
-193834716
-92928996
-15243156
-242572728
-350858735
-23681340
-274765392
416158304
36306830
162861350
-216182916
-372603528
-710440344
-209473770
-25380684
219944638
-1939547
-118267960
-196250195
121299264
-535972026
113587200
-273299400
-60543720
155350272
-290263252
-518455128
-11970189
201817341
-961963356
-38713176
-434942585
24619775
-128587690
-35871309
-949002580
-20719566
-108191160
-222497
23500324
463807344
1002998709
-223912593
-493297506
271682416
199080414
393881778
423665755
-399203212
-992862799
111335640
2975696
-315579348
-2120392
-184219272
-10763641
-352667720
63153192
-160399290
45055400
3528574
-447929030
-172857775
-8905512
-368066065
77558625
-146745768
266764750
244078536
162858948
-499247232
53586700
-532569542
73611109
-22432875
-187287057
-747662404
72291890
138218856
202129964
-114313896
-262313578
-214620912
761899992
479472448
-97408325
112776142
152236992
-50795360
80089500
50145480
-19401250
34429758
-14356386
-405434064
1013095125
232126384
-633306240
-121862988
61208770
4616394
486828303
-850707360
-280235904
736486369
-508036872
-217983675
-98623718
-263111840
-119560000
-75651128
352085760
483645633
23864363
553416570
825323876
22489218
68952690
-556655778
-892954035
-404213720
-337301118
803643760
546841549
-714163895
461209794
301427730
-328112646
371991492
-31128027
89844552
-828105400
-8841190
-45857384
234142038
-176708040
-143129520
-612473553
-194890032
130657731
-21753160
-487269792
475608798
460519950
-424372446
89101356
358392304
12873749
27547190
-398308665
434100996
-17894680
49912606
104662677
24180975
210135130
94388112
-348561268
79029650
-760345952
-639235754
-507820602
71233722
-14496780
-180753258
197779390
950177498
-126057972
-44022
101091712
5700936
-537924860
-45311976
-121792650
-80333415
256787424
278766716
-125661420
-366662700
-139079160
20028267
54280586
200775211
279602955
-79038150
326715524
588173592
374999001
299739312
143869778
-370691664
166303428
89760567
312973196
-261858390
95812640
-586079744
734783820
-102122608
352142428
198370962
185006250
222677328
741275775
775800704
-378494288
201674816
798804076
-768192420
12997614
-75445626
118150500
141385481
256171320
56233020
-253600284
-2806386
249867688
384756624
7459052
8230190
-176117010
-101662344
