1000
-387407731
-606095262
-97416096
-183134520
228347400
-163797221
-13919616
-449795424
69141506
-11022298
269485344
454609428
-20103105
118740048
-77796996
15408240
841665405
-1388547
369321126
-145822140
38889928
882674880
-82756205
441644420
20848264
-190217728
97451046
219179510
633816174
-302584800
-121214340
200853470
-78570460
-233820160
-945797920
712211906
320307885
20096680
-106914122
-895771836
-142137516
-356837208
519439480
210972784
-65184528
728563374
23078730
293540390
563586146
-155477916
-313033650
260337031
45279590
889467511
533304
-132154412
36747744
325900796
21143667
-98309607
157551648
319110276
13457529
248656730
240109325
191346825
210767620
-496250387
-232030969
40545960
-98736948
-124648968
-293511165
193591794
-29115448
35308504
329633125
-346570257
-474236535
-531101130
-378055314
-313672188
-248074396
-716019018
254913393
-33849223
-789129114
-207894910
-284341881
332934200
-699958942
86880717
-654990462
-434402700
316925325
74909009
85346668
-365441634
-653429133
636230290
5377284
463253212
8081864
475596296
-214033567
-2314845
260048541
-22296501
-211155106
-875504596
-587633229
-684283317
-22072710
95756427
347398338
404808544
74992654
-46065474
-403758528
-226571756
336592932
-493216770
-204395932
-454210318
188538530
-461203515
285673549
-397850400
926345345
-1021472032
-4622640
-98945804
-177906324
193400067
236438475
90545366
178676479
-11606364
99164592
-32732244
62699392
-417336570
-59817540
-46650852
-619359138
-122404776
-22322892
-11054450
38483379
132465300
448072093
-82443431
-79274800
86563650
-263604357
-443597175
-308336132
-633006290
607821431
-316597110
312937506
431813340
211885378
225971538
-93082462
-535273360
-12530468
733698
826245090
-17065758
-628799679
-52461429
-183049768
-104178615
-403472840
-302916800
221079529
-27588126
189553587
-505557558
-164495034
-3669328
28846416
27763110
526751082
-367369553
-73749445
224787069
-277162550
683020485
258723024
-56895145
572738868
-334895592
324416496
-1334010
-45122980
-311534042
27978405
455200254
116783466
-374703881
-109470602
405718198
-317499616
97048782
-498095140
-121938788
947614500
-14717318
-163906152
288886231
430639035
-460592720
204605552
143015121
-82155203
34518642
-131971424
37968034
-72621820
-215493745
12864900
-17446095
46196472
456772316
-227835993
70138068
-42991200
-396858222
-146934126
-32251415
-940513938
-364042798
38640547
333525605
-601176880
-16448712
-161524632
-35656797
79027632
408350092
-729925521
-171945316
-385658197
27403376
169079481
-212015482
386048223
-9372075
373599936
-77585258
-727763165
996495248
338886012
124505632
-53134656
-23313216
33729696
255625557
-292499203
-93748092
56097496
357040341
-741086080
208140184
-292742424
-7661976
-104973552
-133729722
183954968
-189420250
28135113
-169991600
209036742
144047573
-683426996
34823604
-143264732
-113989818
-283292880
12824952
236503388
-701212590
-464202544
113928984
-691124468
570610402
15880243
-119526632
679213680
-702987824
629100110
61697205
-559313586
645500050
-109024866
172173987
-607906488
110057647
295795017
-121145446
-83792
-425088160
-376353879
373865672
-10647450
605706830
-144826950
176897252
-570583293
194014580
-210981650
838768248
36620176
-342132386
94464200
319095200
119227482
858210776
19606425
-526638928
-14465275
286737510
-373203168
-66983178
-155257488
40815
111421530
191182992
22259153
121011436
-136140697
38108829
719359760
-200723760
4418255
8624015
28109709
-282045808
42712004
275829800
54606357
193964484
-465227102
171173664
269744580
149825
-16842927
-66257316
-39912374
223446720
-1666140
-667456948
-351969025
458762482
-99711981
-148368996
-609293754
190375944
743049171
-159550811
316097384
-610456273
92996682
-252228304
-37121766
567622335
-41780595
-321936
-9734340
-100092439
99869830
-400890282
-19831024
186427948
64188336
-470739548
400632055
130299904
-9588357
281820768
12851745
-783614720
-90482160
-914590208
573137110
617180599
-348290580
-418185378
-278841590
-232436257
145279552
5919180
-170447498
144600600
81035160
292008395
132579385
-531956928
-136027132
-52666929
-611220546
-491264396
-746199300
374345272
907131914
493721680
118908816
-3745872
-73321119
152902302
-12796587
145529154
-292420968
-53620125
-318357260
579900300
902256084
-402397830
-21873304
-284927344
-336575640
-98562318
394336410
578390904
823002310
-132620940
460188531
22351290
55776525
460616000
10866176
-47074068
86022060
578645948
484014768
147605580
-4689921
-21354996
440305215
-429553872
-7542010
249859392
-129589264
9929105
-17393964
-461230455
194490008
171846520
10174983
-46315287
-298337688
21374550
1465835
-77154102
-52901352
-335318098
542941381
250511664
350182134
23044625
-212146326
452112516
-218670985
167760128
286615323
105259585
582870690
66335024
-352254951
57861805
230240336
443040795
292282825
3080700
-17008368
-28560883
-228311044
-905004136
132826800
23935668
-300233102
-118293651
194542679
-102309240
24286965
-314153663
217308992
31710705
152399976
-56078025
-8600080
-36406293
-198186100
-242910720
-504229694
60843875
728238312
250810252
248878505
-294397092
279646640
-472519879
64195464
-212840516
-200633600
266903646
4599876
557929680
-158767665
-188802480
288348015
203655546
-378820044
100347440
-332634929
-392468328
-285031576
223784855
-755287475
-960453802
-351418788
334980360
127890000
184003772
-291993864
-1288155
-798910268
-352870809
349070554
268818
94110039
509630562
774072627
4667160
175700112
-270381300
-782040877
77354952
-364608
-60973851
-160417418
-112757954
-32612545
144890064
384242228
146880650
3194800
66338024
137973880
2834790
-197884368
-299852047
78658800
-56982792
-789304175
336754880
-36899862
92864178
-113368552
34098440
120218800
37185324
-427909244
-702045678
432424278
-295436720
-447656818
-135315504
-67301622
311725061
10307333
-707248212
-455304666
-120777426
447190293
-287082780
-916683375
410700528
846795584
35771736
-343350930
729150978
553400208
64253820
83381144
53613235
14279573
318843066
13090000
215257140
-708300105
-551715936
-136725084
215147448
-24528012
-379110088
-133242720
46668674
-287717430
22436412
183134560
-369117696
562800
-35165182
279633552
134993282
-492742612
789898644
620716868
129348513
230081527
-9099849
406586040
23348800
-22757799
-183430416
313505434
585901013
808394784
72046535
322071624
42656768
623025140
-196206884
-182602770
120859572
-152251210
186817104
-132888426
276842087
17550114
647785043
-25632375
-21639924
614336880
202760136
-72810925
-675710068
470563641
-50454019
-451752726
216476018
239732130
-41316864
36652480
-37801674
-350704730
-10542865
-279493071
-17458954
310682510
-203912472
-50730463
220996272
-1046023447
-27911061
-492808700
12645360
331019128
111719270
52186640
-111355200
-30589392
311795562
-15843438
-892355485
256465230
-316661660
-91008984
586211081
656476716
219780168
-139813984
-258415752
-613542810
-338549627
-58558706
-805960920
6054069
13418132
-507636472
294943149
-41776189
160295406
258112008
-797894064
-62152200
405397980
-464105208
8369933
128204712
395018785
287935824
-266957612
-84062880
-379851606
-95315400
169098015
-8382615
306529925
-36369486
163245628
164419640
214574300
264567486
-22272480
726150385
-49053432
-623041590
-499850208
-52798260
-2098176
14481400
197276022
-300877632
97426384
-511293537
403377442
292560207
-41031450
-699090252
193579796
418694634
-456116570
-20118618
-207020520
41796608
8507520
551856202
265964907
127369921
207318300
235207512
-509057178
-249701202
-1179130
-101263008
-16553272
-415784845
61822368
-7079625
-52211999
-553364280
397247840
321846294
-23680392
183042300
219395050
-24936002
-668271725
-26298712
-644028540
108942848
141972063
509855021
-499784457
-431268950
-376170203
-519472710
398698146
44830375
-24550506
-14886939
-404562834
-61499365
-580825462
-365412200
25499715
15573360
-170754186
-542599004
-712539707
245851616
-301864944
169188165
30552066
24070640
-24023703
329395494
-255998050
379555685
369989492
-281929758
-527629765
99335250
-528050940
-993203777
460724040
365223159
-566662734
-35162452
618022701
-476480466
-39248208
2286872
295946118
-686747628
140202090
-162202172
242306424
-199294032
366783183
191967840
-121527135
107369380
-195622896
-19494915
-416349274
-56493669
-598594451
796792914
294136650
22574968
-391153880
519872066
482788201
-31626638
-236543508
29476480
-517386100
-61211619
-94038379
113038277
-341534369
-9734130
1002203915
1734306
-204683520
-31264496
96914900
-378360673
500072318
-515129510
302941485
-153169380
-86579984
-57594693
-636560
-125318550
413879904
-159369760
75344364
147289254
693905688
4981920
163965739
875966468
41123568
595369508
594664492
-365409220
12218464
-86756230
18570984
136048055
-322047901
-790088887
-390275010
348213452
-122711869
-438229580
-399373938
-120557591
-167763834
108979800
-13767952
-121464440
837097378
224563650
174071456
253195464
228216060
319163442
12307217
576873635
68126730
4689126
130584771
187054720
63012363
388959974
577938228
-14026169
392802971
-70969248
48101722
90737504
-416717217
139123374
64851787
-7795068
-7414038
-48419393
139341840
-25581236
-82736173
694871407
-187341336
293226688
-648870825
-79725822
403007132
14067235
153409102
636212732
20762996
195834954
276385732
106720968
-38902297
-355094250
-51176550
-449048666
-173800028
-1409716
187296416
-740800464
-192692292
-432987125
-129875664
-191611726
-150604128
114510
115868614
-36730752
-17414094
215010289
-104878464
324966824
63623736
-260753004
-227835006
724183338
170661000
151364256
-200041713
143589110
196290400
-695096448
-198530030
-946495680
672134196
388727664
374932653
-610075433
103152948
-398094819
-143067309
-361101456
332894364
717360424
2338632
-247482984
-660747705
-168128522
-41672049
56879270
-125045940
237379300
-242938278
391698384
-41185065
54319629
121934472
-136637688
50147100
-58075560
424039077
-250658356
12130272
-254491894
19925240
253606420
-322332192
-622670368
18129482
266350828
215698670
120236006
347660481
110555280
-623571500
510191705
41558967
-239533231
303240343
116681474
271124574
-509613
-348817798
-465112613
240980374
648436750
-152884207
146123040
-28924380
-100758133
-286783895
