1000
23361828
-597288942
405685868
-297855810
-9915263
-300424224
-278324900
191527754
680481450
414553568
-411018588
-3394794
-508687725
432783990
514939962
158533017
50850240
23112420
-197670000
-148070161
295474932
153312236
20889350
-290991534
-266752780
271193769
746801114
-183376235
-240584702
-1030181530
446090463
-4442508
57506460
165914375
234309625
599338915
60594415
-7005275
139307520
16566451
636455248
-155904310
-61845893
-234162313
-517350382
-51688814
-575631576
-603908755
-225279037
264589056
-8375106
-258758462
-151810120
-128304460
-323348520
-552266000
106000616
41691072
261705774
530629360
482276332
-338495136
598789268
127467613
-91666020
-163995570
469246230
-744755436
203769600
-40548300
-616957600
247268700
9735708
-237198915
14770944
44302748
-104864263
-623398686
-305283968
-404700846
-295001624
306567696
109832745
-29494130
-162668129
-284458824
43387908
105953656
4551652
-600061852
778061680
-703745328
703236171
-39644792
-756087410
53960141
-719877106
3346041
51716197
12753315
221726340
-521315927
651736242
510240168
4432995
-49727808
345866763
-485567510
-106252740
-177069456
-618983250
280347350
205567544
45140074
691694630
-232013800
-118143624
591326512
-3739065
367281250
453970130
-176594348
-84460623
606520736
-110867406
-2032243
165011772
36601884
-3094975
-144830910
66523936
-82340482
625389550
696141940
-177526960
871028908
621678792
935276424
511859160
102005568
301500864
481180716
-207471264
768758038
87975760
-204443031
89652480
-99422256
702464277
-154105116
87474390
-103638850
-53123004
-179747471
-911252232
-693594135
-42188988
142121232
-616033152
158842620
288642987
-145966464
-556670700
-411549006
-64612548
-10199010
-20166835
51732252
148010
-25658886
473966189
-499538051
-22968296
-482338332
263956872
-35722464
2029520
692868330
16859422
-28783150
-217031430
-80677576
238768900
1155648
-357743308
305636650
338803192
923428956
-20328500
-676940512
-153994634
-63603180
175383404
557558496
30921000
354536925
235787400
-191880360
-322377732
-36540192
7613344
-458496850
174225127
36524336
294636101
-564767622
464541264
-8836308
-43282838
72058908
661329302
93507410
913541216
555889167
121974730
-567163421
-2530320
-449465252
357624510
-85036110
101447296
-1609167
131246622
151411146
892808924
-39727506
-916216114
-431487357
-38149930
-19850602
-20144880
-221736380
-49789844
27747933
-299569122
-68461506
369101608
210787456
-74638278
-309199332
-189389340
36038064
-228185649
113069720
-92680620
-229268374
105694848
-4062114
578220184
-12110345
42200424
90192933
386755898
-602164376
32207175
-391250022
-22402383
281343699
79393272
-340071006
-266549480
-19397880
-39222768
498192480
85130350
-74175690
-5405337
-525629955
194484884
-92292920
932589000
-36484584
-409736514
274413106
2101440
-280090648
-370538240
149981824
357384144
-218288469
667759712
-821952976
-766923228
-413422053
-57113366
103309572
16554704
-134260969
-36561805
-829755072
377710500
527481175
-143660194
108602546
-640133648
50554440
439982049
48987546
-339562190
252520944
340506762
-541060619
-527439136
-535104947
192127289
49404575
-222450712
-249385032
-341029480
-328708600
160362774
-119797695
-271913700
92900385
-48105398
-286920295
-14792640
-145402866
151980945
293337121
-113762930
-49544992
-613495120
82143656
-27013245
383371560
-134970228
-19684275
-297298221
-127593594
-382663197
-703540026
-151189482
191398839
114846615
-655050488
315698647
-188291884
59395472
65765070
14635648
462237776
-88768642
-2076477
220494606
-401860164
40180128
283583495
442572217
289519360
-360840363
167197270
14013145
-387404829
-286982922
-199633680
8236536
118044600
4000260
-153160136
217187973
-651645500
-808525026
-319447936
-256817190
9696008
-476579925
-191291616
538526040
-8465754
-121446486
666901714
419010705
-72532719
132186180
-44490996
7839360
-694518942
471980625
338461376
431811828
147843115
-555467520
-363333168
34049250
-14062048
249724446
-37114441
235079223
152618478
-117439092
459491900
-497534950
-260759460
10950280
147975888
-211050411
3337848
-312517680
-151677819
-115838289
-332197245
74556798
-46615695
-73586601
-117372196
-491429224
-84106348
33258262
125135128
90531144
-1035068822
-691141448
-841259730
6879213
248276208
122357304
-329513573
-110308571
-77677335
373192827
-784320040
105247758
75337052
-192988586
-22359150
383293890
80233200
30329748
-93297250
-116660136
-146126200
-254800109
70727180
551309425
7618671
-383198718
379925800
66537950
95309425
-275098240
-55646343
45934501
-147002534
-66316584
160828512
-508691119
-444084336
-235466956
232064940
566999954
-163825044
-61508733
584410140
-898189230
-113875328
-14339235
-53986980
-844441178
-20815488
86652550
-21219273
-56023260
238575225
35393688
-546155181
319898920
-500153500
11918088
505110000
-350236492
-163581994
-851045540
-614838098
296633172
442192519
415797950
-474370400
231860304
-216104701
-79125488
440612636
-107449570
-441486500
-565663791
25931829
134813052
131626752
-96785040
19357025
100395642
-58689186
173926759
42664380
-1896591
183073548
-306735610
-454454130
2010360
179374500
221972352
-543776712
820425719
137388369
81543594
-164508974
-57933300
204848930
345558850
-138840000
-387361182
82235412
23610580
6813957
575967059
-100059358
-20769774
152067500
39701194
-243136350
653053695
244443031
72582462
-47413212
19009555
-366097048
-725149835
-70167200
-105966070
5972814
168208439
-63726272
202712036
196477484
4050144
26423355
-60116550
430032790
278224380
176031922
-15895746
-99590466
-64115364
-56973210
-362425584
-555370176
-45166291
-55766018
-391034212
223605480
231989664
-124505082
200175900
64600812
715403984
496844465
-163217880
24579240
648792688
-162606811
-299425061
-37336952
-9343227
232410000
-420340045
664972848
255007116
-68833105
-68505132
-303483222
-794536380
-258686380
-293353020
-831484728
8807210
773750746
-138904387
1008056784
-42294000
-237836520
123976206
-636836354
70363860
-107845045
722237568
95462000
840002103
7977454
299336704
74731320
-164367709
64357562
44798425
151465764
-762170844
-352071216
93534192
74023828
22424000
-203669040
188893421
-553236020
33012224
-2707974
-116293328
98214232
407331159
-998845200
-464455453
97063070
-341812572
-140693256
-87594840
-18667064
2301825
-103878781
-96114928
751193856
308672689
68883916
46989360
262825769
335036736
33083640
596262190
373352062
13790370
473181610
-52079055
-838083170
809078075
92394786
-938370852
264483128
124879536
-241112868
405889280
224728232
60011617
-45104730
-970798017
176789340
226574154
-158218623
160228269
698053020
143080446
-366338147
-190279160
-577845450
33089007
135981257
-326464554
-184534878
-316484850
-75733812
-264931896
-554253248
-210311136
-171720594
-24430917
-152711286
-21721574
-63444628
-22416064
-101650566
-23317606
-176431033
-610579225
29041848
-435750130
-80798000
-165667992
-759111863
662005136
-401612864
253654104
-63486126
-95469968
770783600
-19191242
680908140
195456166
12797295
-215083665
779215094
250003572
-92320920
172343025
659399517
3387440
445250275
144231840
212094600
-392123262
75768371
61361296
-119147900
-440827515
-62081118
59394048
188101770
-495186180
-702800423
-70684557
-205116300
-430244412
116324300
56934832
-263410950
78378230
861309592
85074912
-178223682
-87436980
805068747
220639650
-173407120
316701424
187363476
132430322
520992702
-183256200
391741776
97566750
-41117536
504362469
465589215
-151300050
-475893750
73230206
-638095800
-141398388
-963619485
13706648
2131200
2592810
-77640642
88625775
301549128
447716988
6058818
302040562
41859180
403934661
159863725
-714989655
239195572
105760263
-75464496
-581887174
-336035970
-552458880
281953140
-531966960
-398136078
-305776230
686864022
-938119210
-51902309
-350248288
128539320
-416302250
108213600
-794133835
882729774
245770605
176923116
-10274782
80359176
-39617784
39307005
-125317731
274028076
78242714
363108174
119147051
16060928
2369604
293619245
-76663004
43850960
-147215542
21646515
257344115
-320010892
-754260970
-23592051
40773384
6635375
69450246
457135420
552801280
-387801988
177324210
264985967
-56838834
890810668
-7778352
-148785560
-299445548
-406187269
104091860
-243977058
421112457
14467481
-414925479
-58280254
-7818240
-263087156
21571238
-453853710
7419412
-293101760
-9100630
288605835
17443530
-10902230
-5060040
294305040
-68130304
45123617
38088408
-17474340
-160554519
-157956966
-132086178
66687256
111957120
145393209
23394340
-812999675
-32475096
-115852849
90785465
-181472356
-687031647
226743181
41912250
-37115950
-156537469
345726717
225533280
-60988692
14660936
105000075
443672640
42542874
-215183170
-573693147
-4189806
3434802
161797894
-205294026
-95929282
29284802
359380953
-515925995
125153280
16390445
192787168
93080824
244939264
312778242
-420897532
-71050230
-378660120
775613646
-116355106
-262748120
800245468
324161964
46596564
2111052
716458692
-585275392
68149692
9029151
360619800
-81591510
472688802
313367983
-65756895
-525430152
35063678
781709945
-295390564
-84018112
6135240
834667587
-38304288
-168085144
-15933593
-628916670
-340736410
10951243
-94178112
450317040
19141364
-218706530
237286544
-10803537
645699494
71244846
-414674910
784214046
35864451
360979234
204059765
31551660
-89731224
369742752
-746618114
-853065239
-126811425
-341957528
355896990
-276365960
-225847666
122980032
366785459
43449858
-502678218
-12814959
-22298744
-142195686
-285925236
-162220656
-749473050
-34814208
-224687925
-491707964
-863372282
217540383
289963180
135518130
-368618274
-331465592
-527077024
129320084
7953111
-209673954
12549246
-5440816
-800629725
-140128899
117542585
-470064375
184345552
-63896516
-33744252
251680320
318040680
262219189
-139328000
24995640
25915296
-366881375
-148123080
-73732530
-611205030
-74377168
276287250
6717564
-930078990
-392236227
120816610
613220685
-723815599
397272150
110194632
-202411454
-89128305
617248785
-441150305
-307826976
-874579300
-369463978
-218180145
-17091966
-58452858
78933661
-228469659
-24014880
-174936900
-85340400
74428317
-693041770
27989804
-772998007
-58873430
-22254240
92706020
130370244
55067100
-105975492
68663700
-9237594
186122118
-379764552
