1000
-186274968
51976002
-621323520
730811534
-373334207
-253244160
167150256
74429496
-23219868
638676553
5132488
246683634
95645224
-267913552
112175370
-905900517
20861672
797223256
-464964319
-628694280
253319600
-25059887
522846128
-362991465
4187001
20193000
-42892781
964573850
-20824678
32117442
-726625480
-569205600
-162416436
3022155
358426878
-109608360
-500158332
42405224
343312270
337816717
-581768624
261900275
-697645179
-22536584
-152532870
221631444
904080800
-624297898
-805507680
-431427744
-250232740
290052035
-134154174
-667017288
365008856
34314850
-170297544
49057096
286425333
-27154950
-115699056
143443350
-495466174
286731340
-356710195
177817415
-46381100
57387528
343698892
-28154520
-434646808
19092058
-338345280
-50686990
368527992
-721766397
-93014523
130836429
-290356110
-154776552
-27667952
321989616
207962328
-451910052
100249054
848866788
275393415
371105480
616043406
519103518
231813296
-63787662
-97076898
-169276772
-57776040
29327166
-227594497
-822367875
498332898
-52504532
-74907588
-313255071
34435982
917391990
100049820
127451125
-13325378
22235640
-132829144
35881755
-301766719
-307901535
-322730130
-63789756
609349041
50658220
-364048574
-114897763
644366688
-200193084
-421948012
-487502736
-891928206
109601616
-512644440
-360390100
412519440
-142212056
326268133
-19581375
92409240
-664388626
-38861412
-282429843
132771924
304709995
38505456
-113930622
35558322
55926838
-147579080
-566252541
-38423535
-662065146
-114975280
57020376
-293019870
1777160
-536778447
65454160
33342764
-91853880
123827840
-74971480
-57670158
60166008
-514320404
321538140
-296316050
-124877830
-31349173
352064955
278290984
977940320
441741825
363082904
-329525160
746840691
138418454
-271765540
-1017008
-94318092
158577136
-231982408
769805221
-354586712
230820930
389199419
-501916282
-597656610
-473802380
194455179
-717467118
33295248
214072546
232522254
769538048
26301024
896185305
-439636896
-151924630
593469540
-4996850
-186550650
-208331307
686764400
-215163836
-10505600
-2819378
611079330
-86596220
-151492223
54361073
440577423
-123111210
914357700
-337199960
-45760000
-1801965
-859313580
-182385661
-185249891
-171151813
-5208630
651452688
-17503115
323296380
-984359320
-369623310
-681511950
-196705686
117658515
341477136
127672702
368713434
-316081105
-271567913
-25758648
-190275918
-631611156
207899840
110639340
-510642090
18801880
-291483010
283517160
9495252
-643688625
279197562
240385425
276829164
255741797
-316919572
143853860
150121440
-160801064
444765356
280471581
-742070758
135337554
-63729490
-34230488
-229740027
-508049102
204310080
-28290948
184956531
259732528
413406194
-543222444
-261267252
-639059937
506457177
-169685568
53686767
-525853582
588215672
-141479046
310822390
598629755
691625484
376318910
818394122
302252343
-692277159
92231192
-143138400
-134156820
748242654
89279376
-118832254
376665632
-37214235
-132700412
-4775745
121739220
-205250970
924665918
40841496
-528306471
-75630868
437323536
-333314982
-77152590
-584337940
-129909772
-116159844
-147490860
24974144
646895271
332634432
11417035
-536573692
735445502
-349283076
9877800
373641772
-187579155
412399944
218330464
-221074612
2223736
169260765
47266923
104628732
-111109440
-140759100
511705334
-330709124
-301248500
-260237343
10160100
-120153768
3290144
-25019869
293165328
-73293672
69249609
-24104960
-877929525
281838597
-150466456
64330147
293467720
-24885432
66231554
264044320
-497237600
-129820635
-252872169
78973963
-350265030
236290968
534496543
-48046670
-119601664
-154766913
-656382815
-130945232
-82361523
627429
-112298424
-25377276
198092120
57305010
139520150
95951078
30095818
103331070
36494744
-732621120
231621260
-57406422
124056024
-45498180
-94417680
-416768116
-477941160
73807372
422431812
417874824
-964897305
228900
-304671024
164196852
-916405938
-23193720
380714565
-46191222
-576053010
8643568
242182944
542790444
-222484712
-244593888
-47307708
163423680
333121580
-299762047
607979880
141695819
-171271436
183307040
332313891
-273528736
-290008848
-88155018
261511250
-484451856
-390972252
-527490792
69775200
-35625874
-64274242
467543656
589787772
193418376
68456568
-459280912
197502024
-756106877
-38488827
-109847441
-90301019
-314684148
-7561494
124156886
14865616
-314081080
849893478
181676445
316882449
-104351028
-315617800
12282618
128575556
610364560
433338389
-108226482
41291300
-177295954
40537162
25914595
-810897140
-863588880
-286158715
-149155638
39991531
156669760
91552896
518788800
455477220
390155856
-38415420
142606542
-195203046
-153268660
-137747991
535045252
1008074
-196224930
-45003070
90406460
-311070824
17462900
187462215
-4269775
-854597510
-327121410
382845060
2451570
383946966
-46142190
-923559776
167235762
532764435
664201728
-103983726
-139959568
329185952
643443545
235798731
47051862
-92724720
585962796
638917115
490617924
-434836350
-115980584
159317424
164084760
-465229200
-81106272
7350112
26585256
48772260
57990078
403387956
235453452
462469594
-789379800
-412517100
607449570
339679079
752197650
193573700
-10806698
-38689747
20986092
-557817792
171255440
32459010
-151011028
58676625
-396413248
-19837440
-119863107
277467828
329050014
109803798
25748944
372789864
-124793396
-104041938
185644874
100303724
486852989
-18460628
-93938663
-314589591
567672550
731678898
-193797394
162754461
761269200
-247486928
-64765240
218531536
470542188
309240244
-24074247
-222556600
275509416
-63174661
-238386335
-220026176
357845020
-71163066
109310672
229735605
74998029
-192256428
-669614127
340030548
-825310773
-102820563
422813692
45806248
-90333144
-334059234
-22055528
10201701
-2849602
10491572
-102970002
266524272
-534955575
-307134790
125783931
-83380206
15801468
187733312
55359174
-9948512
171352440
372829886
389367880
-17077230
34484826
-57047670
-127128158
-3118170
-56964204
-528834042
359449552
768732232
-340264123
-361823000
-151380138
223738655
11787282
263386640
-51686360
-242477930
190368492
-285845651
-236710904
-394260196
-221911200
85695624
-32848700
77874624
-124830622
171759908
4712376
-66045048
125939016
-389220720
-1026450230
78420702
-894509060
-257094000
23250060
-40948884
501942831
-91698786
-578136115
-180350912
121901696
44231391
-112309000
299673165
-275021824
634315000
-67429692
75909646
334678092
-31705390
-12321632
-111970124
47282178
-4702140
385598160
-39255763
134399331
702449280
-243083456
570192084
666204630
353479164
668821452
462079394
218671002
43642247
741527955
159323286
-301721013
-332321962
-598221040
-166372800
603495390
-205244808
-339853952
-13729466
-112411430
144939775
-288974046
-800708920
-9190314
-266313100
-371744100
70475310
522901236
-199675326
180709924
16776244
532704217
277464660
-158136426
9002196
-91059672
831514320
-327891648
-386263052
170000163
-233601732
-112774112
-511304612
135291520
2765094
204580678
21743216
-8230452
-911148810
-469765824
-28957432
99190944
131700331
139992590
14647407
475103940
-7027976
-335338005
14486472
-104187590
77942540
754182803
182464372
-391842864
-284557052
74747502
428331240
339528462
-383143230
-70739874
-184296330
-309733915
85106664
242929000
-61127616
61029042
-187427352
487839744
15263460
85716618
-15083706
-82402650
-8310904
-302021863
156835574
333565760
-47541912
175073769
-47396502
-302266023
30880650
-1032604926
361447387
303783050
233371062
-156349207
-30220600
-470105613
-88271429
-952583220
491411826
-288905518
828120260
-63099189
-446120950
-587747043
477987435
351610909
-50744928
149612112
213203731
610856402
109686681
766064676
2239051
-629500061
592953984
-633606192
531221420
-120807700
17190910
-391968360
-184634316
474685317
382797798
146145964
285493824
-51836960
-401398920
30150806
-216618975
-387367656
8046367
-203427859
211822056
-430264186
-272091942
120504475
-102615456
-206331205
-347725700
-117893248
4902482
304209250
-572289120
-33129199
27376668
80936694
-49242353
51710904
69360606
-280788709
-73881600
-21213262
-81899230
266801975
81710544
17100731
-99114920
345192050
124458236
-205058655
135573057
-696999912
-142892279
-172886064
520569280
15059375
39066536
475429284
15970668
317143280
384067318
-495314388
-25529030
-96543384
-97816959
144634368
-60997876
-398698872
-511477652
-429954
-10097856
-598705224
416280576
700808736
-42644304
-656301753
-62628370
24806958
-73159249
1310636
-390634316
-32717673
-36504270
-41582806
-651330893
-125061291
89916480
-655755975
-99366120
-271909102
-109270784
-484767168
-426553458
19337194
216756485
-154060759
140977557
-43535360
834384778
498113343
-458644412
-254216470
-170233248
475913152
-533292030
-111329260
-367888315
-510170388
-110449350
-94947840
-343260648
64503225
-38440800
619395527
-151786255
298311576
31181353
-235560150
-269763693
-16184927
-139665680
-97149195
8638960
187237932
-37289480
576480324
-333918437
383376010
-7805440
-299874458
-311642336
61661279
-289884014
12533700
-435265080
-24952608
-74631824
-661814780
-160304118
547945398
510084608
409757887
-132542577
-264527466
-10590616
-223976955
999218024
-151928788
156911700
307849920
55351080
275804750
-541852942
-30928167
-95271270
453861324
-139032217
-614781596
453705775
-182913750
-25408313
368951985
-451875297
225343552
4162480
222409264
115884
-436155049
54360020
8641154
-402233302
785136105
346402170
-813061329
-451059
368513310
221502848
-558310326
-53053980
111466496
55184480
-87750232
-157258070
93571959
162989760
961522740
24849328
206318190
-162075200
84121404
-37683480
-551924616
-126898536
202473425
174583510
451876050
-5908992
322826526
-115821888
76191824
-929055240
427670761
-288933372
408942324
-205910892
492990336
-136403162
-429830252
25204536
-435599720
632122016
-18868620
250780800
12240750
255312415
387007542
-1066610112
499014005
-167965040
220763317
9187780
137182642
242122500
117791940
1905552
176432346
-527287410
-465892800
-417833424
479878826
-678523896
208280568
-419092839
96022860
362490344
-626034782
445614880
168096390
575452020
54733776
157972232
-124161900
-80471875
-472649152
-48004600
-3607527
190784100
-280398960
-316447929
-56295252
479057604
-134009982
-25135050
-601887955
32832320
-11530071
-89162820
720844020
276726944
382274282
-152790678
49711350
128242212
