1000
-408342016
137227006
108007551
-127379520
747544820
837199935
-303707880
-640833700
288092392
-206861030
100375450
82911276
507511120
338492370
96127365
317396640
343073500
-737211456
-462905680
29058120
15260322
-71967366
-214843412
-75571760
-187549375
-40412685
-190372
-84781521
165414859
880228944
245756850
-229811025
-31234541
320470143
370728
-10551492
-630469899
-217590152
268187694
-144295017
-10972955
132159552
680524059
-182891993
-64796914
1006124424
-537862120
-81468434
-509610696
-4091536
-290954748
-807198420
597240657
-307346100
30160886
478703664
383185161
172232983
507148796
-243908778
225108800
-479334150
904035600
-11686900
-139128678
-3265866
-48543264
-271708514
-161734254
340495908
-35499176
282752658
-2743512
-104386896
475869972
456773514
112034421
586473300
19270976
309726408
570149922
29914680
-104089942
100318104
319718072
-109504380
-24500060
-690838359
225487224
102966612
129051820
80489772
85545208
552645248
660479170
518740218
260936874
334339780
-81447702
-954947448
-87071205
517607992
436541704
733954698
-38574870
288921453
-182082416
-130808844
91006466
30204602
-57111723
-441038478
-66483519
-889979328
-106662707
147580624
29385400
687116164
-117218220
5026594
-334758890
-256457250
487407738
-182824896
-101015076
-70897365
17295000
-85367158
273977326
8787624
-79386624
-155065194
116230800
-491460504
513766400
-45643972
443747633
72902831
-203170680
82222371
260145951
-140246855
323741384
63187824
349144395
-177569577
11341694
-59748120
-165030084
-938072664
299323440
162643971
113731800
-781997139
394482637
597408883
48246203
163729550
419546358
410752472
141949606
258812244
-170036501
-400381464
-221588754
-817657512
-5426310
-177891903
82314900
-145873728
138168976
-101266290
474602583
108960390
-148626051
-9032760
-751749336
38298043
-204423822
22144768
182009385
-279615640
157685616
-818777745
251264871
-7013132
664632150
-121926240
-399842322
54972344
-51342864
438075392
-668110200
-717863328
-389776248
272890688
236272350
-296436904
-140786677
-78918798
71120847
23658980
82184406
292461827
689688540
197012660
-711057648
-187458174
248268956
-117059854
405758108
268184676
-806112468
-116739520
98054000
20453406
-34584220
-588059940
-157217753
-173114468
-162583910
-106296096
-52548846
-341472214
-72723006
145978596
130229407
195934630
-154908052
-178325203
-509146692
-142255304
-150613320
28546553
299544743
-73333590
-616287392
125204492
-177002748
107957232
-77503503
-860389872
-131461018
-88043970
-125676892
31899365
144256819
-283685290
-482873400
62642396
-486632902
416737220
-407828160
-123471914
118876584
395478720
-210000116
856283868
614321878
-240126411
-269492160
105218740
-103109386
292529226
-30442915
116295424
-36278684
-50318402
6575582
-151575452
-9953566
111917876
688466205
-272438383
-236149344
55308352
-361525968
-599050785
273048262
-255563625
-502805212
194868960
-484333377
-233042176
-266721565
429301460
-217498876
-422891565
234344745
-158276400
133144595
-113726702
-293955466
-198459548
259751583
-555131472
-154721700
-95492481
-78303729
347679274
486127068
194226417
-40698240
-17671400
-31486590
188618782
717889240
62908872
-45049710
627245886
-92430072
381618540
101250612
424928592
-191768608
28026498
-343031580
-42421500
1782660
40544626
232443603
157744071
242855228
53883648
-371094180
-168067440
351397647
71379063
276567002
-193020222
700993452
-360657580
-20449704
311348923
-415457460
-60716328
200642585
-363707760
294385260
24585316
-200620260
31085194
-120256285
49925451
-141597540
-517169760
-132149336
292763824
149117328
439858341
4339272
-230156206
158509734
-19854648
74254256
623084326
136945635
-67560684
-51321661
-349066848
117121325
-178245174
237584068
-931332772
-103231328
11724264
430831700
890258768
16078230
-13793353
-267673560
-287447360
66849324
23920650
281926741
-228314563
-80794728
80452780
135513535
-180750042
-359888742
-105172353
152115261
420082074
-82175769
175304704
-362122409
-745547985
-16530288
-328719021
9805986
-129413998
-22023288
-551326776
186362008
203240236
512170800
580393572
131770512
537174680
29733352
260655696
297876644
-392288192
-128246398
-61302144
-990068
326172696
11761568
293705770
274064580
-133728526
-98026680
8421052
-115654400
96828612
-12659685
56822865
-16434880
12010752
65598078
175721520
-257834185
-279279280
62526777
-267462390
217629918
2675712
840269395
-519563431
-368378020
-806917360
-453745488
-37612057
-189172055
-40533498
-52388688
632380438
-84284928
-381549300
100877040
635073557
-274544225
805938744
-147965705
71098592
-129237966
101377803
-770057398
62239380
-244452537
-179992473
695074490
504163710
194756562
-384329081
405619434
696025212
18625228
-40292952
-135678620
370640000
212044230
389689686
-59532656
667681812
245115167
-228026358
-828187164
468051247
270937150
-81412890
289308120
-55795552
289874400
58593036
-600266000
-1577268
307504820
557070436
-127985552
60961962
-105917135
294796820
231401060
-28712400
15663104
416068428
-138179664
-199627632
-81526208
-257593697
418812456
63216549
913508544
-377674788
-337121524
219501450
40979826
-119386272
-246548400
2105017
37056320
-294639402
-354904116
-85523571
223939928
912876268
-309019392
56121766
55463688
-278416967
215747400
641743136
-41769245
-358458201
35891640
969393360
598887984
160293312
630559050
-359260434
39500476
-36735640
645030750
198030272
-210002120
81449808
-251204904
-568523384
739577664
-182039240
-112252547
697488410
-212522109
-287688770
35848368
-169002770
75252948
-39933894
235553270
-643312159
-229037556
-172101769
-745653381
-77028364
29403660
6113780
-643132368
251355852
32621976
-289497948
137584865
-104448470
-104355792
-148392650
95325384
277421540
-281122744
-81926936
315436243
910922280
399691787
-165834728
57268211
-96946750
-7460110
-31475976
-104492985
438310104
236698382
-291033766
-531684160
-283794669
-208520523
28293152
405860121
-98001360
108395280
-278054958
44891000
25345780
668822025
-611028537
15264756
-632201600
316521288
114483617
600748288
158742025
-168181860
225149002
-601800925
5889504
313842573
-335975325
-50972204
-607284250
-34340216
-326334687
47555487
-41149700
593559586
-418644956
2653392
-558469968
96808724
228151080
30842312
-172318896
-14955000
19113900
-327171130
-136066932
214591302
124170515
216130680
-184758523
-832399800
255321798
-24898236
-219417925
-48450308
-105965694
470694089
-27606654
-564848046
-110169256
897858560
626619132
246908064
-156659337
-330859314
-223690720
63115771
-5442409
120365724
493604392
-140393956
-386384310
-14961156
-24626970
325714875
-560734286
447276900
-562843593
16680765
20849260
862803576
434417082
-103752214
5281545
-166200242
-84950902
-193394121
378191593
137592224
369949185
-355268064
-111394829
6174849
-656906903
8828325
-358333650
591982014
-219604572
574862758
-178975660
162427996
-11384793
-257935230
36769180
956931505
-271002311
-18177406
-426093016
396236414
30200652
-77730720
-366050832
216600610
83270144
-21957660
257474100
-278663759
-606212440
-6778076
61819122
-313251285
-1005963060
222669975
89951295
278543300
-370095332
-113679616
-133807392
-191798091
71774304
-653243400
-18073310
134006400
-409729359
693411495
-901083037
380357303
187724748
92192975
105362202
898211988
-806276024
32925568
79302314
63111356
194655090
74380054
-252890250
32438738
144870010
40655204
122785398
35109290
-284640642
-370850910
432654782
531085950
-260445889
495684495
748038364
-587917056
262335792
537866218
-169676178
-162167390
-82873798
84702024
-18166392
-222694992
-117349595
141715108
-561278648
-134097592
29878832
-336046347
-194045028
47056977
-664205844
-372368688
-6987816
2664417
-140952873
-186305823
407105720
205787250
1019774427
10938384
-398285268
-93256704
23713349
-368767556
464722438
-409135944
397075266
16407484
123850797
1036450044
-503757086
481928
-372001189
359287031
412519510
355374950
-688157760
-57896832
821783573
985675692
122942912
-805437261
118562570
33405042
-663422708
435153638
-24057488
44288075
-33257280
-563697684
-68243827
-31534794
-484971600
475768800
281685147
67959870
-316581888
62122905
662429934
335069840
184316074
-249003586
119904776
505297980
-377627109
146355876
-617332157
74014770
297449271
217326522
16267804
-67059436
-20254650
578221200
4483195
-650938390
-283346618
66643880
-692909316
-71500084
-74505
1925068
-300570380
-496216647
148892187
-55722960
-477523735
163255192
-64593256
288026880
-576593325
41032522
511435188
-180747288
-74476640
131029041
-333068010
-60330096
-1050828480
453152128
936622858
136591650
-241859541
-93024228
19939560
122803052
-206472123
210991704
108043026
-81230339
-850530240
334694640
688673152
68920172
-121504320
375861378
502742050
24084510
-13115700
-384939786
96980442
105579261
-105445632
27567540
-1882512
205641212
-28759040
-405350958
-211107360
177821856
13247160
240060520
530148240
19965344
85266012
-95690179
-588046195
-1281387
735083184
-297625100
339637902
409554443
328086528
391425840
261952506
-30440376
150394068
-216047356
-403915551
663415182
-107205306
-10325884
769686000
31242792
60021864
840719904
-452917410
-345701928
-442755586
-524748608
-33557106
484298460
-201801456
661840716
-94606659
63065548
-527070450
1857222
276233490
-115563336
-682897220
-723668826
-400926795
-451971237
702803864
3634774
226938132
-76228242
686498163
387885016
130644209
349626524
-352517533
-463295084
-17828869
-148083598
11507100
-238800882
100818872
-560951922
20783352
622644245
6967376
-26294037
-547738040
-280396478
-142181096
51933056
-79336256
-55689998
164584214
-343031227
804280980
-671740252
-22933350
-140228955
377321174
-99411
214519808
-83803800
66490590
-148262390
702944460
-289245828
-402562969
-220842432
655807824
525246672
552238720
60822795
18627510
226374344
-636191260
-573230792
-193699328
-121066288
-25593908
899832720
-41301932
-197598100
432758915
-171748450
968779835
122198942
278797944
226720788
28141336
-463170225
66814176
24180600
-445426372
393707268
343523212
-883724425
-45595254
30649399
-114834050
262672816
-125056932
-730156074
915835332
-727885056
-441513198
-436520556
558873245
1007393004
27515706
-46807760
134781944
-358108674
-452614170
-79100800
-275338800
-454046506
269170494
