1000
240125730
510698874
-358380664
-195767962
198991728
261668380
-136883136
-78133887
-418483230
8451575
-70157076
627899866
-224277767
-8877696
-42824006
343207816
-244746129
6751080
-239298633
-27666415
-144397825
-215054124
-64761177
-225831288
-17216052
-557422682
-456197412
-239911744
-8099092
76408575
-266661960
168366600
42577444
-309289593
-288814194
53587050
652214520
7340048
215443377
-224896320
-603877344
-71635220
-53841600
-506212836
-143911460
504605580
-389435568
-441475506
342296994
-128402062
-355243455
-445953618
-77484868
2183454
-2016
-60864750
-42944427
62813246
242177580
282141024
-106223956
-94831784
310606449
-588844544
322319700
-762142406
-111315160
-509577152
467878400
-439248108
-41133015
-15648864
772858580
-305109486
-10941788
217778272
42723363
545098740
-64874550
-103759578
-246494448
-28431639
-42027795
-637472381
194619564
-35598921
596933829
139998477
-170610513
34709739
439323072
-237142188
-668216172
-200609110
-116228118
-454332600
-458989740
919204416
239680840
-699560941
-462380112
-126429062
-65422952
-443219112
-206742372
-463406100
-71352117
-162007328
-88621680
8612681
-148936288
979944
-358324992
-419787510
-16408720
-127937922
-247498056
224439490
162876510
-242343024
156347352
-692310000
-249938985
588819132
-18541560
-13282140
-189234218
461841048
-153821730
-247513266
100600673
58067440
29142219
62783550
174001650
115818666
-14963918
-383713361
-81560752
481149585
209523474
-20970
593955700
256594000
3740430
484136856
-15758435
10040976
187977768
201224702
282373344
6813834
-97540530
652834224
-161387883
-309283026
-607714605
-99428205
289211112
-17376444
-12226400
496882834
54438320
-605715630
-843575679
102224768
571687716
495811970
216441824
-10916925
307653590
-709924275
82423056
209400947
-211466816
2421822
293820662
-40358656
114502480
81170124
-1707624
58276183
474293088
17852596
92830702
694004313
-18518430
18932576
520587783
-224681415
407361173
20092326
161161137
40411155
-83167604
-38630085
-265638392
-643473236
374270688
-811291410
-160730856
615632768
50435448
-11336260
-153732852
-44752500
-162805224
256948752
5797423
-689047464
13068350
174782037
-17886444
-548535165
32778592
154075446
-39054882
281289294
71313624
-318860960
-256503786
-456353541
70287526
234600270
65177892
767991664
696980679
171880068
-12511473
921420841
-47234300
732345376
-47349066
25662128
134710994
266267895
825919650
-518607606
-131584128
896859405
470546692
397687806
20458610
-108459642
-294709746
241894795
688420890
732778
133076362
-266167017
-19029225
-3351845
31119632
-225407430
7258710
-27534752
73670650
-260120960
-107266824
404620544
-10676680
-344302772
-278152432
-17917137
93928086
336549360
475454304
-603156464
241133189
-8618850
1011907098
417772950
-466555890
-93098800
753813390
489465684
-822463236
2525405
-47782260
498396752
-3332544
-9698304
-316291164
711524208
233469297
455048541
679363950
-560412606
-38699040
76039965
20613714
-237508518
-316052712
-243261090
264208040
688004792
447708522
-465981280
455329752
-5740072
-56101660
351270300
-387814295
617870102
553157285
239104332
58343667
467186440
182411022
342580054
-230710680
42950412
-588533200
-475078305
-446146600
9840720
109944393
274375848
-250687710
75612160
-359451108
6848988
-139830775
-824277440
203466538
467247308
-62383296
-614554504
96567072
575247360
-28353435
358652581
107685611
-618000150
-518769800
323294814
-12164256
-610126421
-366964800
-454701378
-64015992
-510000693
76330476
546082032
-971425350
-951912590
5180637
-462520744
792503072
249647988
10586514
644391602
495368987
-281432
175766510
-518012354
-148537071
682646535
824068988
-74506139
-212355999
253541760
-330153417
447596709
297166014
-860259376
-616672294
261873716
-909894016
-341376860
-20374942
42206658
320808528
377074144
-355139834
-491958360
-17438794
-312300275
-263337226
-348040056
-68225976
-13680558
-367197042
826410706
-163993977
158742452
-133035054
-15861408
-118899072
189223128
-645095955
292657988
96804630
191692320
342294054
-258039560
432850600
-132739808
-76260912
-47567163
-309646260
-40914533
-741467710
-28144155
213040047
-112331675
-86833474
171891936
-103420680
428714388
-171436684
54397040
61851954
-340934607
867291686
33008808
-568213821
-190808028
408761184
-781341462
-110235182
-293855828
448140951
334175688
-621729428
-148807737
-35405748
-219990311
272782070
-488071662
-45871289
-12537148
147775416
-73942700
-250990188
414304724
505951852
-76858299
230671450
-18097900
-247638976
-193859445
319876416
401280022
-259977760
45018603
-39609616
-69902720
-186045566
-302398965
103279224
-70166468
-135131800
-34518780
30735813
227729124
-18357636
-20545987
346751175
170172457
71303346
339335127
-361358842
390857511
37112580
-19036538
-116649348
-335909056
629444592
-66759193
239026818
-272072113
1003061556
-320762092
4403775
111301324
-143448520
281656680
-553479108
665441910
93598017
314806528
40563228
-36790838
-319440000
188836135
40988696
138712765
-286421170
-144795822
-26648930
117610264
-149518600
336769286
191292516
-31359465
-419560834
56518880
135701580
293447105
-340238318
92986821
640349416
844208532
782860200
-68391344
229183992
-77479200
-425468890
-58569654
114854085
-34851700
124824744
-790498048
23354004
-32610762
5132113
-338485065
234878688
565822250
-5177484
601112016
-81183180
62885697
104795748
-124044795
-796790
25485708
64047634
278679720
198341763
-603350602
70335137
-701692332
517363560
332646400
-317233600
-25540943
376832664
-622640700
-542379036
234396048
642507286
752688144
-613287360
-627783294
299183172
-229138827
-63151590
484638207
58306554
136133368
128987359
-338054340
-314745200
194825784
-527303058
507773094
423856296
-14538496
323254176
374386194
-719548935
537015180
-3771131
-95020648
61556769
-43982016
202337006
-73451586
410514614
-915333246
48108400
-170116380
35162455
922615452
280702947
392405812
-19783080
-780112876
297987520
210266000
751268539
293197344
111579250
-519226500
-12592102
83773184
-69605866
164175719
-359836224
510882098
747300510
228097580
182349222
-2815975
98707365
-863525710
-891111275
655039147
571175235
526422985
-163618092
-237195
139180376
-33998315
2554335
59894793
207142280
-388558775
-31159145
-125284960
587804140
81423924
-14378590
-24762500
377797986
-140541010
-288470400
286908492
-118568417
-450375270
291089539
1582700
18724308
348269733
-91352758
123967605
701828238
-134799111
-90101748
-130992222
-95755725
4456062
518048040
-491637291
192392172
40018350
-30741243
659997444
33499008
243372484
132574872
-87239700
178714481
-421883891
-4919967
194070241
-253555156
44982476
-138254150
378726420
-6279090
-357844253
62896490
-290075589
167457192
243477138
172689426
289481445
193592240
283281792
309888666
-116656200
543876818
829381536
-794383670
-88020015
-751802772
148250694
-116951445
-215042868
547215193
216292674
204303884
674227021
357980994
449725710
19885950
-342724284
-87708087
3565005
-446210356
149529195
357704103
-223488720
-714193602
272826880
176020170
22411776
878129870
-272876058
-69135444
284275628
-315974940
47552400
-147168090
-559675760
308487336
-143551464
-338425878
13136970
117676962
-120206954
45628115
-33512472
439491052
545535
-1290576
387102405
-527976684
-230673192
492329172
96429658
-572296774
32225204
-333463388
-55415651
-382408819
-150810893
101921472
-84405340
-100429655
-767411568
-93240668
-216728504
161363475
-365124431
-408517725
41871606
-391565712
191364750
-470669196
-525539218
-32523260
338692140
-163418000
687152421
-34177976
-792984907
160143932
645093536
-374433
319440583
-61396641
213523570
-51728936
-192827510
108027979
250328563
-145790268
-245216325
46438404
179091283
30816340
41778517
31181675
479604306
439239262
69393604
-326508182
59550400
822917820
245159898
-8830700
-87585344
141488280
564638025
768748578
182333892
-7349976
-243467406
-511659100
93083760
754699248
293080271
-109646440
200938220
63242992
-248006404
407809115
507584448
-84712411
-129124710
145021536
227518859
-172702349
184398579
516048400
59389054
-722052944
-10081851
-422932984
-347301455
141265224
369766782
103827488
321338787
27886442
-962170672
22550592
362279190
171705378
796052768
50077957
-165729704
717096114
-393170648
-282911688
-66870784
-219228480
-388339020
-107497460
-240830680
5292702
54498600
8765022
-281386575
216824276
-224999895
-46102144
-313113244
-4515654
300966456
663047887
113288391
277337544
-328665909
-338103430
-279527274
-63526144
-132792348
-317748444
-80054976
144959782
-52127360
36117180
338011740
552257056
-350725279
267973000
68507037
-808668750
240215040
22389456
534687504
-4155482
-32127438
607769834
169654135
37601592
-30261044
-355213521
-214908027
-711708615
-598949946
-126209160
-13832696
352471829
-813167308
211686772
480742338
-89119378
46339814
349434162
-684341856
784757008
-2775195
13878328
30272741
367340400
-389207424
263255608
17031426
163414660
119681568
49687004
245028710
-67187883
237774720
-26641951
22754004
-65100252
-257836313
133886466
-87267090
-13324818
-458059938
139742620
789140029
488282400
53699380
247443108
172043352
-56040300
243761748
9779952
-102843936
-173436400
656748400
-298769016
329669640
26505115
-487505211
-526485088
338500780
185799375
-359810206
-432708881
-125025164
26960395
441404808
192296062
231577230
12102662
-309467326
10120275
-475793240
-110874865
303917224
321339304
273085344
-109347348
322906862
46901360
858961905
-329698217
-3118896
-590530650
57508488
-623213778
-23719360
58805569
-89211324
541281592
327676698
73091774
234989865
509258448
27958735
287792208
-53370106
9386668
-111895730
477670050
-312351846
-488341348
-294188860
-39453102
238279950
10093195
-434773298
11021184
235650534
-578795385
-207340140
87768434
-44874180
-503625948
431655032
-518665264
-153993924
1021155190
512058625
-160548440
177421145
-64514205
-507359152
81703080
141938328
-214249680
85768320
-56511050
-2865807
-123415668
97946640
-7547778
-814028808
294180477
-790374975
-817803984
-822543150
510874128
197812800
211073471
-62328384
363263267
181440000
-677338515
754604444
615250863
-62542739
-73968908
64818156
142004880
-133287196
235728270
-71973224
4132863
678741024
