1000
-136729590
-6341184
275425293
-401534736
-168214461
249146718
675083915
-670413240
239954640
699806625
157203462
391377477
205084320
49347922
327547415
136829160
-381174200
72957976
-193136267
-110681246
446285655
-64993140
-174165168
-548483898
63773420
-218628806
96901932
-267683559
-5920250
96560905
40878020
-30902408
-457377131
40508838
-70669263
206346438
-583618155
-294698919
142531646
286564725
383237085
-194743070
-75914265
3191540
653424651
-87478160
402626055
60399149
18610466
-200025180
662586428
260939460
62881777
42240432
-170828658
749562192
-5728380
-15097640
-203550728
68612165
279992640
292552506
344701692
206987726
-435734288
-352736740
-317311820
-161245143
-155426852
-130373163
-61601900
-971107550
462230652
-141237772
-402765504
-93044154
53766960
33752871
312721857
604263916
7338276
252215701
-218152872
-560560
-40045599
364998016
-134321978
253220562
-44499098
-651821520
650358086
263521350
554679570
-270879879
347724
-633877244
-53370097
309008978
37389484
-513035952
-450896355
-82455556
141651369
320362756
-179638560
427851152
-110567640
-165917332
477629334
-117342444
34605760
47082000
228284874
-236436000
-41416320
691395016
-35267925
-109362198
-44142636
-168783529
-207581952
275344062
-58585275
-21464300
-231754446
-468466824
6477120
-40908273
275600022
345340352
-220603450
80275532
400917104
-656131150
23904788
-48286491
-207580388
-36748160
-288504480
493227371
12698442
936
-93710298
443472084
330172286
342022926
4006970
96300450
432536242
-456092340
-132404652
-1027016223
656233532
-133974384
11204830
-383155086
-372798680
-431967888
-247727200
-9587144
-109992850
-12219804
711374208
-11806692
16501540
97256174
-361052780
369231095
290703
37800
-10362348
-727150280
-20774371
-153308096
504760047
384153588
-84134029
800730198
226819915
-18779094
54470775
-383356571
975673296
147993806
273600192
-170829240
-895799982
176543400
2256225
-251452124
387214200
359236584
-2976480
163113100
-1603800
-190700568
509195035
-113167782
-242486400
-584544870
-226692278
12077616
828549690
-735826010
13400334
-394070488
-6021710
21836631
294156800
-115137531
104696365
-890232282
-12807938
-383857352
-663618816
147829588
402304245
15368431
441241808
367811449
-250681214
91367500
-186523212
599876316
215353320
707798500
-396673948
110789600
-628874832
-893529890
225371048
525171747
29173760
-782169556
154795289
68400864
-646279293
32922890
140160390
-561543120
-453466265
214032928
-283764843
262008556
-63726950
341877060
-399628502
-658332036
433116090
-28662680
-100676940
201826204
-109126479
-252102720
786037580
-46060280
381364500
-749800829
-90117522
125039310
-677471202
-171689760
-302681802
-432483392
-410592952
-70309800
192963720
-573334930
-257894280
-219180800
-861516810
227205225
-495598014
42682353
-4954355
285886128
523810534
-410143632
-115748614
426940045
-537568455
55981367
30448012
33671862
317147625
-16297098
292920455
-151539348
10351380
73733050
-6140565
199283238
-34394227
-87158500
-244483118
-7235200
43698668
284303136
32248440
774873
-350840985
-37353228
-121169376
-4392536
349522776
201632795
6135994
324344371
335232528
-142731600
429881580
-458687724
255103728
127608108
375387880
37284994
1163750
-381557295
-684995157
-6099498
-625065112
-604319075
-77488212
-53751950
-288150336
8200647
-351115675
263969441
882943107
-86016997
65082535
-78552659
-24754500
5807730
509578706
-256720428
-532089386
-97044636
657602959
-329572164
-95996364
-260812584
-15495312
-263441568
-917972307
-158271801
196852936
600182732
-446926176
-287096004
-745809994
-554246112
339802542
-107957252
82237840
-93855105
954213640
-618922896
580251469
50251894
74152760
189581868
-537826191
597275744
-665130746
43565480
711759750
12203004
-347807369
133476120
-790817770
-286640136
-115693353
245325652
-293835104
-277384600
-68802330
36802480
312411087
237728817
516546640
404487603
-253956800
-456963586
-159548668
868098806
81968166
-41857468
-284075040
-403392539
99192160
-7643412
18375084
-33334567
-41601340
-724588948
583222364
-87953262
9505958
222385657
-594719796
245010785
303473535
-91024220
-150954243
-71886318
-37236236
-447990490
289863935
29918640
763744570
89319432
-56792281
-520467990
-194695164
-249388738
301256616
-27714080
-264416872
-317293500
-721102046
928776956
-377547798
-646211440
172587120
92349576
462020560
121852563
60299022
-228078018
212442506
-255168774
-280188522
-525274688
17145349
-208716310
107638024
149907128
-289049670
-205956408
-248080810
-204219093
-47235860
58709637
161150144
-407784390
-345376239
-352910232
-631551730
-170201961
-17667468
-125731225
88990155
45849783
-445210714
393934514
729454606
446064408
-242019496
-615787464
-659641810
-12475481
-86300280
144849866
-175265703
252525060
-387611020
-27065664
-159177920
20019656
-175947025
908668584
-371805822
249037180
-200380108
183945644
379771356
609034764
572948306
180498737
141700130
194623194
-75091488
-325094559
573118920
-104847260
50278998
178091823
740658948
264509154
514732036
-50535408
-14392896
40231325
-108663261
-399145800
679227085
-33516945
-610999900
-179152526
947692506
-235720230
255236994
-320878196
-643755970
-785891940
254052318
-234132672
169126076
56034525
-1211568
102596634
-553510656
-7138908
345694779
-303751695
-301645638
-197263429
-425648680
18531783
-882816209
-622269780
-405823560
20197346
-147006279
-50553600
488555064
-77252676
-422956800
564327588
86776803
-802310530
-109955480
-318877506
100839375
386266228
-97081735
-684011295
-267782248
-526006077
107652645
-189426798
183257518
31993542
-181743360
57931858
282212964
-831791098
-375848436
-619762000
-232849332
210536053
145968053
26546100
-105919632
-72749808
-760092432
3939360
-1599612
159167664
-110439134
5396104
-240857470
-200292875
-3886480
-134039542
-178319515
45553716
-569158265
109111644
179996256
107831627
-512832346
-121345035
-178644256
112972000
-244727500
425804106
-943502113
-57532266
10577070
-234022323
-373752806
-47889462
-284147660
-626770290
628944750
-27543860
80049753
11069170
43973730
-275961480
678825949
39028608
-144487840
-585824304
-523036632
501776562
13377771
-238923228
-2766302
-323192298
-33782621
44158763
-168147423
-60694760
224423689
-19294611
28318656
-38538364
-553866924
-43763540
-71916752
448443975
-90096233
230665900
52008497
651103095
-37899136
51866474
-191470426
226703136
762407544
16183770
-324060198
168796036
249615492
341269684
235017517
234693169
-55441930
-138927740
-223440855
-459115008
-352382688
-54571556
-225237557
-599358312
-116447664
-429978687
117864045
37766112
-209393965
257308256
-43619780
-824725288
-670736480
-583949800
539789690
601414626
558817782
17052840
-208434165
-5036661
-12415683
-63081120
-9818894
15757720
76672316
308341824
361753857
-27060768
903543040
737501466
-431053970
-94709250
63493740
-18716048
243132708
663299091
-18290346
815298750
345163750
164793206
573900300
163501520
-349264225
-408230336
846012310
796252043
699740019
-95924344
-89047867
524853880
556326684
303345526
-207153200
503527635
128446271
-206217650
-552785152
-99237391
-55489092
629645150
323224104
242979663
332508672
208543728
-23464260
159216527
590501904
272484575
-38752064
45537000
133374696
24584208
579631740
-211145979
-468157500
-3050640
180572293
396243252
78776000
658482048
-740140105
-806830689
407685586
-28235141
-193865736
-138170500
5808984
-100606290
60494085
-94932120
-70024500
-63364448
757333170
-130791725
-162883998
46548684
327065904
-134721822
255027421
-751986600
-619715457
325924388
-460091322
-20358894
-918215302
-215285960
-5530291
843108
-328868352
186715748
-217234724
144026652
126583881
-45189120
-499489024
-195071883
-74250480
-26560670
21438308
-138541590
-715893770
501315663
352601194
-577536687
814796599
520751835
-432049905
699337206
-108098340
174693391
-306665821
123645100
-170445951
243958978
66946539
555679344
-184952460
178879680
43631638
-97061500
622392890
59818473
175062439
117433524
-196398721
-126912500
-334714760
286403271
53516768
162828234
-15160488
38052120
352669499
303075056
42696666
-12788640
161428840
-310216659
251215231
87666399
-4139982
4780160
-87582508
506208000
-140590392
-495456997
-18644236
222523422
-477357390
13594668
-4654918
-350107868
-809697897
-607828988
175142220
-558833184
814446920
-36516161
307807360
503153784
124131600
-221064876
36694128
-132355013
375610473
-19709250
55024434
122341485
2594340
-426359773
82077632
15598407
16877424
-92688705
-603455960
-39824839
504249381
272818350
-239378940
-159415254
-132332070
-26596350
-162166900
372429375
-1194408
-324887040
-11293810
-75270820
-800214544
-75996945
-78184173
213347953
-740594196
407506110
-238034379
-712157726
138272435
110489760
-199446996
-87400993
-231168362
-341204528
849134156
-239276214
475369388
238788007
219620268
-274478765
-103074447
-32764746
584720192
344149026
-249615719
5202225
68219740
-6909385
685780845
485990278
-116578749
-90631344
-127445814
-221690784
-45969462
-131218368
80727770
820585038
245565232
-169617104
746673828
19635561
232555745
-579137364
-15805972
-45188731
-455255376
128676045
49965312
-325125799
62582598
-382060975
446253264
355237365
-225715392
513724650
292717467
-542211142
370523200
499594791
219866755
320990260
-707336640
-174195882
229138126
-474797760
-153662080
57517824
-669438874
-278781918
-78584882
614970944
825839920
-128193456
-91787088
-5646588
6505008
-404615792
378542150
168486750
42837039
-52960167
41223906
-201356628
-922960020
-52038102
-73653255
195840447
391448960
350970028
-66464413
-105265897
132527880
-230398560
361323080
508993740
460247775
-598034671
-163042614
540963165
302104998
363475739
722600640
303097460
-714329280
255273760
-8837702
-47042925
-249813225
-96807928
35968543
438395510
24638328
356956488
9030989
401964791
159093795
794247038
201422850
-132092960
9139496
85852000
515026458
-257946290
122949684
-216005920
-79680984
331091130
268205843
-7147503
1212958
-687550074
-290902886
-491358835
-607387040
289778610
-364943712
-917491479
9483785
102329950
509474428
-315270846
-167736635
273402794
-492182235
-620740435
-68385606
-10758300
428358762
-237192396
-105254316
226780664
448608078
-90886358
-134014914
-11537420
263423340
22617380
