1000
-202003035
117663759
26140905
390168380
-482098002
152672499
-111554400
127648983
-521183994
39902750
-248965888
84205200
-52121346
-26514620
274265530
-155025227
153601428
-628246829
47716812
-392502630
-667247048
164603550
127620608
100003572
-716737650
-43499721
-56188071
619329280
189353248
351000
194486597
119119721
161564192
-194261748
54501448
-211327296
-132220088
-99926454
140149544
-364299408
427825545
-29078744
96664912
113678520
583450056
223721676
-308577852
202760498
-389650110
697118624
-4407458
972773664
98154900
265464969
-442573902
-74582916
-76587831
162030462
729021800
-141677319
85367880
57987004
358944290
172498558
-565641296
141678144
314505240
-131186748
51865372
808818642
283569930
103062897
42384200
265497424
36158760
-194158192
-31892367
-22800386
626450265
-233209220
-264942080
222226634
457104000
114593518
75472938
-18049680
241782794
158086677
-559453020
-98091830
256495536
-49564248
378030660
-119286362
798403260
39593745
385131601
56348520
124987138
247979266
41868519
44354122
-380059827
-168561833
8037892
-307307925
-522158850
-330674856
530120452
-204916464
-41149401
755183058
266232747
354604404
64126608
557311608
210230375
-63433034
47688196
-24004007
120552180
281603340
135876885
-127505420
92939437
510890403
-132957986
-282203862
63356808
-31737280
500606509
-129463936
-599554886
93887586
-596612100
-114751574
734518472
152449154
-671047200
-97547964
543057144
-14053564
-310009252
34713250
-118312740
-31714623
91819200
761767460
-729927100
144920520
68258708
-461709040
-228859779
162060624
-31233488
-52103350
-5639660
-531392950
-400457280
-301767001
36761487
16976668
-64822352
561616500
-162977970
-387730492
-133750050
366296593
563500673
-235784900
2658480
-399938140
389307410
443369484
-119677020
241418352
-194828630
302445444
957030168
311808030
-591188668
-77881960
-321402510
-801998208
98923500
-231463188
-9847450
1033101440
293032020
-365615887
243174315
154440825
430029262
-198547340
-306407472
-32255520
20489892
239589424
-6852240
1032644536
410001408
-7638687
-295651629
-47794644
160463450
-482404002
494185956
7777728
-88243904
249617537
532433200
-210106573
484859375
299697300
545386144
-683804212
-323562552
137596648
558214657
360724530
-783832742
-17586828
-114300315
107215163
-93837559
-477981000
534462024
-68968956
-99785994
232142548
-233014079
-596137710
197027820
329496100
-496565646
259019904
-480280136
365810968
-75461756
713607466
-35686560
147434124
-206610360
-86611024
164691092
77628640
46568875
-45280650
66998030
15794632
-116289308
23580640
-525335580
437091312
201487694
-136502520
759081056
55756194
-753705238
200100670
-538850576
208525312
-158403400
165228565
86914182
-152598880
430830043
765002766
-26536274
257012928
-368074624
-138152100
-616047058
-80755968
-228605121
-151026309
-190574223
481970643
-138190459
228187344
-236917714
51877096
348482160
757203426
-346887068
-159991566
-41064993
-724955517
-87014010
-94647331
137716570
-520818480
-647924348
253548100
425608560
-251381251
651337218
65895128
89357760
731113903
-411124044
38850654
-40670580
-340153697
-743840940
-482056355
105959216
-532242171
-20673731
-17303940
-115063434
367410960
47101080
-60985305
-3685140
143580366
-356668245
-54945933
-495663792
-285171309
-60400736
-20556604
-250279170
97131266
-37943685
-68484708
-476905045
-205941339
309098258
41349400
611801694
-468782559
310450944
-92359045
214667908
-240649887
-9864960
-356044368
-142909350
82336534
34424320
86483726
879723420
342934209
-621032
-164260270
-399438900
4070664
252220400
-140598632
-507218061
-434221044
231700788
311189583
-75493124
397949016
-221305693
-1971211
258762824
924041005
255013977
-177829810
414248960
-524317430
150344226
238232838
-452365432
-58440706
-284015212
512977146
336323988
9714320
92108380
35437872
-211032652
427552860
245125176
-990499896
251028572
-324057339
-178556322
-350731991
-362884080
-343139258
-214465678
-39098150
-31655568
-85136211
356015712
676591092
-165677850
-305490010
-237875157
-15361710
90118349
-312956330
294551168
715909638
137265688
14548545
-452791260
-33650760
-28372854
-66203072
-84290240
412792575
699796305
-483697500
-1280064
-104423228
-41073996
-129325086
781462384
181874307
-868368576
-233520261
-760636151
42366437
-29927310
-211319766
-157055262
-400949747
801051152
385728420
393626816
-155091790
-325102767
-460599293
240096500
111498305
-80174016
551239524
-472752720
-517031625
-281157728
-115262159
240299040
85709735
318619016
-122091554
-17558629
-175975074
605252760
-482382072
543688104
-387012576
-271126809
-360426903
122848628
33800700
-377586660
513448810
14600808
-40969136
860381795
-396379764
140935792
-9166170
-108674640
1004154870
-729260935
-95467272
166588884
-128327430
-639677460
-553230045
26264343
60935714
67583295
-790692808
106970256
70798476
-2409428
8577938
-98727099
443307476
-329878386
-152017072
-197463360
-161456472
7316960
-120352954
-300820589
26423998
41418216
1290116
621287040
434366156
-259397451
140605178
81489620
415357
175817186
-169032030
42492679
-531705120
-30928573
11488041
-738405558
209396331
130904532
88810798
-171397760
526060458
128386596
-593550800
-293619283
230021820
477991063
-11143550
242797568
-116881710
24001068
45377760
-596991703
948833280
251340600
75644148
433274750
-124809456
-642109248
446038119
-256441680
-253589504
-462672837
-227896956
-142120165
563303234
-135952999
301828701
176540536
-324105964
142955880
438337232
-23616825
25830324
404376042
24708946
694857660
-648867739
345640125
123175982
-73771789
-63928857
9305142
210752804
111951954
227203107
154646244
285526476
165595392
-295488190
-358193355
353046528
-7649566
-351408150
-578399083
-35615407
-187476040
-50471904
-68376700
29530662
-23428872
162213350
43811112
250519625
359356226
89104128
-308406043
-446469168
228278788
-55313330
-141708882
-196312800
773353832
-117903038
519156568
402711720
-206627166
-158074497
-678850114
655232760
323498120
303868124
902773956
600164137
-295081216
55728686
-47962200
-3607251
-89315352
2972816
32383238
247286950
-378430280
-123616350
-420712780
-21486600
77418526
-107891277
117122724
-21836172
1988317
223317792
123050680
160532542
-164395104
282947793
296620785
-213964174
141567090
-357090660
44303760
-738575608
-403641333
462428100
-99067716
49187808
701072680
471569124
-1863350
220431405
586780246
557364418
-884545902
-757863920
101782510
92303946
5444754
5188680
-259901757
167599284
91680003
492845436
482999855
-581389625
-74785310
49291611
137456198
140073138
-419162207
411841220
-211754472
-190960161
-84328568
52463084
-243486672
724950433
161870540
9680352
-49346940
-42647688
87741975
-142028345
89168235
3895605
485651137
-63390195
130848024
-36406812
50274789
42062420
-102615828
-45744100
-519876682
-356059964
141541348
-31638304
-337738700
-77460384
163117900
-138869281
807697920
566345448
-81125254
-107381688
-264429375
141966909
156847950
124826238
285362640
2504124
-439959285
15599260
-191640330
268369396
-903491496
634003024
90249438
-437128027
274694424
251836860
-17325137
-21279888
300145176
44275504
128822560
2595432
-110169450
717651481
-518100040
-25321875
5166980
-309159420
-38670120
-795086600
11418394
-185024400
-70244148
166526265
-18850929
-604362636
194930780
-553291473
-387866560
-334199425
747114368
406067244
161144619
667617600
459334628
1557297
-711610389
-232899507
-443114330
609238233
599135265
-40225632
83433351
-420620640
-12991176
-602186466
25985620
-29065105
683860375
360138519
444642288
267743690
304746633
80100878
-220658029
-170238478
167032530
658918582
43538598
-688913875
18713942
297050713
-72928170
-300503053
-76330028
-266848507
161415904
98176420
52922148
335991130
21065062
-74459856
-227277303
302743887
-268829694
-86432735
-364592934
216211464
297026807
29994640
581423440
360563119
-56504940
167323758
253345560
587356386
-413361720
199930500
602564778
-720540034
-613551100
-15804888
317624103
-106320960
-102385590
221549258
99145938
6993032
-178650616
236069631
-605098624
669984994
130123438
6513945
219623160
-80245446
276457244
-38079738
-450367332
-535886992
-34351659
287178162
918130500
-537667725
-7532118
785188514
330539634
45276975
403262000
-260969983
432256524
-293222994
-14174440
-150578268
-132379252
115072608
-294930167
-26740936
-914900
-434105000
-211366740
97482372
111175182
-650841021
-25317145
78181200
185439782
160951672
39549816
-74296460
-447339560
2242887
15750504
-55680666
-387063549
993093012
349183156
-47145112
245972949
-661058088
-42675260
-311889084
-32636472
739567170
115984064
115765100
-382636494
-103351272
561134828
-532520428
-328550222
-5624832
-160085457
-452551572
-296801064
392974389
-143602524
96542712
110734732
694402774
-501872720
-141980916
358888530
-335393784
126418482
141584508
-43260813
-16157232
912928212
814017840
-40295801
-46136334
-335054648
347365888
-200647160
-571121652
-232116560
353391300
-706598557
43006500
-598988200
-29813273
-449805828
315993361
80281248
-375411543
58258332
231427720
221553819
17493832
110413984
-529473180
113334535
106085210
385676642
964249760
23591148
-17189704
351843611
-8303490
223787652
1893528
669511284
-129724640
210799568
-479748771
-222315612
13851399
612960
-84966882
140632037
-292288356
618314750
9830736
-142993700
86156680
210084420
-165089813
159914357
-654493847
99787754
-63611768
393628092
-400779225
258960857
127830650
682072659
840748125
218254725
-292081504
-1968664
-981105645
-65080092
-220871394
-13043880
60843160
108214496
486598434
358054640
-21159600
-544656
47249334
62109056
-64325716
-129192628
-5388680
-459125392
-690080752
776782014
155943340
-399497420
-429481144
312969456
-6165771
-531285832
274826538
-270285765
241739850
653940
-347783896
-314534136
922297368
-877916055
-128296440
-95565600
616737632
98591878
-205243080
-73287606
-605519490
304787968
286007223
263505670
-74249325
-695238852
44604040
-221913928
106151434
-205693766
-227188962
-248251392
-14917432
-351102000
4860856
-852817920
-163458687
311063328
79316811
-162670981
-402027602
39233445
165031548
88089504
44526876
280833000
-99325296
483519334
184869486
-45385053
-74885188
-260188599
169023712
-705385776
-117775467
