1000
352110681
-189914400
353700095
366415908
-591980480
327098415
-199284052
219370624
499548544
-41677077
-39335382
-51526449
306060440
-321256539
61536217
-691547661
-63620607
-304981707
-226823010
-739203132
844416592
-2558920
739367152
-197691802
-789546552
-416380436
315678105
-83739370
-659638848
177198120
-232743546
982590352
533090432
-12411536
232025625
-30149415
585682745
-902394493
-506586288
675601492
227144140
-252393200
-161758080
4399086
893905308
108243938
-300081237
-66476496
244766879
8684113
-42731895
-16395125
-27658032
-244444462
302470980
788513760
273430430
36510336
-314581419
-641098050
-288530004
255637950
-181949320
449177536
505564592
20790560
397791786
-68293050
-1037880810
-705952321
-504951282
614507640
-626493986
-8684720
10180560
-143449380
-248575570
-418707436
-151490925
334255502
-132088554
-245076819
75294288
120949410
-721341440
-547378380
751314067
-527743482
-6626092
160525539
339699734
8798503
50089290
181582481
-423275300
-491621769
-200543252
82392492
123893760
22414512
408799119
312440758
-47199330
-224695719
403506812
603456560
117534527
79842952
-594410850
119973000
1030963454
-446530704
61575206
-153517338
166367096
29786000
-169614520
20003704
712303449
79117388
-409602293
-43643128
-3606968
-321407895
-206735086
202639034
-246909852
-1434426
-657910455
9631620
33313075
183875805
13246716
-108013779
-557227112
-99392092
-335519890
92794880
-569650950
-94484520
202999296
6696732
-489812224
81995981
-120453410
120192485
-308492
-130511636
-282480160
-438859025
-417659602
-361336372
-229937039
-60244470
-631810334
857669732
217945154
-459093033
-453541932
186560712
-3820491
-17443510
-586090188
-24142419
-712255350
121743752
449460
825154777
-576575851
168921648
350302774
-137690190
322583850
498683120
371062188
-601576638
94421808
-142163282
197233920
-534719394
-207722818
-141735440
-80259509
332416288
132761376
-651783655
591125190
3222453
382643855
-3203739
-19459872
659262050
-54243000
96943358
-294376065
-185318070
-708245412
28532088
257843988
245520128
-464304672
-339604944
181992125
164938218
-620673625
-135779400
562013064
243437670
-266674122
523755976
517281408
342745908
21777975
-127655217
51145182
-114664338
178279416
-173314296
-122230527
-200823091
675501920
-392302521
19630388
-66443864
273761479
25817316
-135240595
-6376915
580291692
-726809160
-76274946
-820733478
-66241568
837675000
1074699
659703296
368248374
88954961
93770677
-243347910
355508000
-482753087
-185099530
-68453968
-134647240
135711571
-139126364
247875570
-249768960
101453074
11839421
-238099120
174816101
-222775
208305711
-10578384
-801345600
-279770598
-118785248
246050784
-717741378
-171654338
47659128
-52888495
32421242
32643520
-61939185
-72390912
153565963
53350836
-145132069
-436703985
163486131
-575208
-220413024
-273030048
399871296
-306274380
183429920
-407134774
834194696
-71023812
-13463951
157997943
-8946600
681560199
-28117124
32879310
18879162
139230960
-305529645
253978556
-90434016
-22547616
171312128
-158289250
-169871733
389812200
166159490
-35146035
-186514718
299056534
-581725108
-223385770
920201940
-151632594
151719468
483094300
38652696
568175650
-245171592
-70907430
232162200
877733456
-6847731
446534044
156786952
-141082425
30177420
-316905284
151103232
-141935560
529810848
729729352
32152780
967060260
-501747832
-64429616
158133865
-306004304
228822932
285656224
10044540
445096259
186616460
-23629164
-188543628
-39153452
-80563470
-92387340
27937246
284329800
-71933030
103910170
375479725
-291766622
38193012
-55326752
-469802940
-497701821
166614200
48675504
46428795
115104927
909659025
12521250
321576294
715416970
-497036190
17578224
-362909268
-175420149
41648880
303400916
21194965
-13309120
535437632
19437255
-398650780
-309472941
-176532912
35956935
1021810128
226766270
-11523525
62794065
104558080
313013820
846854463
-68966833
-361512990
-272089556
-766310336
6385938
-334438014
182155090
-197355400
51242073
-197938440
-902636488
115057155
-771073629
3358621
-114868927
-164561877
72336103
-140753072
-154284539
-310720
670914217
196388896
422984100
-116441754
-916372192
135341952
-598570
-378454995
-9537618
2492919
-856350368
225123372
-46079425
-54911720
68665350
-997410414
260406677
-533011210
228224901
353045178
2257788
146382099
432335939
77927634
141622828
-277255784
141547977
-161866729
566777250
949007099
735427890
-230125910
-12151620
-597630210
701998611
102920980
85130410
-130535274
389812920
-616272060
-61251750
69099660
-79498324
141687910
-377986098
-145460813
-455693833
-268794824
25213440
78090858
-86333910
62290652
104572944
-78780048
-225405624
37561464
-9279768
342844284
-293264760
617918791
373174811
-69811389
-972759875
117031355
-418871088
-12829824
27486036
-71096160
-288813987
-13256420
373583954
-415031584
363869128
330123134
-486636909
48931725
-261453884
-311903874
245536050
-5466380
172126672
-221047888
124407402
186669984
168746862
117772224
-143664994
-687796034
-298132230
-231662084
-247963938
-36067818
-39507848
-99934840
-337443741
-563807568
7400712
-568888320
521369817
-697296312
-2560152
86770390
83485184
-44734426
132703375
104246528
485948376
-280922796
-51455336
418511859
184519020
-185848348
-162136705
-880981140
-587208258
126367850
-399516770
3496233
-319559416
-313745600
-502993176
24580850
-213304149
495423852
-52242457
-833502474
318086094
-181094145
-804878493
-615802247
38108610
-134596378
131899008
494019368
470760192
15445404
-117968136
196739730
26262280
-761681536
-752374376
-199859400
-15453576
-134547240
-1746304
339778208
553139344
307416350
-68950525
483251196
12162717
31715068
-73213281
-650062176
511245756
-263575200
1011774192
-581116005
59656635
58356612
739331829
-4912345
713290214
118507733
-34311680
184677454
-142615220
-243088952
37117300
274951560
576616069
-389534883
-131979600
-226028304
-98494407
385872192
-147238824
-706071168
330130640
171347878
-18071248
57675940
-188512116
-10484730
297184170
415214154
486943640
-6555200
96087200
526831206
275983284
112090965
471045520
-261653733
4744820
79077696
-499717680
270669168
8031167
489560233
-47373828
36180275
-227494737
-218501892
-869124282
-293639604
-154820406
-34400415
-292046406
-12798540
-63395864
40120740
67409544
187719661
-103918251
352894840
73089930
-527171088
148349887
582920220
848730722
-210090588
12732060
60983464
571105725
-584907912
-56579523
-13324080
10585058
-250715848
476362068
-216147624
-10990390
-215859000
171909965
-182741040
-8014794
-67825368
702628032
534669819
397261500
298564052
563028126
-30620336
809047408
-35556840
-17793312
-29784510
-479548524
185527902
25112520
-192799506
53215200
13699950
-882008325
3559164
471274245
-45467800
268061526
-40590030
271902244
480626844
504931735
1014127268
-19775142
62095766
570211689
6663678
53782008
-101961783
1998480
-578964049
98810241
-536130644
80150627
-412976954
-6001002
-5927376
-456494984
-262781420
-318683088
254769175
719926883
425612160
-129982752
-121609480
-884770236
54558657
47531838
589404557
-103454520
-4668804
-6975960
815110968
-1034488624
313366800
-20813312
257743590
-512041845
425345475
203986332
120801640
-608274416
1834812
-278184540
-74774326
-579755498
23312326
699398527
555753762
101551255
249641277
54579778
324659739
-44780800
-333344772
-16625019
-211736378
93728404
-69274776
327747000
-4224803
-281139320
509841232
-274624200
-71141752
46946634
514791162
-822597360
-33321330
164427316
-39233472
53386740
-83683560
781671864
144544144
-82753088
249922541
-218844306
376695180
13796388
381486
-814687280
239662152
374716507
-18682592
200265550
-141136674
-173256813
-308883043
430519593
-588716562
29036646
-122515754
72268010
793245024
-40128764
-131816406
246088884
-131348800
414740865
19385573
-41440938
11933109
-673645956
13660788
-41485864
356944676
723569346
-121606611
-184760624
524720656
-705376152
312381600
-67812330
428137047
-153140868
-3888214
-521375820
206028778
238452372
618697269
-112502382
442336290
51839489
29259208
165532598
-100245924
8270208
214692420
140289106
332025876
-74234985
-603335217
687236319
376503184
-404575860
211225008
-560023508
405669516
-778439220
-163137100
-141775920
374823072
76258910
-141805668
-295291020
486434284
-235251855
62504165
131984090
49074142
332780784
-254088627
161391472
-25331720
625396194
-408966675
361174800
-143047807
815721418
121558920
55696344
399501564
569256544
329782856
193765676
-481422875
172798156
25389120
-837401668
46890866
72624384
308807080
105077678
143521395
-358035545
-4922622
23643158
-194522736
-20848280
-14018044
12573112
7354540
-16938600
593416632
557808685
474643904
-319648290
-4993472
-263200896
-55099044
478256817
-54646604
-444164419
48883824
196991240
-355730644
513372192
-7796745
-109115985
134667069
535458322
20278490
44109980
867451302
-117826336
372586200
80831916
823329195
-291772503
-331573839
-557254410
-357787520
-584707220
431807064
495204305
-287596282
309869496
37677321
-309856480
928455424
-249365690
161081310
520454232
4993120
665298396
-45274320
-95186502
-229201700
-206287236
304121571
-26467035
-695092456
-226932970
40380080
635602770
441897089
48271680
10064600
-137189520
458552100
191770325
865144128
-340724096
727640212
19536131
424583272
-33799892
-172822235
962938840
-90392428
305773377
157690078
-22795776
-346323408
262267692
398318760
257400741
10972724
-149888720
117305580
223318454
259624450
323438760
-135768015
-65579214
-9082736
22140608
-585965535
-115497540
-1969800
562122288
104190300
102521055
-17018690
-68479110
-349286080
-8272352
-131201192
-312427785
-422767710
-291945709
-123010878
332922226
197990226
-390774912
-315402588
624437106
330791520
172940601
-112089376
882132
230895253
-352982577
756459484
-654390880
-508215488
-8101647
419563032
307539027
552726468
217907884
324643221
-34632452
632704080
-514894092
29014920
-675986586
-53642609
412080542
-530769561
416939518
-5259618
313891400
-269969927
-268454550
-269719136
-64961664
-14274852
202891455
715301288
-225475204
29000232
955035996
36034152
33496983
-517128852
120903750
67507035
-31378872
-313283737
-615225798
-15622432
-462106880
178758196
31484919
627070080
108159687
496644321
-337196300
