1000
513402235
-83606180
380771440
-156926469
-117269100
-448481110
268513896
-135352778
-115740856
-409716694
-8435064
310387487
-92963113
169708482
-267362372
359201976
-517115098
-208606598
-197400467
-967080400
104363204
-307615702
18453957
103807850
125502946
-506246020
512315394
-691075260
242752796
-16885520
173740476
99099200
70245864
-114126679
619693711
-353193660
-703678438
30387600
26476710
-234757666
-483198158
29577680
189213237
-532276524
-58679976
193228032
-261882144
-206765904
-93711480
68851468
598895200
271085989
382092496
131060736
11072916
-135580032
-372871647
-23353452
-808302537
-449276865
9726394
-131433969
766417920
467088384
36429750
-245703618
525876464
60943640
153053652
547813380
115972578
-281649336
-215546580
110098436
-94139220
50951020
-6012723
110688800
-63707700
30872600
-135559584
-181370754
-659735804
-469618591
-361612416
-151135520
-182576020
175586784
-32346470
62293504
372379712
56262552
-511273086
-157786440
748372655
71097048
-200055936
-52426521
-42418908
91017455
316305267
797335996
256143576
1397676
6579374
-329487282
-35235900
-101141100
15791020
-636722428
-70493724
-310718058
22556128
-89482792
459500565
-594460431
50136720
-463630685
-17753680
-131913740
-128566130
42272160
-106515528
349269600
185001423
269422647
-209479380
333114540
-406617508
-137227104
-44261724
-139058466
-42355703
-357842432
78735720
-79195896
-327139456
16844472
579548284
261108953
-271391106
68832364
748478414
-95468702
305160594
151607718
-130099956
402233292
192741420
240036030
238418400
-393775550
915086442
1066230
560724812
38038112
-232561938
-93303691
-79382420
-300784902
-156537915
-22196256
559833329
43506800
-824396760
744500400
-59661024
764016885
-172611504
2939420
54958736
-716102179
-4017506
-611386230
-56484036
-99216168
-511940975
-797954755
-180646650
-481495168
57509088
-327104028
188376533
468132668
-33734250
500121384
560370647
93960750
-994464340
-27487824
2735915
-357207279
175549704
-328059942
-126936576
53409280
775342060
748663355
-100895285
59981784
77816634
150790656
89775285
55226295
22922328
-21245931
192256554
-661655396
300327753
74480448
520953930
22747508
215828366
267482034
-323033031
20928265
-21522160
-71087588
-529534025
20819982
3571092
-417175122
-559927737
239826712
-515543694
288621873
484444800
-359555130
-4086764
134925707
59865762
480340920
184524960
-555511710
611651250
-751971187
651450344
167796204
-169618300
-116034006
451746984
-77679798
110124266
142698048
257040000
-40768282
-164340260
-28534616
86488074
164938412
-207808475
-479364648
-54455427
216327398
-676025532
96416374
266788254
55260759
-31715496
508992856
-308392588
142071592
-25501291
-325914175
12080601
99643300
26693095
125938344
-371811568
407218420
14556654
-631315880
-68508076
-170344854
-8259090
-135486144
-157936723
-834867324
-595563460
-5014864
719121157
-141959156
-270736371
-136167642
-148280452
-535300682
320982176
-388689640
-340252416
103579350
-121868880
-90570193
-229471558
-112795884
-347856200
670246968
-239040620
243685944
-274981928
-34559351
-96475697
730687903
88073139
-628066880
362123500
-374406957
36543606
85655232
206223771
-48488000
106095114
-337375920
908702715
123631245
-6822996
-25842949
628014400
222269775
54799708
115531325
152574660
23496448
599998800
143301378
-236473732
7727665
766441683
-4574832
-36963477
-371098763
38198208
-552370326
245604382
-213440301
-157593276
555436497
41946419
-163558281
140096048
-251031754
-158224062
-119773098
16875947
-616152461
-187324111
58934886
-210687603
-567701076
-819516330
40469870
-59641120
-476535822
-490839208
-78719564
-163913890
-14637680
-252139652
235678128
274764932
-91065344
-668267988
603458660
-537762285
372733218
216461844
-80126641
-353651376
27380948
-661584572
-322697400
-632848440
-474285875
-65318022
144359600
-288458874
242216325
-22447256
22956066
530539200
6204909
-721205797
116231856
-138417417
-72260352
720945784
-414245262
76981828
63081143
66403898
92270848
-767760
717316545
35898040
-575029828
113152277
251678600
-675463078
176151348
-179512486
-448329280
-39872066
49226808
-19839006
412727634
106593095
368074152
73402692
-782965218
-90675630
270992657
101702130
556769500
38566476
-661493063
434235360
-5114160
3769304
25434534
-316501584
163941795
-226335648
-114242925
-273563424
301039320
133086800
449357787
391667552
-763782634
-176422880
-330466259
872943000
-683980536
-363049260
508434632
249321015
-124408935
-130926300
18979887
-22840545
17493104
371713320
471711675
689878904
-56053928
380040192
120226668
378939384
-465002325
90220020
-174623700
-764620311
-250213170
84257526
549726266
817197212
-140307712
285481560
-487130574
-276451890
-66020292
-568041045
-193030904
433379288
394444547
-266284048
89704050
-2616276
351424766
-363630493
62310951
290944225
-355964427
818568192
-135605856
364412902
-322063016
-94552620
30858468
-629557110
-46982692
-56860360
103884816
402965632
174068861
284677104
109374469
548833964
-609020139
-524616475
91591236
-121540160
6553872
116229090
98600008
-197631996
12012590
-350784804
-77226640
-562909500
588260784
240544224
-451148544
556236040
128977783
390907755
-266724899
501845943
256520223
-434292948
108701824
-182557804
-530297504
-509762288
670953690
-926309766
381025683
147904200
74535720
172434036
31907200
-338206680
365745345
570718112
195668337
-5074120
-937797450
444489334
-112491671
-343469882
98767620
-578546450
-182005965
-79092428
488425304
-248716160
-103633530
27138208
-136703424
-109890720
-750062817
133210518
-168085584
35677503
-418783544
219452736
-932450888
89874515
-405460323
439536654
27759186
-77600262
165908064
-425358549
1883892
-27252540
716229378
221321230
-29917734
-556649577
-68420133
71422164
58880000
137293480
-234645125
-145427328
-16031788
-15735408
-102230336
-257032023
107451036
-31309988
56722610
315435
14418402
-347517615
200477775
-294499744
524419320
-172058205
-682467175
-206428880
-596533842
73297305
-344292580
176760094
-84605625
220571318
-866130849
-283483389
-236368908
318283416
13277376
44357936
-443916750
-899604099
56983256
-165740780
-70264961
-88075898
-63132732
694537824
-9615230
-38559822
730305
-42535908
-8816500
-809645490
-31064988
-30993370
-2031591
-464860044
177048450
149155160
171984878
-108254720
611710808
542343
-156714698
-647629711
-328355556
-223658970
384943188
-108577020
-5228436
93842760
126702792
-162947519
582122967
-256255140
474619146
-74050217
-112217952
-19861920
-879928224
-366762606
-75235790
-711721808
-180474860
47729016
180908000
-6152646
282671476
109879362
67079271
-690918892
137575867
113890176
-56753242
-430019960
-113756430
-372533988
-556460475
-588192720
379839104
-25415260
470354640
-98168678
-740696530
-13308848
72070985
-69664388
-116987720
404708226
335541042
-78685031
142860159
-43600036
559748217
469443690
-159053734
15458508
236669290
-195585540
-69832280
535864185
357433329
-507108335
22613382
303336498
-265423554
37577072
329774760
-173038649
-280752966
301530614
-147328580
-53948972
224005275
662532072
-141091119
117121704
73990596
943036498
368617002
5620725
274641420
-364483696
-240234225
1549006
-222295150
402031890
515175024
340117256
-96024192
-170383500
9239085
-402381365
315793905
-218202156
-501052818
584578350
-245654429
278161962
-211556520
-22746202
-345072042
181192752
16646359
368405674
324355413
-308857473
27790224
435700650
-504121137
-638799056
62829728
-384706464
-58665504
-240887094
27044160
20259155
10040850
-501372666
-334246770
6325735
-66028655
-44944245
148519800
454067152
195024084
-14821254
53903350
-285373254
-596076284
158928154
-12583196
-571030901
9757184
-877834624
-301615776
-73624161
107908234
308148879
-104267142
-329460000
-520238086
50102468
41527673
339008120
-38399168
1201400
606736511
-678952451
125223258
18698722
-83679762
641326224
406097202
-30065600
-180365040
184802044
-587796226
45483834
-45771804
301220376
-496781446
140962510
-360892458
72637136
257875402
-387272949
-198189252
-138234600
13495750
-522439684
-727442227
177077794
-512196058
514141337
-165117758
-114769272
714163735
-332234224
-55434192
133706250
-118021422
453585243
-7379649
179708395
-122918224
-560200830
217605276
-263404192
-34006986
504949562
-524572111
589174729
950534984
75680990
492170081
298249024
591725200
38081304
-228825168
454641768
-72536842
454912010
-13895742
-29193861
-6542370
601552601
289294236
173398572
516027072
10860538
37833712
-62272224
475119814
244792185
-117397709
-115785000
359632728
-10952952
-72817575
-559151532
-83249568
345781096
-11940346
57220020
105092988
40374990
16932648
-402731875
170383752
18897352
387538293
600995256
-17239410
-369920655
930565356
254092293
-19101030
178160228
166223872
194767701
138948400
178253569
234734769
167627058
-708052228
7852208
67530972
855926708
436673880
-99632
-532155771
-109684890
133424976
-135393429
407585024
-232244174
179211448
33359367
17389301
127857578
-778456030
-34794275
-171050964
-22294866
-195525792
744196464
110604604
140143494
-281004011
-176226099
4318527
4952064
984970341
-353396525
-29071696
751952256
-479557438
33825280
948767648
-159353700
-404145456
-6343872
16906518
-56406405
329607742
-324771876
-755752578
939695
365725416
679860545
-160723542
-644141910
-751972053
-15125990
-134588495
593558177
-106340577
-328700014
445093164
-420168426
47521320
258096618
457713984
63098435
822945106
286745264
440573298
671537895
114648112
-321278124
-190466669
26270962
211348148
56766740
19946022
-384133220
304957620
-37949374
-540293488
-62479343
-24641884
324864494
303541495
542590410
72016701
23576137
-454062456
-477345068
33680508
90415377
36800742
566225424
188028422
-135346367
-808591576
451146913
17888272
131793096
-36495360
392131330
216303072
18908990
27361200
-910948979
-302828053
-167030375
98376466
155941992
33159104
-179873838
-159758560
351329985
-23290982
109009943
425343852
559710675
713794368
-669839675
-107662256
-93103815
37404582
170717316
221167650
-405851527
313278735
-145308315
725965387
160090208
606199600
-664574053
-27883400
276653773
-79273014
-446532888
791288253
-574206960
409497802
-556301742
619445106
136795540
-63395150
472574976
131492375
-48287570
40876080
