1000
166177256
932601238
-69453227
4265250
-752138286
-140520135
27480
65934650
-890761998
-388937430
-326247792
-864984833
-3088396
-42577568
-757585620
-355694947
157761393
-589864776
-2792250
68120358
-4396392
-164481554
322675262
-2333145
-44773824
97075992
180761581
-230193382
971042968
83868864
200276130
144817094
11796378
278529678
-480148773
760129227
35378616
258171690
756257760
-129435480
32569040
15868784
485666366
-185043324
24652116
160379575
217500244
-480349980
137256544
-768999096
886511224
-99972936
382853039
-94084412
87470784
114086390
534778387
175772622
645004135
-119954604
-517490316
47420684
875737212
454802528
35573041
-708785595
83288478
51523236
-518896941
647981835
92084895
444599894
56478810
86624076
93397920
-618402150
37317483
425620965
-39096768
46428636
774204354
-483437721
-53436383
463396096
-14527302
-87843998
-88168095
341990244
406479138
-592047984
-179107524
-717948708
625676337
-24439576
-529107320
-545503590
424757970
227423313
349472900
-714314832
-156898040
741309225
-415555835
-80421152
98992256
355110380
8379888
-346557204
757354488
669174964
683359299
164403174
-351463441
-43740423
-515143452
9677066
-320966976
-416422468
682470500
-247306260
-350861470
-381019266
-497057328
-643193151
-51759180
211609881
-573310630
147338844
195309461
-68080640
-190813224
-794411636
-714402288
-311348013
224668564
-78425820
-4957290
-563538195
-13795626
-19878222
32662440
-182421122
215265050
31308720
-197808204
404623180
-693035915
-546881645
-20317878
138075426
304926720
-235924570
960864100
-395288141
172081092
-81322475
273823707
-26250819
4925556
-715044996
329752332
-540753384
678422800
-113711565
-425956300
84343130
-409114500
4810134
-259976925
-563504400
-70710480
219223503
-22366762
-88584366
162291987
184976904
608106432
-354053634
-113485395
-269075350
266299973
207694875
-130507940
-32958120
808152108
183874730
-171650404
-366242898
32606220
567476
561408276
-36285606
444519876
266498400
-90625731
182365986
381997539
130744223
98620896
333665632
-9088495
-53134488
36716904
102172400
271567874
195311844
-469608760
-211965572
-334628418
349822758
-177232340
655126144
-110252400
-913432912
78619616
-151491600
-699801534
-95978940
-208337242
-5728812
111904103
-161576916
-275268865
239507993
386924098
-225054375
3893677
36839691
-266762793
95673960
-78327897
-385733112
-393963470
-108249570
8177546
78682752
-146214036
82208060
531541111
251876052
-266056353
-225641286
-12601708
11218350
464967672
384044948
13918131
-9012990
-40636691
-794394161
89488200
-271556285
586569456
-394812984
-80773596
285791008
466739650
-68933916
43770439
-349808038
241726303
201198600
204589320
-64685544
6017940
446633779
136458798
297208926
-13028828
957379500
618631442
-532268730
76594936
-405969848
-375534850
-70600180
-61885710
411738026
-182864016
-3506216
-918848073
228299773
310769025
339647000
-5187924
693661540
97097126
-391651955
279524192
-152550580
-30271374
-379699488
941828232
-121532915
86631552
12445920
-419414172
42654360
299651205
-215231230
-242437529
-900414528
668261652
403124826
461366320
36212360
-156267680
-536852698
-259736310
-8152684
-14412621
-157820931
807232408
-99282057
-33184800
6991413
139201950
-204111288
50716908
-166483272
-7578360
115939788
179980046
574824096
-29585040
32662155
201820624
404281360
924887895
-2568690
256629870
-165057390
-493867600
809805713
-12255980
384524000
357839808
-172897354
-31331276
299744000
-7607880
-83605760
-51153480
273131802
-196313975
453266318
45070298
-4449492
-41909238
411590266
-208205920
68471312
65007360
83466096
-186472300
-719281115
161408455
3084480
148126225
-517230021
282548352
-181203420
226058472
57010832
-104824119
602723704
717362475
329615758
210051125
-14863014
-99694800
57574305
-12207315
-95787488
-26058825
-208074546
-195233508
-291813823
-138308949
-83137030
-43605000
525050780
-249342464
-223068549
299946636
283114080
59258942
111092600
1763694
742501984
644862276
-133505418
51322980
-186016886
82009914
46942948
725176790
-150720390
-154228896
3592627
95042304
-385555324
-442844350
154658346
428205180
-1157384
28270730
1577115
250057290
-47802312
29167026
11358312
-419631840
380923974
-713130273
326184429
-337648344
26711046
519598154
-269474400
-490918692
-273147381
-379191200
-87288624
13538115
-559593664
-835685172
-58379835
-316434384
-422629560
47252856
-228598284
246116278
294436800
150900452
21430746
-322327698
288109624
234393600
32399330
179013440
-128832085
810943200
-53449920
-63419520
-29808515
72220687
370998075
302485456
195820118
-37882782
266793944
64754580
52629363
-288094325
-44221215
73403619
-169927962
54120269
5483644
-51252084
-126028710
-166232995
-124418990
-437944310
202675044
-10749584
306606015
31042374
-635901312
-420605925
-158878900
86624153
604101960
-82689900
-855077400
269089708
297589590
535493520
238889840
-153647442
-232620272
59313135
-463139788
-138905480
-143184381
406624544
90433827
21319764
-6032979
239441590
69321441
79427106
-432948104
-391395347
211038240
5642130
143142390
-3865340
559104849
-137654187
-76138197
118402650
-3544602
-246378846
-171932436
331870464
337058100
-28601052
508046000
-61721622
284439120
85039453
140970172
-460176132
322233555
-85833792
-472417758
-202943048
-7857780
324478800
3864004
-321425436
-565273324
271473136
42187285
-42774525
252009760
-50012640
272368256
364118427
235491432
-49573480
-79582041
-646423436
984751180
-62389670
64772816
345682813
-546468753
773931375
219996378
771036682
192621200
-141825600
-502141804
51767392
-25109504
-34888348
27751560
457117425
-26556924
5084638
59042848
-11946123
209148852
-507976317
-51817896
-14647545
-7907430
274159665
-247030080
300428368
596380824
-575180325
585272804
185170210
436216235
-453589052
-18128666
142854192
17768961
419752910
134514648
-675936
296750580
-184372342
277638666
741437760
665123648
-351462188
-101904595
-14455891
-108600590
249416751
-224701857
-510661854
-59738564
-103643134
-858768365
-560370046
-418865040
-30134790
-62349287
41836100
-47436648
349145864
-70216106
-131359024
-296306919
40347888
-4271868
203818230
-264084840
-59249856
-209835640
158270580
430137456
791540100
599677145
-560662298
-155254660
726109776
367333564
-33985468
-465091270
360712979
-80378693
-363789005
394738407
98136440
-27209780
-272754286
712309594
258728865
-706529000
-91724514
-703575341
-370360158
123408058
-275868051
-230533965
425365213
212541252
186873351
33448160
-218080520
-98255568
-297650304
-150169480
255896920
330252251
-443872664
160001004
-464442848
25039900
-62171120
917941170
94632300
-209886504
-370110739
-249895800
85021200
-282195
928700080
-185118125
49115088
300531900
607297802
-402103988
7461560
118675711
-431026115
-397053952
4552875
-143253011
75982668
-222869658
410911268
199945653
-178348325
-61238826
569394552
391876684
209602775
25127024
99308117
274293930
164435220
-584745100
602097524
-407713592
125558433
319423860
-183295926
199200078
284724522
308680190
415552732
270129924
-395702446
363077693
-373293684
-39937036
-111228755
-541840110
-515578002
-405787896
289761030
247015332
-153611127
-441851310
-683939172
2403402
-247349809
-454960800
-342796368
-391497156
200696262
536979591
-7043180
101575084
47743095
136367200
3311385
303169235
-2076402
592886998
-709899246
416800917
174025560
699188920
370110171
348556230
-476964336
-24495559
-642177585
138309892
-323740007
-115389252
595680540
-640972800
404989748
-6236496
-6522104
-484288140
-231882686
-610713675
-169887080
-132912620
6430764
-640584650
-364320588
172999652
287141316
161735728
-489020910
-66355620
-255003684
5996628
172006590
10575108
19096380
351019851
-187199666
-6105285
-137719150
-187388366
-333470314
-10476888
-5314421
139223946
156778688
-540790860
-531179344
547046258
-10534425
276210880
-42102907
259701217
241773372
677213860
283692300
-692841620
-297649976
-23500860
-139826282
58709816
268153614
240522558
34952744
14006300
-29999630
138784170
-163051734
-122490644
568961069
-363527328
-219910530
378559620
63117109
159154830
-168923682
328528200
-284596497
148549910
-586742937
20341304
-261992250
108585260
192882204
276317028
538175369
120111070
-94840133
-160043496
13228832
-158272188
297459106
-730290312
26094550
326967102
-71096910
-82160309
-96352620
12579000
262842930
-60826640
263202093
352177803
799703475
199810156
-211135995
-682339666
725795642
8901919
16875144
317713854
-467024961
304667514
258452997
39678856
334732080
973922217
-361883523
226418544
-497569833
-297467139
-70901824
163919438
64516991
410452250
-765344190
-646397920
185691816
72202950
-18246228
-413559036
-45211474
-571630661
227561640
-73729700
-185792656
-313582536
205254240
-88077337
-9236916
107944032
-407336000
-547063287
-116461050
843298510
608379525
623278008
-387864459
12622266
14950701
-396098496
-666671012
152565174
852352332
-191206820
-92441013
318785664
-175276602
-21930792
113210597
172569582
242426664
28657146
-725353592
41289600
-194110168
-536088033
33300882
894516514
-69928620
-99622656
64893570
885350525
12256596
-330909740
271748352
-269888080
-86518288
-1785168
22256505
-270127650
435081573
-57874401
157405115
-157713670
-127145655
219029540
-16505498
654361338
393390465
710294028
-22857120
584797072
492251865
-72212888
-74529836
-319570685
644047902
74663220
61673616
-353223640
231772376
-149222260
473452947
-461547943
326849970
287510312
-16433760
4442571
196269320
-61313887
9795810
-60153006
-701387988
-173333000
9736657
-667310544
255589287
903511184
-120829248
-220278888
-491613438
267619516
-250735976
18961668
-339322200
-77114310
52223150
-82096740
-757023501
-211516032
101313684
-666130632
-266003210
415697294
-146288192
317688882
-596631300
849463187
223498344
52326228
29236680
-296515824
291272392
-362665300
-410020065
-230903432
75220327
-44659578
179478477
222876
990501435
-110462853
284936740
-187436044
554737680
-4515186
-729174096
76623522
144286797
-4296354
770096598
593480016
213477640
26599699
-504661856
706072730
6900344
441013265
-128763522
53513424
138063852
457286929
-785152371
-39430160
-211348305
228285945
202136190
-597440977
189391896
-392039856
157272672
224384474
