1000
273134204
-901823155
-797426694
287616
184483065
-475834463
-45095519
-330490253
231244230
-162753650
670589819
-288353520
297020260
221065380
526920252
332519266
224289123
-36715910
-153660989
-172633468
435291898
-18942861
137020350
-58794080
97552221
24110222
10039029
-84348888
133739508
-285446110
-134283339
-725243046
103959436
-288908919
-350361443
-437239530
394231716
-78537168
22553178
-67757975
-34338425
-14076909
195900672
110435650
-91283598
-845462736
-49176270
127591125
-19412188
216151902
-439032472
352479600
-43343983
567483358
167354778
803259250
93148532
-210460104
-314513481
6244500
712087106
106564944
333624798
167844600
-56572308
-478109115
-841578626
-377370949
-843816948
-583913616
-28921779
-403632026
-327990898
141271490
716001693
872235000
-4787218
-75613812
-427430942
287704750
96539786
304590344
76772200
57931266
-200337071
396360485
605586443
739324300
-291656556
52427448
227562432
335396512
-1474061
40772644
130263282
140332430
-142519844
203428511
-940873325
195643428
114319350
32768691
-89236056
-76041550
-22441696
251286384
597239565
-247309259
83370320
-170730475
15138178
22165476
364734525
298288495
15272859
-462442224
-844274880
187868712
-169111800
-643306860
-20182220
303610230
-45004484
4717388
815556945
457356702
-420315728
-984775040
-435055852
-40030764
787917186
76079952
-602931600
-386355372
571576080
-940731183
-108767897
4511871
-419188752
110880297
-713799567
-98489910
-189634447
61436424
78270424
146057366
770155296
-256562020
-62354093
619097120
-412417638
1100112
-365755152
116366184
23628480
-119494601
-22498900
-242903520
237621600
-215590288
33063228
-611951457
8763656
-63511388
65284719
364137294
567855704
-394829460
743812173
-539597600
-231524350
252687841
363097560
400812902
460596158
-74841759
-606958665
-617090565
96379710
115836282
6943768
-234028902
141795215
-126331703
-36297996
-800391370
-243437808
-387571900
161040607
425431812
-61708860
273224
-302899320
-542269710
-60562755
-221998846
549593472
-25731020
112304675
1007480796
-268058197
520118898
-281375443
-652766166
30346864
718593840
-91880482
324054720
-277094874
-158074755
583707852
404163006
-20003105
167490892
-9901822
-142463352
246770436
-99658400
249496864
-13849964
406519513
287344428
-22046650
-656309440
-26237996
95314723
267309675
30777388
372457342
-17328700
191957996
187285428
285702450
58456784
-250782181
98380224
-17780630
8378640
-73468440
-529923680
311597896
-77629554
-681765183
-138126590
255426269
75791435
-335388746
299055141
-53410368
-414346091
133633500
-57281216
117077235
473587276
127126205
54985840
35664968
68888880
-621955120
23677923
-176917338
77329523
-100102814
-416726694
723324602
-190451229
-142345610
-351181313
284457543
9375154
-18955635
-35141592
-21002826
13973393
-480392000
-794916360
10383210
310318036
29215836
-116799293
39675244
456689168
285340828
-185271168
-180391176
-246169728
41794584
205287632
810250920
293853496
311763018
201368780
34412553
-380564276
-185094746
883588927
321477640
149695800
313960240
10976936
14540295
-64319684
466723290
24995040
-156472657
171277682
-120726150
-79655042
-362817303
-93749822
95860132
400555239
143337447
-271830165
198822333
-751902856
-69756072
-432444236
23814000
104546520
97429521
-159636848
23757201
556344922
-228588927
-163515807
162045037
26429655
113395425
-20216563
551371422
-252216426
-49439048
125977297
651311800
60982272
182240820
207611838
367014816
-340171793
270549381
37635180
161724400
-236681922
-148949317
-236004840
122299836
-362474838
138630384
-19480384
447908800
119987614
-127425759
215143095
412550802
-93045120
26320941
-287014976
-12493962
34778898
8122214
301226616
-241903017
6039616
476863725
-114702236
-500455400
-224266950
-129154432
54001332
-586608660
-1490304
840382631
-232205660
30896514
-167084512
294432292
93223180
-287614255
-442351501
362388656
-210174453
-333030015
195673558
-302663958
363680545
42726525
-535644840
4740735
649719075
148781529
-79181284
309627126
31226377
386581949
477595431
45436875
-51485672
-52744779
242356884
-458034840
-3064775
504785387
-310424400
-173214
-351526491
201764250
-121277194
311691706
-67250400
-26915571
104437917
-38112930
-205794738
-267864155
-373887425
-437424530
83353140
385048757
-125311830
43357600
-80991680
32231736
-919757664
-69242385
-98570630
-34767856
-531864685
455377140
487927400
18529940
-301948920
72216810
-60052122
-90891030
-203349081
179787736
-134389846
62238176
-204565524
3254412
293261200
384460668
79203960
-306265352
20558712
111948656
-789305600
715857499
-28591596
83351400
36158184
721084338
-25480053
-137572512
228566586
-187866195
-348524358
81841732
686779140
152780688
-328667706
-183840660
-298094676
-51553260
-647360208
89418919
-386664408
838173084
910020
-44443080
314268768
24807388
220968250
-265773562
390027062
28908042
-626132918
-509923020
-267524801
79937572
134914583
287178233
198316668
204963696
-46344448
-4417362
-664719142
46372392
290950452
277329985
2667861
660379226
404591337
9874822
301439256
-25366796
431141420
-688816980
-28516709
-373706496
-511122906
85098114
149586924
540255072
-483360302
487846421
-477014442
185124962
335814444
126067200
-728115500
199628520
129831976
419480012
103470498
-82290674
-536767495
-471089520
581446784
-147558275
-628534371
-22666097
-65032820
-206504487
18233643
-382354222
-128250990
90750989
-550669616
391205421
-256428224
-119957095
-519241726
-28724064
-234916920
281464746
591215520
-66903935
-93583056
-112232404
618345585
-74022969
520222659
16677313
-241288315
18032466
449709092
-174288520
158452343
-955198832
193737375
-463285818
309282146
150895830
-177884650
954304
97340496
336376455
24302676
702412656
-272749916
-93092715
676261740
45799500
-235528160
79945866
-18500832
2166318
36459186
-403079376
74535003
143159485
-387880989
-487735520
77980683
-1017765360
132837840
243281335
42409792
62032901
-180422888
-278632200
406169652
34319142
137433800
-101360304
204310035
-147453852
-48755932
69508864
-103746315
20185154
83002896
-248455820
61746028
-158112816
152381043
-193723904
541394019
1633785
73635492
556598912
-338867354
476684098
525022765
635722328
-98093498
147387717
10202535
853925612
-105156550
181907713
-330738624
-20801165
-151562492
284039754
-207639564
794579262
80187543
-452805115
9362145
-209565405
168907468
-290100523
-407526226
-28132000
402015168
859400360
-359248522
-12117093
717074920
-47740728
-62030976
-314324880
-224291487
226850800
-59122321
9773608
-493453462
-150932364
58841696
79378622
-281496676
554871719
-5471070
437033566
496407984
87373830
295480194
730741130
563610432
-833996940
13879368
-47626030
-248486630
101434632
101515948
-368733904
-210217722
-226573940
720520470
-104436179
-818675640
169733984
-624963588
424429786
156357696
345978602
-48314720
19266065
-80825910
-177640386
-89788961
-489976410
76243310
-181495776
107272152
-442251880
-405964080
10084800
893127682
-159487416
-21199120
-336535125
59403254
667641681
-47003490
107014354
206021240
-196642836
-147102408
-206997792
143859848
390522732
-183451906
566451466
-379145710
-78833552
-146387852
38381925
-38246563
451332752
-171699200
-553420296
-541425882
89327756
104306496
145437200
-552119232
12593025
-25494450
148695702
80679676
277032992
-257208700
72672030
40726125
25907440
124424690
-280750222
-213127148
960540415
143471000
-575458464
26015176
-449262108
-670865564
-75610278
-194692200
-34171280
8125820
-691748736
264900310
-106089744
120353181
-128754982
-178656859
-165147444
-337387792
-196754126
50194868
-216632247
10310382
281033010
-758603104
-310609309
-892328748
-781128712
-14215104
561802836
-507144792
-643878916
805007946
168419224
-22055976
-440682045
-575840964
-478209966
-208002036
71457100
742303928
58503904
-238062825
188771148
-921534560
-166081629
-41638896
-352523052
-147094389
336329556
92787800
756792192
112279531
-714695544
-337139180
-742193600
-494844626
109097326
-462699180
47379007
223216776
-804551029
2255680
-151063323
227498590
-237318748
-480140760
-195567660
47571340
-609392038
610898340
-279392328
230766512
384803532
185688723
18818597
798527535
70192576
80551746
-267179451
84900136
281103592
-741037259
281864063
-832377530
698296056
202604055
-376914376
-331734282
202407735
-77020104
7525936
30037344
167672236
893645074
191107760
-442059282
40933576
662017350
20937406
60052485
717923010
-231906240
404340228
727814342
501359736
-233550714
-428783298
732836384
-519996544
-837897221
-153956985
815382441
-94743792
-13356168
629015072
541263859
729125760
580889752
-95444447
-122233568
-54819625
-314027688
52420390
14149026
-6776032
-41857942
42965990
30442524
-619567740
-828411110
-855251600
80711137
-8968260
323151820
-270260774
-27164480
476889664
340478083
520837911
25283923
131439105
336651394
-491344680
461723663
-58289706
81968104
157348392
-677465
3468192
114305188
230226788
157140592
-95880450
-53767854
92989578
-28849958
9153660
443904832
591430418
-314879928
395333144
19978812
-263076411
828028592
42671480
-436748760
-52542172
-55032304
51564224
-174135840
568306557
-136709325
384080515
-112839359
-175038990
-808036738
5221536
-111911347
-27540864
2419712
297865984
8430765
-97691520
162723303
-163284210
336920904
176132308
98535177
511275492
-25494120
-454116672
-119937314
68286231
-71728800
-121762548
-214500480
-175250110
-215920230
66289644
-171078489
-138384825
49958391
-36543075
-156755456
-41670316
79934140
-301483130
19533696
-701831451
25130385
213853068
-98365144
58185202
-243370708
988287056
446082845
-770210068
156571188
-2383260
-477401140
-275473751
-76023036
-426517344
754808390
-690818281
190304076
-496166832
328993023
-680494503
-675502009
281914416
-199977375
463924863
235617365
-612092960
153304920
-85352163
-399492632
-105116599
57886370
-380199540
-768472516
-200873354
-70031269
-68935675
-22746360
-48805992
-56063880
-124050772
324183790
72578736
-335642640
-636817815
215483716
-68961144
-69044880
490855631
-25294808
-35092400
503154678
202224384
-602353974
317580060
263191994
-654698438
-488651781
-191114640
368284320
-631061292
-12940744
-383978922
-84624383
726368411
556828464
-337209168
383152160
-204671840
-249168660
