1000
217977578
-56742688
-35595
-71062470
261373929
357351120
-387727833
-149658678
17317734
-744997970
-626630013
466630608
30151407
16169370
384375400
-1055700804
-461723619
-125890882
43226128
-251987444
-188334422
249070860
215483462
124564481
332969420
111792540
-161685744
-41949090
-368783616
129977920
-555095376
-112646022
3534462
-395565170
434612600
-71472936
18814752
-790375443
571605980
-387810078
-48739640
556535220
977570892
-47103280
62882369
-284933700
-27936612
21226536
585293898
-346477086
142784012
-390869627
65022680
53607873
353927718
132949320
-75778794
611291322
166178505
149233434
-204833992
-113741340
191643870
-110900112
-198532512
375934540
-12250420
-591873120
-20586244
-46035214
358833768
30305988
-197719644
129868002
-4144218
-99776182
637264358
-183737952
185868478
374724028
-433434498
-504022054
237170404
-25257670
223056990
-587965011
-12528250
-45457750
437604744
191028104
-71605710
401105550
-131905450
244764576
-32274682
387782104
-583652100
527310000
-290866464
-634648050
-85042670
-435699456
533458944
105543900
-246970880
645127696
-183364209
238877040
-19513956
-348769044
-43222624
143939440
-404462536
187601986
108024971
-287240456
-290425376
411169910
-51572180
423742370
331134080
-153596940
859701888
24494756
41491347
301482496
436810242
1451142
-247424052
137787825
966462932
-247201647
19601106
-159764984
-365754000
814790000
-576683001
-516042195
507094745
1027079448
-670004402
-15343840
296591100
400569741
527992341
-151904176
7524838
-124068315
-288914210
191507124
101069442
-462128544
-9727218
134895770
-93839728
-40862976
-372037809
54168825
-72564306
-496352592
46862400
870278430
201346344
-378546245
418039743
65263880
931041462
170004596
-151869276
-413354308
-348820392
-373938114
108064532
-41679612
-340428060
28260933
-683839800
-204890719
-3812809
57665493
433192570
246016250
408870150
-74876625
75996392
111078184
-129467520
-674467343
362162991
611247750
-85202694
-221243506
19509325
-26433792
178520388
8049366
-564579547
-529915080
43345582
102618684
12898108
-102403044
763881283
-172777968
345845112
-14299494
-151641108
817286330
267215872
126232987
-347904072
22740845
453779640
-371405796
-564856200
870427152
43998210
336267802
40043196
810305368
-416844488
-15242422
-33025725
143030214
-54350196
-352981377
-488921488
318645702
-659558900
-105727458
124899212
124476510
-38088400
368255290
-67213350
330355224
22857354
-244915960
-584849100
8015048
352299211
-52964983
88263570
104024702
-161853966
123893224
-520032576
-35492940
-54888845
-676346268
-502168523
-291366187
-281417456
-156648498
469734990
163318078
617265024
98728350
-86312336
206693544
-1027877792
-291107100
-478797750
134075050
-372244593
-77445882
-21322932
395957385
158287347
787935624
-692065015
537128415
77598720
30335734
-90825358
-79800820
-98810640
-60707358
593847072
34828880
631659779
149670828
737653400
482340900
-19704195
825387444
67854279
-34358467
430298358
21159255
7919100
-38499839
263610468
188097668
223690902
-148195894
11859132
-335230100
58873625
818208
409449128
833222392
-184420346
214483011
210081858
-144141866
-308223930
-96921128
218361728
-25749174
156305584
227142580
238164288
227228122
-241447965
72597030
322342250
45342132
-438858998
-169488440
535798347
8587293
397761227
104603400
149116140
-777502128
-541889273
-400178167
-356742512
-491029760
-365159650
89201385
14202361
275298536
-61431580
-225549153
-427477864
-174903056
-59627010
155394288
67323815
-93179286
282899721
-14764900
-79890520
-156067374
-78576883
-117554780
-91959242
-132736136
-55039120
-3130490
297519096
214400088
761174568
753263702
811181547
36327135
87040170
-178801640
-107498776
98210700
134718240
7622817
-506690600
-254491016
499566383
-5981568
-64167140
-16523034
-15116108
-212217690
-328346766
11146135
-246470367
649424080
-18728004
352876487
61917465
57688033
259924556
5657024
2400443
-775683181
-519468964
133416367
531414132
-80975770
-344542128
919571769
-3615480
-30222063
425963963
-402707746
-142329264
339418345
-396035960
-329517000
560848491
6177242
-575130479
398232134
-154319200
-29382561
-569050002
-123349122
-14235284
-5254903
-146127889
187189635
93149144
-244929779
-103517986
139072068
19725789
165421365
180499464
104891332
299682058
342200300
-323053920
-650855475
-33346530
521287648
86399460
-469196240
-370809959
87936728
11503320
34584143
-767756110
88091196
284970656
-294668512
-36482272
690844700
427322600
-3700242
122976414
518034416
109312244
784456432
364398384
823315740
-109052256
374531084
-119719836
-637439531
-372616000
-388863024
-272867745
176567370
-907473
439892748
-15600279
792349278
456315778
25978700
120273033
301643260
298769364
-32883680
436008250
-703147032
51719916
166447854
-569890872
-303050874
-244291476
-5080450
-323998365
-64289319
-76814010
-367628086
471355318
-296820787
-129367086
576199846
109048422
58847712
-8906471
-335783253
-607162233
-405662417
-414968510
-621180495
-243584822
-306084722
-350660170
-307221738
275654106
39135759
659639364
-277097139
-32034723
-25670970
502811550
-429994368
45640392
17363185
-103188460
-50476006
32060600
607449458
636175176
90206595
169981112
-674922794
-140892796
-472495540
40154105
-410701950
14922490
486505994
-218849840
20470625
52442414
155383744
-165461336
66311374
-55189646
-50353335
151372983
794760166
-230779543
563941619
-124094979
250341949
-850923900
-177806016
965734770
-48758472
-129909960
270442848
-214496919
-15183091
-190025784
487719100
-219275628
605468423
376761294
590476875
-204021885
-190457520
-4436640
41791944
-76669940
-460436144
-117824160
-564123798
-66163100
-16926066
-2134388
-477727221
8373940
143871248
943839744
237306974
198322600
941053464
-250934096
239910587
-54737816
199508966
-944978272
-49732870
79509600
23346747
352710862
-321840
22420524
-380732925
-246360960
649529250
-405415373
33665920
-253458288
506914200
-189769314
341716995
517634274
-221373008
249604123
-70279237
517318578
118544502
150577847
-509929826
-242451712
181673870
82798976
42164730
-78651360
-26767389
-438147468
-524344408
-134152888
-411566757
44462605
202153470
-33730785
87046800
-20391968
-1004594277
212538637
170145625
-297590636
-475419960
164249712
20875212
7603680
197401389
389144280
689119022
52556568
26631234
102048238
-97315556
-106575768
-245087370
588296269
222282736
545437430
45212496
227686464
-156872060
-310640928
142890260
8100946
-139415560
136881840
-3702510
149975784
196046460
63831298
138331014
1781406
-134843184
-200474032
335043468
49568128
-113460256
473225564
-1200029
77882721
721408272
-232143760
-317617509
33128730
-4827593
-50699740
274130232
380575995
-18723598
336018150
-41153310
344853600
-134134677
27739544
321266088
-172060314
599962844
105372240
-527392778
-88307440
19914320
39994695
-83350711
474654162
29900780
-165078810
165000220
91248337
-709201041
12106908
362610685
774416580
-404595765
440806353
389178788
-95318592
361668639
-81053280
138434114
72098120
117689033
-69093688
299369357
297655256
302937984
536360220
-648961760
-54564450
-4452512
719237785
216539319
322638768
-740111526
-71926272
-294370200
76290168
-111422520
553334782
-3908129
-320397245
-697990605
815211215
-264963270
215568696
61222953
-101666892
-703202416
-325936008
-94574480
-315864264
-30854268
60462576
12008490
-285872008
-857645712
-73771670
456404196
-123688404
128456708
318561071
-280994856
175901492
197670116
-558510060
408510037
-81495486
-43303804
155210957
-133767888
208023360
-481791200
390600749
3896281
484798787
-692388053
-160563674
-73023408
-296965942
498750700
-381726356
429264122
-262269735
-302097480
-273208416
91925626
31492500
942704856
-254855856
39364390
-65810238
553038093
355173320
-45046652
-39897021
-126796291
-216833952
89141148
9499656
456828537
-465089625
-322636570
-357106064
154282464
3513208
-330691446
-346757160
155773296
530500104
452284940
-231678000
-250413162
110055040
-688576245
665030476
214925728
275510987
15626052
-254669850
115578584
5078022
249506511
-59770980
-81124350
-29767661
-948882810
-664956453
-259383894
-63431631
-793446525
-72043218
71999415
54392550
479307213
138721284
-208548143
-392495984
-158393300
-15037564
644360860
43686159
-799882174
308435502
-537088770
38402688
-62548620
18452745
-532055412
-120453750
-37585975
667324032
725848076
-258471936
31333580
-295856360
-588676925
-732360136
539730888
28190976
54825120
498701480
29134364
32025280
51515892
494739323
-405914430
254719705
160329078
-49275303
-156451520
423977564
-971933550
537064000
-782094875
302189594
-188112288
192531570
-31809102
77535712
204164064
-190420894
-503768394
-985674130
540408000
-463644396
-264964025
-26145826
280891000
44551100
-161666875
-778498594
-32555820
118953693
-63390510
-296227400
408663216
512857633
-240377440
-21288726
415749000
-21841506
21204092
-404550
-47691153
14716130
289341946
-3404148
-92895570
24849898
-61499970
173539008
-228388498
-14306132
60853005
-396566229
-169886808
572003182
25853771
504282633
51876972
-57872948
-307686912
-258450689
239867565
76351837
-417412002
-286923960
515620735
96881719
-69759072
-615553991
137684448
218871000
311851008
-253241478
-327035434
156376341
-531802024
-117019483
699234848
-239918622
-552726255
138354480
203031388
-881498915
-110548046
-65832093
-283462465
-740455078
954538196
-4037670
538231911
-20070666
-24862585
670023495
-590595101
532315584
166881519
-98303934
289254934
477007680
-199509846
132072496
125892990
-319499047
32538100
-31554286
652655952
-183362186
120469888
410571117
70566496
162365300
253299718
-71184630
-65348352
40945203
-380980166
-14983650
93353688
-26845308
603237164
430356615
198606610
-339402167
-83012661
260398935
59895699
-443112336
-150108986
-336627912
353211908
-152119728
159876050
541923756
197734808
620992332
-161193435
-68862682
81393312
793293215
402486516
381124720
-23694384
-146474412
87530328
-135775090
28756574
-783857250
-245457168
-363510636
569013120
-3814909
298461649
-337631660
-193414400
-158130021
-179155900
553819576
-234796324
638199860
-50926681
-823758532
195573968
214951230
70252862
7150472
733412088
-511951256
526207469
-298167560
17258745
-65133045
237453534
-329833140
-8700580
