1000
-156799995
-340104611
-342447499
-494646304
600852556
-373009136
78833188
-501380776
-732396744
827551200
22502090
-321797248
-62829250
478365246
475613970
959191238
142431966
-616931597
-154740952
-486545526
388764688
188606232
-325248000
342486760
-663483712
-462366642
-404803542
-382921528
-492631956
247649914
876043020
-503298900
79961664
57698900
-566014750
98170644
-315770499
-459590560
-75089581
-121979220
-213943210
233246964
27044358
124207020
-84063210
-82086816
-684081777
351900204
528358894
-419472482
91549848
-24359288
519867183
-22295844
835769718
622239670
-315162306
-227830306
1785476
121389056
819828387
-470608880
-143766054
-142179456
-35253728
87031140
-791706009
72600528
930993408
-1561610
-92171584
308997648
-288704160
-779007240
-500683288
693571872
437788740
-105775740
232307070
302511124
230788389
-313129644
-540788787
-131162157
659184372
-63747725
-259086267
-474889540
45030216
-115830243
-397322890
938489300
163585970
-125981548
-514684584
202692000
496247081
-201520206
-274123407
163972900
-72456592
41392716
-31238312
-247257936
-334804164
-362108328
182482336
-544612850
-730026111
-123662097
770451318
679020199
482198632
-340459050
764604726
-67217500
204762020
-105861756
264048561
-215753778
-831498714
44155582
-153113576
-107473887
204356470
25022844
253810206
821927808
246468720
327496035
-476016541
132955581
292649434
-44480722
591482520
75831635
-162827280
-211099642
-39557700
-5205570
-417737970
27749730
-720224590
332135424
156349188
-141537661
-621191130
29988816
-277344060
161670645
7095140
33568022
-62097120
-257025744
104433576
-940365316
-46198890
-180800352
299471477
-26034896
15495613
345725600
-292116342
-8580546
120981486
-40381250
202967552
-84675136
-62594750
-475155578
106202845
-410005596
302330162
-265200142
-18046472
141080302
-150528015
170292345
136724115
6027152
164386497
-53899155
-846886365
187279474
508770171
358264544
-158173150
647418987
-578491328
7877224
9014850
-413651560
-13481556
23620326
-27781920
-116708904
138137389
-303567552
-167315830
-372080904
-209177946
-387429588
649942215
110318976
783099585
290101917
-11173872
20232720
212361968
598788990
286889616
-49294536
-190350850
298719850
-8363076
-318448125
-447976458
-49511748
58670487
-818278846
-167105250
155845480
438899363
185359155
-51201414
-344843814
381260312
318036180
-59829731
181346980
-559710270
-428364466
333534212
16454128
-213830650
633000360
-19712748
648292459
-172482051
18717296
-77512248
17943519
674861790
-56635216
-98003982
14050618
-340358940
382887855
-427919960
-39122172
-48706735
28248662
27416664
40225236
558869318
447474510
40405416
238041485
-362956344
75921320
801582985
-468570582
166035232
-442108480
-16581445
-11116270
45445728
106563500
-117827782
-13135760
-680611602
-171861798
334241600
-487988488
-240558976
280776111
-310119438
318838892
-390595930
-220144595
28559778
278716880
-544474950
-227138220
179683873
76311088
46170170
90460390
-2244842
693276636
672864291
-56583956
-500957002
90537391
235068928
203680281
-147681858
5790438
-454594469
404872006
549007584
53252840
269787752
-132011625
-52465840
47028325
-47566764
-609106719
-211773848
-53103000
-285496489
-330437861
728740892
-358716773
252777672
-55377046
488452212
620737542
-191796506
682925
-17823652
-233841630
-5979605
241125163
593614952
399895649
-62698716
70623105
275915421
-379447680
74482556
323433660
-247447642
-192013425
-98494054
231969936
-18572524
85928472
114672200
-45203936
92697927
248780714
46983200
-502701360
169284596
-20618896
411001038
359257758
-260216704
-86136372
13206600
-307571925
409875180
499877874
-110634531
66050180
499524617
-185505971
-218253000
-339284266
817470218
-210598020
484135280
113547248
-96462502
-135930576
-20458426
240731025
116214536
602448180
-368945500
535816328
303522880
-13241670
-3001440
-117695215
-105560046
-401147370
26687843
120730804
-46405419
-871578510
-67635396
70011695
-50316249
336737184
32021355
-983991240
10886400
-365096274
341344138
-35542728
182460850
24826200
-604585290
688683244
-391621550
-324703692
255956552
-140138871
7761712
-9798672
241216674
-719003130
401490516
-77750160
-151157160
-15459444
29967388
34854624
-74164944
-95673111
-223151553
-206542284
198408710
-779869560
-93439872
17522856
374088924
653100
273977925
-112087679
150775698
296419815
-3670810
-77041530
-707174433
875866238
-183581272
-6420029
143680152
-225959888
7034856
-461133858
-348249869
324736375
-750801552
70617304
486950548
-975185656
-100627745
-265735356
396325152
546633534
-87731490
349133112
-61901042
139920456
-143030902
-118953289
-349561940
-366031992
-573618528
287440660
105520412
417896500
-201550965
-198096291
-972595120
13260604
575759310
-260095480
-319548096
320482370
-17653788
-71955574
-374150145
-947575548
-549993564
-253078551
498206625
-154660510
83329344
-14766905
-499962705
-256205700
280176920
-197052377
-95264829
375702448
-484992822
128250626
22179084
169906664
516280872
849628890
-95706640
-276466150
-76630203
-995976918
-342216372
-83064024
217470081
437054722
-206497666
87107163
-1009723270
-818921052
246510880
448490920
-8957250
499201192
-10670566
950468904
-128279069
24996666
128617124
22017037
-631606440
-114704590
386221858
-384880796
-121468887
624237984
43490304
-107809254
-344492590
-215361738
-269742666
68658831
139836143
162293542
-73545566
-201324312
362854008
40048576
-10900205
30999576
-287681688
-567331155
-189031032
-39334096
205478541
238397460
-79382439
43645329
221921375
-79392334
-465632055
229914917
546288741
-6060
73285434
228956910
44283181
499785888
-74997520
33765696
-168451244
205491510
628332462
-71233536
-25631048
-396569520
242745057
-98161062
-402202292
65368356
-198097012
499277173
-218690720
278358600
336679354
672743895
427240035
228554850
8065440
756708060
-151946340
-202255792
796007170
-538409648
416932390
138475158
44717196
-180595586
-24036920
23682386
-78737064
593956758
-76159160
-248690778
-24035346
-353625492
432671190
-487603800
-142039424
432739839
-238489596
-914432445
-141577700
-7348342
4332960
-131584500
-479409183
-574835043
-762993782
-125612852
241563656
272442192
405161736
-355027280
114440876
-769799459
-17979495
-18155058
-508518828
-109816252
-16744320
-207740052
224004316
-267400642
-141800490
-474071805
556250676
-40073040
-289721268
-51175110
22337974
-14738335
-393596802
131278290
-511610895
432372116
-678150
835246370
-407044702
-340471780
-474886378
536282761
-723990750
-496597248
-172736064
22859913
-188619327
196078224
6449520
38766950
-32363958
103518270
683150100
-71114096
-628417720
17666506
20267940
5861337
-888715395
-256595472
-661668480
-125647794
-55013158
-176763350
-224738640
62449125
169293254
-199708102
129346714
-479323702
54257830
314968381
-14650881
-230173435
-185209200
-667062640
558692267
-300899200
-75887280
173862864
273933030
216596412
368866420
571240552
-91321776
269543472
-357798350
242203210
-411941705
531507312
-41332554
-235177992
-188168172
21061692
206122320
316021230
239850974
152885332
235129629
115534650
99933306
-58069503
-914245936
-46775638
-239471529
-78608838
-32862495
-149313234
-87345488
-2530722
97208028
106695841
-10415548
-29954792
-230819904
-503464032
533303044
-103477606
-224184555
-223862517
349756074
10200960
142963204
227809530
114106608
259811037
-414711962
204004504
-362664440
-675400062
-237506028
597512003
308795133
421999760
57385668
-537218660
-53750340
348727172
90885860
-23163960
2548288
-124510287
-632716200
-99063075
439136157
-192397752
560922912
136791028
-23532782
-435539412
2060961
-339756877
-655995438
-2181786
481616144
-7581238
599872535
-395247100
-628247972
-441552760
763112960
271711913
223098785
943017424
-182184156
-128960880
-48433380
-401478215
693952874
-9889155
-153748296
113733781
-331506250
-255874248
105135522
-98866500
77937364
639898326
-200366985
-380903040
92030880
104014548
-606306634
462006400
-221405398
-128430239
239698899
415440849
279184280
-531170149
-158030243
375240937
717776640
-371059480
192286611
104620905
-3758224
-179200743
-8064224
301531746
-620923147
749016264
701972820
58647296
-170365319
150527168
-493009248
-22685850
-471797634
253511517
223686204
-760811604
25465398
-3808704
-316081744
788004279
-332968290
448200037
451105242
707824369
146857312
43853724
-125043245
-304842260
54821376
-376223099
-24849792
-827087366
440911140
-289490586
20966697
165136268
178542966
8025725
717669834
522553398
-846484736
311904120
28772188
-174342092
115288743
44442930
809483543
-2759310
-173750064
189628934
-622381428
-486722000
31102477
-138615450
-4275194
-632563884
-362499228
-340511388
-570853063
647453664
76526730
-277440536
-571829220
-318948288
-231490870
162055345
401747920
24933713
-185625040
253469856
-233510436
3148591
-590227124
-478128153
-567821192
-134919828
165710292
-55452714
362429060
-60116688
-610643090
55331919
16265404
-133391888
165960174
15236600
-330072168
-854073058
239990704
365802672
110803055
-119574455
-54636576
173118296
-50961708
721904738
-10166256
-265350864
131264439
-35520705
-244516392
79347120
-121795685
421613640
25989606
688741607
-30153450
-618312824
-79349548
340484172
92682996
-882393750
-2348073
-234563664
426650336
-246084546
-361841874
69568656
634867533
63112216
-177596163
-428726890
64813180
311590071
-63370720
-296881020
-9331425
510456633
542788821
-13740168
53336310
-19060756
-147880076
-70986225
-323385480
797811276
-765553350
1305528
-377072248
-636669974
458840668
-636987726
75068774
-315499218
630308091
456019608
-210413310
-370002332
-124812200
39112830
-225494480
300211963
-132375000
59023710
-544354340
-26874980
-222850068
-90242204
-153554814
-128067436
-714163370
4722340
319540608
-333151180
267679870
-42101061
-138785052
38795882
483449490
-141293196
338265370
-45821295
-70275348
-44965752
293628169
-36854220
118061182
29282976
110126
-305295227
560466256
-469533350
206511825
-279267254
170517312
1069320630
104198004
-573326068
405263016
-507108623
57184328
-83268168
-12470232
-11934867
-75428577
-46658616
-60655436
-226148886
-369903634
630035739
320652098
382990296
179354910
14896230
-164956330
-697363612
-405570000
-144946145
740668608
-420316237
-321614822
-237406140
6659680
224839020
-204391984
-6146866
