1000
-82407320
-303215927
8596017
483345702
193504143
13345668
651718715
43889105
-161808080
-16533335
-497287824
242123956
-95843904
-50725680
-810953286
18194400
542518833
-158058246
99574475
-130995166
748220740
-144728920
-802430613
-52915428
70934112
-210020682
-19814400
237809781
-237389250
174381030
9902880
-7512189
-842962007
-381746000
155001840
290639595
117512842
100484784
-103983285
586950090
279319799
-774390904
-753786908
29244485
-282420853
64504062
167330984
-289020216
-59068086
-25303603
30187638
-371121615
-5945224
-269337214
-90278276
-39649246
107282752
-251430285
-468872145
3972813
-392391767
-167307424
-186458688
440569456
-35328288
1019361084
82459380
185561610
108115938
104380650
382640192
481650660
39485985
42441888
-226351013
-218583711
-226806276
115202472
-30331980
-28649214
265890042
-5199552
-213751353
-17432642
45402
-367263520
-245062627
-87097200
345625830
375143400
73660428
-179954580
65092979
-104149021
5462
397894200
525346287
-641071600
366911235
165230820
747665270
-65271885
-554777832
-189515825
-929633469
-641954310
355143691
-27173595
97698987
9861775
789688440
86895726
-189976680
-355628511
54422190
-492442095
-41927388
138031140
-875108520
-699513168
12782451
-242811000
23100822
-141652917
-101082462
-211726312
-624166348
386999104
-239460300
-402786956
-507832722
-185926932
58645136
-186019595
17894656
-231607516
101754420
-74909656
799582050
477513562
509662125
707871539
250153646
379216060
-479954800
-258460272
-527863133
142536750
157878782
343833489
-231026656
-203358216
-449619828
501483178
21062764
82607539
-563773122
3363837
-400907130
61197792
-123567606
5063440
-360451000
-293505408
-147654691
298813900
-110845530
286051290
192496638
319658850
-834381406
-297995880
-66167990
-94363000
-167130240
-2270430
-104345920
383256090
61566990
484004744
888450882
-503334437
2067003
-72114068
290689776
108384890
-5614029
773053207
77486847
-22208366
-188381264
383562135
421094326
-88112310
67264995
-23229381
59606715
-8632375
-436882848
27961613
-5966452
419049270
-69067728
-465328200
-11148016
9839720
-35900046
-187569280
444458105
-650481966
34309560
17363668
691777600
-45782700
826651438
-324991002
273658572
-550933284
-5235107
273309036
848716542
-218743245
66856515
-51829792
-60101636
463747236
-200934400
312946698
-23310021
319987403
-262424461
-49793850
189591072
329439037
-31650144
5697995
-329191182
195871068
-149239584
22363133
121024044
519746409
-269004900
-36626101
-98457456
308452320
-397424130
-19523712
-642893352
-12730212
193916744
-12494265
-259644429
-262341348
-469764610
762526464
365990560
-469319712
-34456743
62545925
-765917355
155614525
-307913092
529963365
46818033
111829704
-164046779
-138259620
96708437
211453113
-276755226
286542192
-335763456
-327789524
-110920260
-244954459
200869200
-82360423
196706267
-319243344
43023744
-637168453
231555960
-254415750
-16447415
-818679667
-237882050
-26382367
-29179170
-848929644
453844824
-846332048
-470975937
199254438
-60511500
-205587557
-102882828
-135146862
-217653552
100203712
258238542
-81119160
598611234
291570510
476711833
-363235679
-96938532
372167355
-302717759
-138198580
-650998065
73045462
5368249
749362097
50818541
-737618364
99037505
126992880
-30514527
-752024112
60254820
-17097102
57136508
12059808
-231174820
-20625570
-98403258
-23211104
-66479530
205739043
-197002326
-152642889
-17435880
11931480
68657160
414369450
23125230
1040464765
-174357066
-47300348
22192048
-199775616
-17460320
99765983
-315459535
221066074
-231645858
-121058847
-805959018
-194047297
266080719
544805770
271468576
47801030
-705464640
26936488
310588390
156639798
-147034095
-45689684
-149967852
-91680643
-47847712
456049655
-401565750
-744736692
-256203083
492889047
-35604725
-87269712
-544193571
231721412
1938600
-95792263
326854580
-197565500
-52431714
634761995
409804650
-295274820
-455121650
-17866320
-731963790
496750607
-279764430
-2607494
-442081328
-137704875
43827280
28475448
774547640
-200604110
138001320
222580546
87102023
-407768515
-250778330
-255823608
142056348
243657064
270304983
19282417
3329963
71549676
11234310
555836400
69979788
-324765650
-671164516
767640866
387964800
-722430572
-103314841
-218259468
13803855
-40769534
-189981732
320840540
-1079038
397913985
446606805
163965240
-636943
-57284520
-418124781
-81203625
-30118708
732429348
-26650711
52476633
-7501443
10187762
75149996
-27257880
72373340
-231759444
153476494
-36074
163390880
119521900
156866367
599189525
55944362
-211645840
-746550000
18542920
-184848803
-212023410
-745957758
-466652144
411945957
-235117098
-93954384
11357415
149365916
125601294
853550683
66638295
-923430662
-399382984
-555290461
-54353376
-580390848
429292500
-28705797
-643660732
268026423
590930100
-577239886
-5981580
629201664
690287600
434973804
-283978992
-889887588
132867760
142289022
-729995552
-60801895
254785651
419189394
-261901354
48020009
33484505
-100039878
-258329660
-107550136
-468682080
-61883595
430917708
64877841
243930275
202315635
139263604
306577712
66502912
443658740
-311232420
-15259572
-105016630
434001945
-516575385
334569163
-3681060
33640096
-412666832
359362926
50997653
72580200
131854672
381055680
44700005
394795540
38471346
-371124992
-94325424
-278038375
-24118542
-2221364
490271680
382889474
-878567120
90333243
152040168
-193881552
-232457940
243079812
-51808068
488894345
-27201032
179852544
183848324
-36723638
-198340208
-66904500
395912685
-4894128
291484352
149325288
119102502
-118822536
128945656
286857060
148878660
-129877540
-519196272
-69808176
31453282
29336074
95310656
138497212
109089760
-546598012
854410848
212605300
-375361140
258105848
151496760
27098900
-546048864
-485739054
-208654875
-205589664
41819847
-560138575
350048871
137136576
-53346924
-518595462
496818030
-692269929
-106298101
-370282368
-3078369
517105530
799540836
56228172
-177703308
-18458958
-131295522
370568761
615223200
43373582
-294387665
348341355
-65608642
150277308
84011330
684711386
38900064
438534167
-293179104
91245358
143391283
-19084344
-742771667
-137540993
10800180
61283376
-62258277
-70540780
279790572
-83312300
-14445490
-235245824
-594689256
126060696
171864448
-503806536
-612558936
208142815
-521508992
-21874911
-73130500
80749878
-30615938
-619076997
28117816
184119078
31058720
-480525084
-345372272
158186358
-384839216
350070616
385534563
-124770436
70841862
-42442320
657512096
576235220
-38889072
725806016
736426944
58098984
441652350
-123749392
-138599362
-310023960
19437192
504212479
342631080
115895682
23464260
-740476550
771604116
349436112
235004784
208628865
9049824
-187220427
-446850288
348637655
-490448607
-117716046
93431219
-288741960
417199915
-267559542
-121231080
347456696
121546329
-180263512
-186299828
54258072
-139791223
-58348608
236942600
-650649456
824884450
-14806920
11091456
-84611340
247400151
-32158002
-16848078
-8782802
520491008
-36242507
134706846
-134411625
171405333
-68421350
-889850
264414423
-192494703
-438814005
23493690
-51640592
-252325306
-327689206
-124687710
55875808
-90113892
60869952
-145860666
842272116
-111191262
-339088506
-342392795
347730865
94725393
556989588
60457212
-716475528
76040208
-44015832
-185998518
-185349815
82877935
-86876328
-89112912
-104347908
759726816
-163155020
-71630076
-28110522
-183031440
326696205
133986916
-509530833
153429360
579760555
170315520
545497920
233682750
246977922
48946378
-424837020
-357109776
59594364
365411185
-148928450
-36762887
-423995868
634530762
-956176728
605703670
-758555460
48536727
-612972868
280638350
5960566
-600199984
-26513536
139111765
-122965680
-543803360
44751504
641423328
-526411791
32756646
79665784
500572537
546545
261807784
-337262523
-16197723
819964067
-73927532
-686460
126523369
1001324673
98705145
166407696
44346760
81904416
-89051340
-327988000
95413896
-29230992
209124
-472219539
-234797550
-161989074
482908460
604703350
-60416000
-222872720
6864777
7305766
-91387737
177106860
-1021963312
-17626084
606971862
-19523562
-161594460
-59755872
32208596
66016056
336189516
-559389951
-155811924
-225939462
-374781576
509001883
-264808544
-369577800
147043050
432294142
-61483344
-359142296
-95744792
637282252
585444272
137388482
378919552
145469396
-339200194
86212364
368904396
-75810744
500585162
46400850
-19859796
-800435132
-658901079
713524560
-942486019
-461180272
112036749
379762030
3437448
-2708594
-83841972
200334704
77761472
332811292
-10547880
-231994605
-136302816
-140188028
518936280
60560625
-643313875
714396160
304345380
-398018615
132013348
864616896
-636591789
59038714
394990415
303218844
102164560
-13576992
-486841758
520722762
-192762484
82321604
-401998545
-125061390
-177968583
277565860
-103547440
873695664
185845656
251070435
-160316577
272016260
-376645332
95530765
-772934120
71327900
17000802
-152187128
-78785576
-18404904
24727974
-330744708
525178026
1438380
43067167
-108069192
308214681
332622645
-178273293
-34608845
-40187496
847714032
-683659456
55922724
25407505
61768585
342485460
-257246136
-62234380
-1222452
-91851207
-47216331
45398100
-855306166
110440120
220616514
362887712
378229280
54771050
283135590
-285084121
-356013320
-366788974
301143920
249372813
-744513303
-203201320
86698895
299063940
-197921088
35259952
-394512580
-66746381
489932235
129800832
-539023328
2468257
-469779343
487382574
100841280
221987708
378441600
687740973
-271771808
-108905944
-420023729
-624944670
347916544
3286959
-659994354
59022252
-312709586
34568200
-60921476
940828280
316761060
30462288
427379085
-330833305
475801970
78409950
809064042
-7276394
-55867236
-91544850
-218006217
-355638880
245420019
38240444
-66628341
156172216
-8009300
190826838
456708252
25172640
133357446
33955760
-156290715
-101188138
-7303464
-190519738
507678732
95758989
-336258800
114196379
835160360
-400173150
492896796
124167070
-28772185
-437230920
906611200
-13569728
-28673418
-91166784
366329676
-658212115
-144636765
-461726980
349411710
836617580
127133167
-132398964
35858300
-437759319
-113852959
-14524822
592357320
938231096
165449253
-11731126
-295342080
-79993960
95420743
-254111616
44860761
120401688
-98524180
-191441040
39493560
-51499633
