1000
-566286424
-67788773
-14101395
267929013
99471690
-32164620
-649604655
-141450166
44865152
464380766
206884392
745474212
153574525
461336650
-107186716
-688275783
-155261824
699986124
64425907
-344905294
-153362775
-146179320
266680570
313263126
-341643890
770887950
-560357776
253624000
276648730
15818409
-297069270
-614640502
-2026170
704786700
59223548
-4027815
130746261
-871873828
49068965
414883570
102378326
210490511
-264781710
-1024438122
641885510
564526620
558331100
-4782804
-163842660
-218952114
503376226
385510730
86910484
-211900365
32148780
-643332135
7656110
54668232
148367088
-84782700
-156307515
243508475
460932658
-54210033
644351106
34122822
-111625604
-123578214
-294333970
-718677090
-205472270
312798810
255121428
-127261391
99334400
497740676
-143136928
-260832640
742347224
-158417530
-265253775
-386625000
533007888
-849695376
-21881660
-116944594
-31281932
883899135
16334558
207256576
206247695
458093373
-185411044
538130502
357989688
326719080
38760400
-70615038
164663352
-573238407
423714760
-269105304
-187088244
-171731156
215957980
30071538
-744501296
23950056
106564192
478074688
-256246133
-97256763
140003330
-5160050
-81455577
-87328148
527000700
-65892144
544645992
557947457
-126581962
37605951
50625272
362354130
1704573
269314204
-226840240
-381270037
428351350
215818520
-39884940
377357160
-625690110
120618112
8260002
92599758
-438150843
395002920
-363145458
-435732160
743502660
899750
-92103309
-6062060
7233600
434338380
-21845376
224994209
-403487364
901879121
-190971810
5628812
679605516
-134316422
-83270672
-93350205
198365000
-45363395
4990068
146058440
-5916336
-133564247
27293352
350770914
39380541
-23652840
7062225
-94578800
197379950
261303533
-728622352
-1060224
633017104
348242815
-287804160
29202094
-26874528
-347965380
-457670553
-897090692
88618700
718819902
-475825120
51795224
79087708
-348392385
-469487948
-516642192
-36079344
63146833
-373793273
70256410
-35373960
-41284880
-261104570
610888096
359386335
-224988525
-492359712
-26853130
-152382406
-258879070
-479578824
-83466144
291213832
28426734
-413527296
3229512
20677356
-503518473
-649502175
245502996
38242400
-4650991
112311303
-51239588
236811531
-328873146
312577947
-187877800
167247224
532124925
910155904
306424804
185990136
-25498838
-617310432
392564592
9813096
-79494852
-350327302
-49082116
368365072
-553484646
-450824445
46166560
11422404
-42602670
148929360
-114605352
15502611
-29718990
-396921850
-110711792
-46692690
280126208
149751294
-342982508
288187194
426464800
560198496
861960540
418348431
523871168
220767684
209524020
-73631943
-44272800
-111913744
114913560
-573759780
-946332240
2227014
-185387125
-4337296
-39448728
287967612
416587033
-350476718
-295743360
8171010
-33662031
95695128
390369763
492900664
563786649
-329369834
564104398
301744296
619991955
458406648
428097911
-317897008
25576916
354651440
-383214000
-93177150
18394544
-349891056
-59095140
-257870736
326727420
-147819408
167668198
568876185
822424032
-5054284
706241550
123607308
259653550
354435304
74987968
-330873378
156245875
-726919776
394957034
163064826
-106796756
673261970
604215810
485094344
614869404
42507997
88733050
40486392
274611420
10773810
10405729
-53938038
384706532
-56665003
-376253826
-509381424
235044880
923554720
58795788
-5272812
-685679864
25549115
-135517255
-32781644
349015680
-424687104
-678645640
147167615
356018710
-533638560
574308144
-275623992
131654952
-382407800
-314152690
204163179
-105764690
-35046230
33889302
130676602
288345330
-476630206
-297966341
-18447763
710076067
-405139732
-175328820
784429064
507076236
613143669
-187798860
-345647520
-259009107
747145430
-226104489
-58371840
146311297
-54336465
-598555620
-351502984
-263324160
180100970
-120603439
169293039
-429018723
-109385110
-895287275
371606396
-224326560
321105688
-57062920
-106352811
135214240
-176242710
-226225038
133057098
240943408
26200296
15023463
471755713
-31244342
-745569656
725371424
-6685695
-293597360
-36440160
-412724598
-254574336
169827675
-613313148
278094076
102224766
-217412424
-311837540
136809008
-81527106
-500922605
-22739625
477601955
-400138554
681307293
212174900
-46411126
-512684820
367276506
-72294600
139075056
37629711
244211950
-21115564
26650066
-117781520
-350662525
-49065480
6182330
113631336
-348121800
321960444
717297096
500474795
299342043
-110322564
57470832
635588
141128988
-263712457
783841400
13882075
34867733
-139470444
-576397272
749688210
-5368437
520359498
-68588485
869805090
720310605
378650126
788228791
-466748541
-2612225
77392483
14036760
-425653830
-355329552
15639080
-303372576
-106948600
72297776
-273865587
-206056615
134635424
73218768
32622418
150309698
532613
-829297714
442398693
48411708
418937532
-55009181
-414730368
69998544
-610854778
374591952
255929938
43300906
-185911760
186112923
4710312
263098409
-511999860
-481595345
120393585
139094052
-801120900
104575264
128489191
-12950676
49296060
575132328
278601600
-84875434
-138033712
821828789
-205904254
26346946
-747492808
178251300
-378264348
-100279881
-560206400
-72387718
95414100
293796720
431869536
250568181
675202256
-308951742
-37732341
-13340320
1006722
-540690480
505554200
192311530
-498442428
118833605
459661302
480434760
-339567273
-136127072
-679276192
-866032608
-374382785
714652536
-570336388
-771309000
3218410
-191717942
-99605870
-265060943
-783894513
-329789240
399798886
133214125
-388517910
594447168
-331462688
274318440
413433138
-517380297
196519855
-390431646
160718130
-76241130
729184732
179937905
-81473139
-214923998
114125248
-109021512
43107515
1850286
-188606814
-133116412
-26962728
-52604976
-602372880
-838737524
262903950
-453245625
208748070
364288666
400030022
-196105272
-2114820
207720807
63088830
-296788464
-173892208
449258589
253493448
7497893
56639796
-367862592
-91192920
72560804
-26685390
-216549360
-132445152
821559354
-6241880
-369301455
894160368
92712118
46295556
248313432
-973470894
-1477335
37414923
-843436020
525819360
111908445
13409856
-404636728
-74215102
-68027100
145527624
147584775
561234996
58013792
-53427556
20883204
-609574328
-122277001
-149349728
551334863
26862598
-746286534
313317540
-127628298
-243618228
-251028720
203138513
352705206
315046498
701881374
273079378
805340046
909788
-328510930
73889280
32717014
181357976
254667868
-453128970
117512296
-25052640
-93465660
177883074
-556627682
637825175
-70974747
-120372217
-428234274
9354131
28620852
293807640
3899424
-384260112
118252008
476043869
70032775
-119802900
115463040
-840503290
-5923008
40809015
-336992139
19960409
-60752835
382613440
92901186
-169840734
196127298
313121508
-2745960
268527060
-65861928
61087780
75556545
-188597898
-400679713
233777856
-602414120
-162729996
24488576
-151671902
17572431
-190304114
-670116111
-268535504
629898248
481528706
305230032
-9473865
20979840
77927132
38185032
7212800
608655290
-389581880
76643352
-652141200
482107824
-84064881
-3129894
-781761504
31713267
-239554848
-187610832
419830119
-45619224
99350790
-195479032
-78575434
654177304
-1239615
-176202738
8365919
-23882454
407704708
-58406016
-71573254
325365832
172848168
541066660
105335403
-2660112
100682528
-85503225
-5380160
750165360
-395847216
-269687040
19163244
481652555
291608270
-148548600
86352923
35834836
32831964
281593362
76486100
281575786
-44925930
-87744540
175396075
-36149916
-61974850
-10843008
-120060317
80832325
242807136
831170043
-321085830
-249914808
-430255200
19904108
-56518794
227198470
-87299108
-572544
286189170
-94193280
99864024
-341119117
111862420
493005654
-41292810
30874312
-189389704
268061418
-425919352
238350234
-194933350
-3580455
897833216
-8875755
-726304346
237219258
110078964
78660855
-606980584
504097398
334403500
-593627520
764215410
25148882
-160510751
-155073240
-461712960
278180354
-288379160
72481688
407835168
-560530987
296658042
-213828325
-361219780
-163306032
-38824487
-210212310
-746471160
77801640
-248522694
-123929639
301252733
-66086962
809729234
-194397057
-115640520
366526778
-303277519
22403628
1592667
-310953236
201887070
332776785
-164083104
623688315
624026766
35564221
155052898
165782736
-61988220
404106488
-598218540
-52480900
-519110400
-19309616
14845201
-82614642
33872294
554668164
-68331913
-145203058
-179274338
-192820800
-539913888
374385322
-329181163
-580148298
-5444563
19501434
602134425
-253522168
468458250
75275200
118752116
5450352
142877780
244710239
-21011999
141871980
27131628
-389381700
-110119896
-13109460
-19885369
-243986455
655400409
-698624784
238357360
-317110175
451365988
-415183392
3746250
676072262
-336780675
404024056
-148626576
-103464360
-189420249
-247900448
-263514880
274089942
-13434624
-782217226
301954415
-407645202
-324557610
-23197356
-45986228
644357160
162981000
679903092
214660619
382188485
-142286170
244877091
555205050
374624772
68263746
-404128369
-314495790
7175520
6596967
350508172
353907650
239442666
-318388588
14357685
-687485139
84388284
-44181520
-235134520
-2300355
-373061664
-220762812
62680638
-364487089
-143389736
-95834375
47002536
-107668770
-550609746
-115933536
17662167
-111919455
221927574
114879168
-450281608
210976480
-676932894
-1970840
-596634896
163994452
-266915888
121944240
-467721320
-92222385
227974713
-499005640
-2344156
-438800289
-255614747
-451553696
714972141
613705628
-443513730
311630090
-104386800
-318025400
563760176
253437888
-107561328
-70738640
-408764697
264045582
-150109100
-19271880
-567739154
-73926718
43230880
-105657244
-47568480
-485324708
139438336
559233543
-38625195
447273828
501443670
-202675374
379912896
-694565754
-126424038
65337810
303721649
-35021490
122526116
-240401046
-266389750
89657504
185090664
-3940175
-262398279
152896306
-877973271
590751112
341064405
155649552
344452416
-69513000
507791720
32865768
142744314
-709094061
-597529750
-46924710
41683530
-702303440
567465039
-51156000
-1314000
321039035
-299475671
176031660
-161235312
291368356
-3388515
317029476
-384823781
-260705445
-383049256
360827454
960686480
-469993520
-4792504
176104053
28556920
-278886394
-612243720
123968167
-380087420
2937979
64213952
-221838220
-704261810
119081448
435174840
-185301324
-121150684
