1000
29028075
254541003
-33230268
278197000
-202484159
-454262340
-381762228
-449399556
-98250972
-59966865
-926024400
679372967
-67473257
-51528351
-36027303
184783125
-4292021
222892800
-24656855
-7252140
578134272
920840400
42561000
428486952
-57672965
279045477
-158862096
-155527180
174028932
-722917100
283402044
-106261632
-210243996
-201587576
132800136
-21896208
65893632
36307696
-652372704
-1493960
-236991080
-293798325
-655447306
536944136
111874640
14387996
661181402
12285480
391814632
163429280
300154080
-64923020
618827638
724059336
-356315750
94972538
59576552
-310098929
-159506976
50392244
319121298
-40050528
-186857991
-193944812
-309692717
680972519
-123494700
-415278900
144481272
-76549572
-575637062
-58571445
-513750333
-18673200
-732388554
-173016184
-489914373
283578730
465555090
85156965
38530272
-29976940
221878770
619975022
-59078232
326758016
-305205075
196510563
62151796
154715058
285856770
-646676758
-247631661
907245550
-194825862
330180088
294666240
332270484
333505626
-88097922
32628057
-445915490
96377120
-29113748
-243658071
-148601976
-169261536
-388464048
-61159737
-472977472
-106836510
197858878
-777026299
356382572
-5293539
94877300
27337691
-567477880
309726600
168186942
-806918804
-587052
-57264356
-303189282
-4288832
-333281340
-58844310
507934970
-104951058
627294960
373758194
896692112
67520232
-147619596
162875024
-595122195
-788895846
-138276840
-395703804
-511979656
-537486060
-140676432
-119018787
430672292
-191512800
-289598400
549980724
176856150
-983533776
-87220800
592278468
-41426552
407286432
198075744
296868885
128340849
-226488696
-154415653
-233807847
-349492643
-630837760
-287067244
-309036
66740310
73028544
46500836
-52545494
330976242
547568370
292672408
131964814
111137895
-120037752
-675849314
-466024590
251217260
-659244699
-238248640
805047607
-332262
-42482142
-380004008
574255910
-157799868
375119305
398178744
-46616350
-23456838
161209888
-251342520
-2921928
-83563340
-18926975
-242001500
-300055980
-556973350
-83841282
-4570020
109216296
383542564
-63308643
-97066840
-496519758
232197385
101000088
-196154262
65264745
-7197960
139626860
129480416
-295528632
40904038
-889345737
-484572
911471818
351073304
-851372338
-11156400
-8060910
86664762
188518441
11661126
370479179
-211256320
410534710
-447527808
-152514518
167344155
153565490
1003864831
-589746072
431660159
-310834476
187259943
176176550
26632686
-59791072
3355392
13072667
-967716700
25100900
-21892295
-243580974
239231489
-624763172
31373427
140056344
-378246462
-31048482
88544898
79812486
-27972306
-334362200
-398512697
505061766
-88490325
582815111
-805069608
-868109888
373129120
292711956
388146289
-673580226
174021012
122501016
-259292498
-40304640
548616356
763147261
-267161307
-96801710
233587011
117944972
-92009754
35451512
-286575807
374381752
-24529852
-25988730
776308572
-725424768
634899724
176003880
104018624
-15186040
496569386
-871837808
46965
-15003700
118897779
-591271696
-606712180
-393963432
430339923
194374768
-30738288
316453816
-847055552
-769354782
373738792
331137774
-1155960
556791664
116355643
-651882
408331620
764827560
369510272
-13226409
438498564
-105696045
-12324852
524283490
484138800
206556493
-253694496
-49853867
221773900
70307244
-535668588
87256140
675894828
25852144
152181312
-7044570
-886121856
24005856
-1482847
511090866
243400400
140603787
397405883
8879072
-103899510
-273592767
-125595080
120773716
-142027452
313310358
-4176444
290668280
658407960
1149896
167817712
-14847120
-38328150
-48470670
166140624
-47673170
-791890864
-92784584
829716400
251067475
331798338
609591492
-74329928
731521820
-375190959
385206300
90152185
-459338256
-64690218
15249432
94700060
151503415
605937360
528976743
-672064196
-113402650
5062680
-487207380
75346894
70519016
-3407492
-271079899
-185634834
612867243
630287325
3857700
-28661668
-1031491298
686433620
7295182
-240418233
-36905116
-237340908
540300600
494648622
52804505
468578704
667407110
-908280320
14314466
90081852
469227472
-80327405
862455524
-741605800
-546105120
301358884
715517500
168306126
-87262425
-709718112
-66839889
122321880
12099928
-36622518
-50649375
211390443
-532169394
416797974
93686934
-396587190
330500950
-24444568
545459574
75370733
-658807695
-578528302
-195665598
256358910
-242044044
368784810
-149796614
-4659162
183891708
-200296251
-11682042
94339850
-602342406
44918136
-3732900
-758893212
24952320
92454534
637701450
-108264948
852943795
-483362033
127782534
-757837222
609906960
545431453
-574306348
-8312400
39341730
456828512
909060856
283815737
273278348
93397830
-192969472
-543067304
-92229336
141479970
119325452
45507825
358715978
-212391974
272073275
5547294
-139012554
633564798
387174384
493800832
95713184
-88315068
586447059
-497903645
-140702576
-162818810
816204736
265499640
-5471202
-631988365
29716920
-361704384
111282480
-187388586
-44353844
-45397080
-602347935
-111596503
624981004
412315390
118974900
-191066216
-13209366
-249485900
-42171904
11340012
10771706
-396106327
-284527980
620528692
-139507880
56507250
108089714
6530558
-278206065
-40719510
-147765896
287980200
-172182747
11399427
319285098
299706136
-138994482
-768751749
721483456
20457760
-196776083
54101400
-19694480
507109191
161465234
-86124492
-116318454
301724370
384318176
-220499640
21736795
222989200
70115265
-276044954
-271259721
-391411208
-200105568
209359442
-209547595
-175668093
20622939
40487478
-133423180
5995248
-432957717
123204845
500924412
356297335
-187607116
217686025
218432550
13762415
-355837113
858155816
-388598700
641406276
70919240
-94995813
444574208
-693537624
-445993449
-155336250
-693078440
-876853512
380103267
-163384320
-705762920
220549781
-557074908
-115182144
-123901063
55153236
-131812781
-250014460
-708691560
-397819850
552918121
-634747212
-6238641
134304968
14562048
21186726
198363438
-125734176
-444038021
330213336
-9310896
-674981312
-17197895
-531937329
-358386028
1607680
264698211
115503800
245977325
-4957290
125441460
844734
2058965
-100414044
529014398
-312070055
228081750
194639646
-193778956
80624200
262747584
-442685945
-154085729
124259702
-340368300
-672503040
89776620
301784310
-519079376
-889967870
-117800237
-310991180
-18846576
531150210
79524968
57902384
575426150
-169196928
-264535742
73251950
-4766069
18508446
-259138294
396430550
-463062336
356486214
428261160
-149161292
845874192
-13296382
-128129674
275800586
340331412
150374432
1017873380
152525835
72777600
-175076008
-26746636
152570
169343020
38961160
-112805370
585734704
92881098
363644136
-19948120
-824170140
802486405
181030952
87127425
320324212
560527760
-78384975
244123724
-576895605
405945760
218497872
-723297885
-645231906
640647040
-146646456
-866213060
-439540248
-324857743
659989685
-195152022
165006960
-194710740
-397134080
74895318
-138116016
-318903904
-335950352
461413718
695173216
74766780
-45546456
-37927605
-334597846
384000165
137734030
15071654
-344052174
453732160
165769536
-63525150
96344640
-682462700
591225371
382024800
523372334
624114816
217224604
53912690
-3423720
341893505
-175000512
84361842
-259469443
-375081540
46405464
236770324
9895134
20533842
288499488
294024339
946822604
-122755720
-41220690
739202790
-87868043
259763900
-51422930
572424
377953016
169006750
751655010
-124805380
-884743040
34678800
677020092
276826260
22636368
107601864
507812067
-1679580
-454196015
-272065500
282838220
460106946
-281850864
-541861502
251510400
-38090640
-22336580
59759370
379975552
225452388
-87648936
530359168
116786064
194310144
893012101
155682828
154425411
-6600504
63384636
551472390
-40182343
-18971184
-306271348
890768340
-234702876
822530
284970189
-18842144
1005493104
306910996
50178900
405161952
-4622310
64203776
-4096516
131065536
86316028
-430472802
58228761
-78221920
274198372
-35494943
-528122280
232591502
205763550
-308144400
97758004
-63243096
-413915670
-380584820
-598440125
35773050
638996236
-807133886
-443345881
-280159749
-275053662
344333958
-13190982
639698664
-16981844
264685074
-7650545
70763036
220317440
-135505950
18920880
-25186590
15023835
115304301
88483126
-127292935
410706112
735848784
-407916991
8864244
992660097
130466755
761748752
-165394368
-372461856
691234245
3304290
-60414172
-17741736
-275329500
136355670
-450994375
2403708
335505582
-426675840
-36777246
-298405726
210493665
-39158133
-2320210
-40534936
-239170503
-61391485
-212402750
1052153640
-90337584
-66313782
-744956412
414999856
-16435552
661584033
-109277568
52442681
-156722769
713543124
202576494
412616512
-582324129
-250773975
-878018310
30367176
1751986
-181499820
-266675552
233888886
243614030
-323444943
305374914
-63024632
40771671
134667744
-514810596
4795259
175337757
-33756352
-607910446
873459807
117683131
514772910
-141608070
112748590
62403530
-308301714
226526816
64401968
719562650
284763742
-794046715
646445569
-7723632
-325666230
937535073
418667925
-430265248
-83790528
-74490460
-158973640
117482796
-48480390
824002048
-168212984
82805400
89603668
-170037112
-331834035
-458537
388708800
287390235
-3929087
-263180020
177912844
-611112
146675354
-138528300
-623042742
303381490
24904250
44050314
-29589924
875843992
-426161229
145104000
479172208
-186080124
-134515460
-102005748
-132692689
464887500
-83137728
7348896
255475796
-539944625
-435103700
-259578828
19648486
522912825
41203710
-172090630
92723376
239457930
-272182815
-47343195
126513175
544343668
42269425
739534640
-331375709
118672640
428652603
66876435
243025884
-343839105
897361326
-122665041
-164081712
-659253964
244773956
-402731497
-29387610
185926446
354736120
105227320
47862136
-238205369
-646559
608754566
79451763
110911080
668466050
518020701
232201580
-133078176
-90783884
-344184963
-91870618
-36592214
61975268
-339198408
615441312
-56065471
220044895
174527592
-538952280
-14181540
-299963880
-80608932
-403534276
-65875472
-52465004
-395342484
771482560
-22195903
-329915430
173677446
109714360
694534320
-498306098
26439792
-397364110
-403601300
-331281873
-63585440
99382888
897992720
316727340
-97471182
16652985
-515382100
-1191393
2122365
-973600
-925149344
19362300
-98839500
-214584480
1566581
-562297176
