1000
364253760
-179908040
-910170888
247408654
-426908763
-89909650
14883308
-215646468
-175237296
847489740
143591469
-47273220
-128192682
-683064176
142773696
-60728256
-24290994
-66580029
-177484314
184915368
759711680
172544256
39912514
-104545058
-409855992
-127761218
135431411
173099454
-508540917
701581052
305770348
321903428
-545786628
-174830070
-209193200
-143813684
-59708100
34691328
221538624
-19607128
-422420184
-223380102
371267472
-9836432
598276172
142466328
132223818
257966076
110266416
558233312
72792012
1478117
777644368
-211196469
-39531690
303358718
-134689720
-360324690
-82667970
-59085312
301888314
-74990272
144097920
-11702168
-119433204
468159056
-238148928
256467576
-107354408
175702452
-63898338
-5917854
73053033
65742404
-446241874
577979168
808605136
81788020
77917186
370282976
-259531476
167905150
85371585
-10048644
-455276850
-17493300
90803776
458841824
-221088972
385876074
-43919925
272765277
-226529100
55300493
-131480764
-32441960
-934149774
217382028
-97992064
79108104
484050840
609041706
-388670464
-52044600
90902835
14181825
192121983
-675152413
4028760
124978815
-175758272
-190291392
16191501
7786760
78836496
-457438080
131709745
-67109105
3955392
154131040
-467347761
228424900
691293338
15527422
11717856
-19121388
-139502781
-725924
666785040
97556304
61425903
-648515385
-207242802
735993636
496722056
-758894385
-779797131
-69535032
-570512240
-31533690
10883400
642357852
15441126
-760370324
-8147246
146342368
38255525
-87427522
-267391272
913241925
-96259416
5711934
770428936
-58282630
115788596
-188317630
-33338658
22090952
-342963244
-247043475
145187640
-813166556
314368758
208628694
12952500
-616566327
-193015212
643499116
53720055
417520327
553335951
2327325
-5142067
-114762002
737494422
-230783885
170206940
-39536707
24207309
-135974892
472427406
-219305723
-225874590
-396470685
146810240
3179480
-106560867
-506374788
-49997796
200741616
-210472614
97598700
175946454
587986341
-420546024
-554645825
3597606
-403525800
-242457360
-569126028
1578042
98107730
11076035
173656164
26593275
247934736
236501824
-67971072
746270035
-627594624
-24261766
-755014150
522723089
-26672294
471023334
-843994677
19663756
-206448049
493151099
-131302016
-162201258
-1814148
-654024256
201414180
-50054706
520058092
804252500
-724256430
123921120
-55546008
469424949
298281704
78200962
3694845
-91155936
169590380
-26006448
635173820
-97653724
637057939
7453492
-117773348
-115677425
431862984
35369470
-197506620
369864039
-544904980
-795302820
149146710
-152425968
808658328
88558468
346207608
-74243634
135771001
-30611952
48550282
173892972
1113993
19175330
-456982412
162733285
64657494
13834425
-189187830
-733524220
90371239
-245660888
763172676
221237576
-440098335
330214188
126129120
697643912
301563856
-660081066
-45509000
-529464816
-24394062
358563632
-43230084
302386630
225124410
-150368400
-261476250
198941844
83073350
393638250
-781570992
-706358394
-77048490
311742672
659568228
239731960
-401753347
757607436
139165572
-81989712
-108831875
-53738
-392454794
80332120
188357034
-208023550
-28382690
-151413844
-126218916
-262105710
82111360
-602095512
-225137970
-40347279
-293209920
314316145
337641374
395209920
-634379408
20571243
-22501206
-361708248
-622223560
-169749580
-364349888
-18247545
-44475145
631968480
-539404395
84670530
62021147
-1130466
-99713856
-554106228
797176182
859608362
-752679819
65680056
-793439338
-25595388
-655718205
-1011699945
21260360
114508296
-205541764
256497777
411305088
-1965351
287396081
-493855262
-7989506
-232481583
251909398
-634919376
-461278650
192992576
764158354
190146190
57710285
23589922
503082470
121048137
-146406280
-40127614
-112169904
-48560100
-809692174
38823786
447084500
-105320208
-112091072
1018052928
-345562014
58664400
382081501
272737945
-487534680
-344616525
83629170
324247614
18636924
-488459169
872101450
-64981462
-9598608
40265701
360646104
301936640
-92840804
132422330
5806572
252643100
152068350
428951464
198457574
774736575
-148470784
251562656
-11873280
35916825
-427643
-17479011
233634359
279705888
-114248637
64801690
10406680
4690868
47907972
396617184
-509104660
-438249805
393186542
-252543070
-60378113
390355745
-192311487
-400145168
-240746549
182036226
133415946
262974587
-774303064
-74070870
616539165
656162260
94226860
51472160
-229929240
-52047919
-289934304
-75031730
-652896176
419140427
321081840
-1108625
-676763647
-457459929
603676528
-322962981
-198220275
-138875265
45946188
52312968
681635240
-30898340
-789788980
-773645952
37859091
-796718682
-792595858
-200407653
21896664
47660784
625484935
271989375
164589810
971472819
245224184
119165395
-24320450
-30218878
219917906
-290921290
217200724
-449546952
607232248
-422774226
210859662
52757653
182845840
263429864
89395350
20014904
-95996445
16322865
290947460
587139060
-17903119
-679765
-428557468
806653428
-421173816
-98494176
-252018270
345704375
-28055625
-367725456
-226605936
129912354
-172607256
464361128
-12486212
12323190
-379760481
56834811
220675950
-59707704
617165600
-79936740
241622676
560578098
-97904532
-559828320
348581168
-14461268
-189892584
-24456780
220399824
357724710
-271692744
-44236808
10417420
-423218340
420688732
98865760
321106680
-279951936
-75319995
819817518
748899645
-675647771
193442724
271642420
262588325
-45498426
-54090158
-192488543
-257712930
281679749
34553421
601070256
-155536848
-535837611
-651921897
5338692
-343789792
211620850
148340220
25182990
-149613732
790372923
549504600
-76151340
74595276
-600667431
2065875
-599876550
24574956
7516710
-142602744
-155465433
-171462765
860057700
93233430
-31258623
42914792
-347531580
-250215609
829940033
453916376
-12236550
357010824
514432042
-48151275
909112742
488932704
59574034
-26916696
341396880
-251391378
-231539500
-471508109
-756382955
-489049055
-235079809
210832496
183766032
365917899
555524588
44635472
-53509428
334565032
-401506350
297276720
826855302
163757852
-42599958
5635892
336877747
-309302160
-768652016
156150
-91579920
21333330
-214717734
125921250
33278310
-471718890
811667805
256917100
25130180
-77623436
16822904
-16792821
-16351110
-74957643
137615920
10369890
-267193472
-31710546
-11694324
-157244490
-318866570
-309974049
-172473088
-57345960
-115376940
-42017859
-382399896
-241292076
-404803014
91504308
-65491200
125362808
5670060
-29248648
-729944447
-155239551
418480368
762916633
-7661892
550966700
217561305
-125980317
347738838
6014848
-231330680
-31222776
29153856
284250454
-717401328
715130712
-2981104
-153608503
-87749702
142404400
-11040216
318796155
-117954432
-697270434
-340852282
-661458800
617881341
110867900
-342771376
-580276850
-119385472
422892792
-15182160
-353152
406015245
736995764
-31732470
47471072
-73098999
153795312
-144358078
9298740
316934400
76786152
-441601725
-2474043
24863856
-649884000
73816380
-8674128
-562545117
19419102
-69398250
968724835
-155591650
-506680800
-560907480
94087516
196773051
76393467
-197877095
-174102040
16897857
400232248
608899200
6476000
214395724
417057666
106253505
9838206
283690644
-51402435
-700730316
-90631344
-84327884
-483658233
553760112
-591963225
-516909240
79876622
13441439
-73300000
156718743
-185173376
-425181330
-196265185
53064555
395258864
93340555
55309263
10931808
32999680
-99349443
117815384
616052
-478398576
133539315
-314618150
-499298942
219868908
242433030
-592475280
-790830337
-655025985
-282163704
-366789380
241738623
213322716
-62551420
-36232546
309909105
-971166
593590020
-74325020
-472437745
52864896
440242360
7392736
-192065906
-99756972
656245766
-4484863
19014674
-266019821
-227386096
-119380800
373995157
517528704
-211159816
93340020
585077096
-445971900
-179141195
-696285492
-66241728
718077048
-964684860
11877675
-841625528
392882000
-232201030
-9150780
372598683
437307368
-130542214
-306262144
244785652
-140143823
629937484
-101320284
416443520
-155667740
-370983123
407485060
497726250
355727321
38249168
435067605
496664928
4118814
-820318625
-522560040
9939366
-52193684
-4854573
-379459200
205609146
-307808402
-185321136
-492685700
-863355456
-439979202
76975738
682777654
66185415
48690192
-111209136
-109438299
1520250
-615909616
-85406178
-82262796
-985989312
-291071064
-403962446
-3586873
-459468098
-102148800
114456790
-607666232
-507558480
556187572
-82501782
271782316
142108651
-412122330
536828760
-32994024
-72377603
-59428167
12331888
372829723
-80336145
-461494040
99338064
149764218
131405274
-141343482
122791104
-95633730
175930057
-332638928
248054130
213692550
27594536
332613526
-190512702
-463084702
142907837
-72251484
-126023320
261328386
-480272757
-928161144
-146569045
-114647715
278492804
-44324967
-70984404
-323651623
-272674384
-770682368
-106397310
-11905980
-114346176
-328125024
143578611
-447842520
-60116715
49677507
437781484
-545339432
94479400
-49615200
-100279884
343493402
-11203903
38633670
120341046
250267575
123075958
164043077
29504321
-63844351
-17967066
1006540029
-85938916
100307844
107947485
319175909
-179640590
1431500
88353685
64181598
233497872
8427240
688424226
100541196
35478104
423480738
-683608250
611274762
-212258880
-39939030
220092774
304344280
-737393440
28712349
251944000
35368472
288901536
-451705408
557190219
-732199210
-836846538
-2423944
11410188
356883962
519300000
246608166
-34226372
-140031210
437954085
-8845443
-682893689
-853953138
-466968491
-58615176
-600472816
706394806
-131170890
-94709719
-46134578
120073584
733081565
-411832640
-125152468
210019348
308765988
190275744
-1717730
-296339342
-348305865
49845696
32051655
829130850
-593713212
-188966830
-281399328
-366699092
512897112
-2334493
20623224
-206975436
900344037
127969761
-207062513
-735527668
45102148
99716670
926172786
-350993664
-616618597
-25596800
155711257
-17066560
284549146
63673062
299439320
359072028
329014656
-591443875
230552742
534835661
674333739
40448100
320694934
609627088
915156200
-127022244
329797428
284025224
49915164
39754517
-171568600
-359634049
598137575
478951011
16906747
435789357
-139413131
-18653744
309568778
133680880
439163725
753052677
186719280
134636560
-370497771
463928400
142429650
163678119
24777340
-458558016
