1000
-48860216
-18578988
-2032706
-793359840
-206269371
-275042880
764314271
626931516
256347658
-104383290
432577926
222861780
695989090
671232984
554764672
485093672
125875565
684493056
129092185
209404195
17809536
325812043
490873122
21027324
459876812
-93474576
-113236544
-109402722
10728200
540405405
84665700
-342257340
-298827252
-421744032
104016640
408143652
-126771216
-670348044
-231470028
-114300702
-82860960
-139416984
-771003552
-14603045
-65334222
419370210
791084448
-232695954
436470206
-77915421
-472677759
-450518988
147420981
-132630470
-470147130
232602004
407825046
334472960
606636954
223406784
-382886910
189845652
56506616
-22351212
-410129301
211482000
-230253768
-260696852
43946334
24232225
-228715179
85378610
-10632349
-202270320
-78934158
-357460240
-356537643
95430321
-222616380
422985780
-1069094
-217315046
703800700
55851570
-579565000
67491200
-182588480
-753193392
-9565000
90495831
-74117821
647953280
359604399
-57215735
16801440
174007742
-8435896
-635395620
267623500
-44803125
740675
860373368
139062798
-645126678
-425128072
-774351224
-16474900
-225624486
-557550000
-25215792
652664496
-105845360
-106354803
-606105840
-282627080
-140970390
11364145
88989850
-98986755
-140573017
-304670926
48106253
-426875448
-638074584
62323392
57537975
-325648584
812856299
-9383094
-167371092
-399381746
9737090
-123458160
166421190
-164439979
420338391
679637072
-145268650
122098806
915651216
-580186134
700465902
165782700
172761701
698724565
2636288
-751434300
-44461669
-506752356
-583981984
-230323036
173509798
-12327786
-308309372
204401865
-317460810
-284478951
-355789320
-432912276
-377980856
475528826
-21302836
8593398
-92285440
-503286293
374020890
-274103202
549196389
430272310
455623232
-70505773
-106976507
-137784725
242979660
-138856340
-99951792
-27152960
1033788789
357354655
970188142
-824057924
-557043368
-82798856
276507228
66478977
51370540
664994860
270316233
-142681374
-556671240
181848240
-16884036
-212993034
-188130425
-192980996
-75058182
46756640
-17174336
884986916
399549186
95622747
580475932
-380490516
-390503776
360608548
91990129
-102294518
85182126
-292565102
359141580
68493147
-827633196
-867899448
-72901216
433247695
-290109472
278957850
136318622
-873341928
107025954
392061402
-17948931
-693140
236036632
4653176
-78466949
4539051
2710830
-179110590
162140
522847836
-377142799
-273471770
184005189
-300394964
281019852
-676303096
161051811
134485392
-590496840
-160640016
12644006
333100973
-453061461
-556581604
-142670240
-27896884
-136983616
206298960
408040200
582919714
365080800
-11220510
212345820
447623322
499569012
399877200
-212220030
35116425
-28048138
-60006844
11081685
346914407
364905032
-295569850
-363652172
200228166
-621810140
903104989
-89800980
-93617880
26565883
508157362
-59612712
-92481436
-245611512
261575936
361847056
783418720
643245303
-99570252
-83668455
336866500
66295657
-715127490
-26223852
-446843228
745527888
416127140
-119074095
144756530
-626453592
82677586
521777226
315047905
-840144420
135820360
32058117
-41124436
57843690
377642680
-427539060
-394352800
674061100
128492375
-411736742
10095175
689148689
-598724171
-47313760
-83677723
-181152660
-858509400
-86814266
-87497675
383018304
296605562
-43402846
485646288
587925125
319244975
205426368
620555220
-336657884
-208550268
1969440
170491560
-72367262
-98119296
269153148
150258820
-249403401
13811985
-101374920
24933475
-82584540
-430787344
-113439156
163419244
29981880
637383840
-366783764
113735610
798854680
108079902
-21392958
-428861440
-306159350
-338133366
-35983915
22084890
-129955763
-224007952
810434256
597868104
326512656
-25924992
-146515380
18350640
162933678
-326175267
-271747266
-511690189
-176223795
611597373
-382880250
637856898
-27747930
307812960
372439572
462853083
56843475
122744832
-2832220
-660406734
102216485
-311735556
503676572
316395641
-869216985
-159065220
548754500
536860516
134599784
-17787300
122185140
-24607949
338670918
6854622
37169656
-9204015
418882815
-254422205
4288376
901688274
-187116650
121893210
19914818
171911430
45331260
753261800
428888005
-13130222
-13609346
244517154
221835602
-640853474
26400519
-731109750
-83698880
-20823570
325049150
106488928
-5751655
185107468
-406192644
-502362000
62036315
-431369664
137766776
-206340750
3850650
124006848
-271664887
330217740
-101453880
294084556
57289984
-276994080
-460735380
14207448
814904730
-175007938
767582920
443764602
-544395852
482429304
-46052919
-573343120
180232432
-125742120
-28981696
208612166
23633802
-515942688
281905338
6951865
582665020
283428600
181381005
34002023
149268168
359895492
182637144
250082329
-208161590
695142500
-82802070
55021905
-728447815
-553855722
-47398050
746771087
-167445576
34205848
250304704
924915973
-241112817
176985028
41060682
-1057980
430935160
-2401329
-82331570
-524868939
58983540
509734170
24233755
2644190
5235648
667072008
6254430
35033922
11529375
952920297
-453651056
24272670
86432644
-826022274
212367240
256268934
576909824
503091284
-106792640
245128488
-265310480
12609516
-3128534
-172723104
-433925871
-315843500
458176772
-34616340
-275724918
-57150945
214882787
-94938300
407078754
182269526
116276409
-9438696
427818265
403108875
9293550
663543440
635541522
906122481
966062422
-33966000
743780992
187843398
-231695645
313148339
-8706852
566404488
-115932544
-2614116
661668168
-349245327
-68234400
-188726316
-62862254
126766260
608461308
457662102
41505456
-331815085
482693478
590946244
142333400
169777824
-6481733
-165958830
555200870
-22838010
-103657662
-254220736
360058528
465653760
127853622
187524979
204152130
261182628
-263226514
-91307942
-415107450
13646467
77122472
278886445
93773970
263926416
-618844863
760489191
-8917032
495847604
-57410056
245244736
-111817600
258174128
96112224
-225695988
-1703468
744293796
109207450
339775259
-624900977
-584376240
616322048
-11175052
258544
-73443043
16547266
8734458
112141384
-646602484
153637708
-1018373625
135158500
229818692
-266008095
-750592336
414633690
12687225
447655295
-320513550
-111120660
108308550
27933520
-69562292
-383851836
537405766
-63313928
-791728634
-25337312
-203090604
-117220095
-245902602
-271495584
-18438640
576085924
190832220
79718100
4293076
215583021
320012270
-240314536
34958610
-445557660
29244410
242819528
-543855185
-65685774
54252072
471864820
-519784330
-268599856
-304744904
137241493
198167822
46390317
42593140
10650944
-371083035
478962789
-350570859
120453048
-375572838
-144427704
-692525959
42124544
170203956
-690034194
54509416
-70798747
-108510031
-394751562
358868968
97130975
129073625
146359235
211568184
-492535164
108736192
-34405482
-95883314
392652045
58925400
-205054038
251272952
217001400
22791252
36794511
-322187726
69068395
-83755504
11629170
-168462606
127164040
-117841500
155084800
343388882
864099375
224706364
735714258
173991552
-50313340
196145775
165292920
98937008
-270858928
-218993544
682547499
869709412
-495389576
388528629
176738760
-113684720
38187454
-587974844
317584056
268962610
52755630
-115493443
-109177605
-868112634
-798087059
-48260064
328386304
-244352790
-449468415
283866558
-179270355
316333840
-270674880
-379896728
4925553
-157108560
-165085950
499605380
262922653
-24820584
14021280
344466268
-55289775
-924136701
33649720
-117396353
-496198170
-391193088
880719966
-759876030
-181069728
-287370288
-34630850
265455270
142648675
498395700
-296228475
-334093488
-691536720
-48338372
392345856
172487689
395133211
-394084422
-829119888
131995350
256332480
433860497
29111040
40415058
581985324
-264052494
366680800
-72521280
265892512
-223154631
25826601
-95047680
-704268180
-699186081
-35734800
-46679234
278281872
50622685
-227149182
-282679216
-643748250
418985892
412188288
-113045926
-168241432
359575632
3651420
717292656
343143080
-85517564
389684640
193765734
-330748148
128209230
50098277
-149716836
-47281148
907201714
943310560
-151638333
213956184
376426338
43755516
86820552
-173384640
-299123616
309901284
-474885180
139846420
-5562606
1358026
-20522331
-75118230
72181872
-9284190
-168029862
-186442296
-134718443
-27756504
-779972755
147589824
789558234
915541940
111035726
-720501120
119143854
-73630111
881125446
52733703
-86588796
708006858
-85544544
404977358
1026499656
548870700
392205800
-261526336
-309710223
-36240809
590683290
-138366459
110233535
208296363
-811459096
-102078260
322316950
86600480
18727968
-494901128
-79294560
451679657
-309759100
-622592748
19826274
116106109
141327360
-503314560
-109384368
339280975
-63522875
-124255174
57100488
-18017880
-80430786
-547659570
95572389
705095209
-657460544
369070002
438826229
-15500114
337695075
164970564
149913753
-231994260
-370335042
56895424
42090895
36193272
-70354240
561713422
292405762
-75487548
-792738315
24751427
-516919736
197852478
-168986664
-209444811
22530816
841078336
118679340
-121639320
10461495
-286406468
70371078
202702520
652117280
36864153
527300901
-68160908
57297716
73623260
153196704
278009041
54694695
225252750
164748675
-20637162
-811857088
455098392
-25941132
798119520
-18292224
7504560
210052255
-230871981
-221830070
-124902960
320408680
601899350
12423600
-176020864
538616265
345548199
-421307880
135955415
-491349525
861268660
55507768
23877330
698823110
-802058069
-503300315
44888772
-13919186
-325203832
104394112
-518630750
636110586
-52583506
-21171924
25484304
146123406
94880192
253873575
-113493990
238672584
-70269531
32856300
264401200
-51024582
395995920
-471581096
192566040
397546500
-847366000
-369837720
13944200
35667456
-455992074
-597299350
476792768
326160684
-156355393
567248377
-163718289
-112560260
697147650
454844830
202709880
434254370
-475906728
396916493
182415792
949749542
-13073820
-9721620
477437496
49252500
902130840
3885728
269248440
-64457804
416541125
-154238769
-128820240
333076590
145695627
-497823476
-707630296
71959914
694846675
95208040
72493355
248205159
531177264
-149847852
-322948080
-436118526
-150220608
-401435648
599474346
-525659222
-55742643
-398291760
92344716
316559348
-16064565
-152889330
-79128162
13270096
413842499
-283354344
8667435
25337508
-763803516
-1435770
340919496
-75915288
38454992
-204936384
-466397085
