1000
-157478595
289077550
-632919400
13580730
-79211176
79224912
35041853
144181548
295297344
222141360
-669199376
-184203838
551458375
-157873840
-360111612
217508278
-9384704
298779758
189230659
265287336
-257944899
-328184677
540375651
13796423
-271289640
-296516052
-3671296
86458082
-392756360
67038720
224268942
229314750
41664896
-2635519
-402385800
61166442
349567627
879820800
153500536
-170897622
-91022432
487455054
-863011388
30549380
-140099612
-64617102
-95366688
328191788
-100400013
814345665
-262218
-142791132
-22828365
-241643520
473738998
-299313390
360902160
-859146585
-523337216
786700020
28049032
197782284
4392990
457347864
-104038792
77746125
-268293882
376315649
-91494493
721889168
-719769450
-530204418
-600137690
173079279
253517831
-51334810
7634880
471381389
-85322094
-305028000
-39203990
273656760
626607891
-12740658
489932060
212558800
271583360
300202882
-93225248
73752120
6444530
67028235
-60706672
-64698330
-78437217
626983392
153534560
906912
-430374160
39263724
-381257796
-233863430
53758936
106169850
755042492
706294950
-369479320
897114030
-149993116
175295340
-1346640
-90082116
-381793622
-686672928
371337534
-288803916
62142892
566378554
113125820
-383169260
-125542926
-84598844
9675105
366426772
-193990188
292209312
-535109568
76567500
-59165582
639895306
-691273924
526154878
-65931410
338768640
402135534
-60810688
-131684108
667042552
42281226
63150275
-7388136
-156728994
626720450
12836756
-581748966
-91833225
857940664
-36306886
681595992
7081939
975957500
-382886400
813305088
324281128
-756497160
-577334856
-134095960
61245245
70780965
314402393
42203456
-137332480
137360250
203856476
-103794045
10291600
-435320424
13168836
-289116912
-97874073
-158940856
-425536684
-320728244
34415715
-23323167
-70136458
-118414652
-287865828
-138098950
73548900
-900422
-17775450
-825873566
-145694988
-99987540
3172890
46718370
-740600208
-308688002
990399360
-306746064
-357132188
375628749
-8367150
-278308316
191709180
449630294
96027180
-266089368
288284022
304607563
18909792
-126522498
28155438
110501379
-27960578
64136184
91491138
-542004076
5803550
285598587
773589355
-4051404
421234252
5987984
-320733762
-675297714
-82218624
-545217594
312185901
99184770
-31444
218718090
-315260196
32032459
-9068830
-92028048
-285730368
-952200
593216054
-195617180
212464000
-16475208
-128145108
-32236400
138122435
104904775
-816954640
-28522881
-280596555
689046644
-427339332
-831123800
178254909
-537550062
246822660
-45155136
783340569
139472140
66081392
67125510
99231093
-33025436
-37020600
-298376302
248178567
-215742560
-216799320
-452152987
-239275492
16696310
-428989560
-303252345
27273168
-195284394
325351600
-153371232
-265949088
-820421712
-92724046
955214298
489741362
-374910515
-792643800
334219262
101533322
-201725987
132627852
423318224
253112640
-502079714
72733017
340435464
-636580432
201409245
255328360
-418085640
470445455
-204811357
522509040
-566720334
-179389157
18627084
32079033
-364379180
101134540
187985850
137276550
-694023645
-36790182
-335750712
38427332
328411877
-594891135
-37226529
293592456
-472689110
-86562
362596248
143739420
-72151731
-289476243
-284561112
187288125
-775503700
-77515592
-225299610
150243114
86164416
-14807944
-114005972
338956353
-327987613
766465157
-395169210
593837325
37158098
52315788
-261951240
-32942459
-557670075
-510176920
-60723819
-54103926
85777512
83076840
625912440
-128593500
362925418
-556483446
-199028592
-4121550
-29169911
-299039060
496675227
-909789966
5229129
117597560
-3003120
131585160
745972500
-44722079
-11737382
-131812718
-963407766
317865756
419928691
209318928
12247829
48495150
-234710400
14494563
-123377268
639872160
-64474608
119334996
-133394896
-118535256
23366583
193700789
66676376
407477984
15452480
-624453291
-179091668
-5386960
484024782
-403737664
-126853074
-290621728
-91874146
87794964
105374232
84796800
141868678
-41139180
475330692
-77147876
352329630
-473872854
-235808320
-495436368
137817108
198082839
725645480
705229815
-478411773
368410625
332136558
-14340684
507850664
-212473028
16231198
348964350
210467160
-255227436
50054424
-324419565
197480787
-373211694
112703370
-296531492
88898949
668938572
302402697
-435439787
-87833295
-22881573
-376207480
-148529700
-127620675
4581564
76638404
335622375
25261125
319085970
-381796062
518690825
259945242
-231307808
9483474
-429022256
-33093038
-448755743
-432697780
-271577307
184185324
-24024057
-278631198
1273437
-309161270
-546379260
51096672
616536314
-563953104
146370466
-266691880
263147885
352087508
-3583374
52953399
119806524
660194900
-360718848
-67982673
-669686622
96217668
-193225162
808121944
230484414
397668249
245827287
23851080
-26918676
64678365
-13744509
-581196460
-370843051
74249853
487022030
-317240626
-55944395
184399591
-236476800
-206268462
-396115698
478308204
-563630022
-305588634
160844216
109432695
-753816159
-102978077
116091931
-57377734
-101085054
-45463670
-188061055
-359517285
-55247005
-367213757
392913654
137956600
-63243995
-71013700
514289030
-171825745
87040746
236354118
37225308
-59378814
-117403822
-28012770
9558672
486695040
11837996
-308557656
616028001
-568128373
-811749500
44626101
25545168
-204100230
-189738120
-102011266
-236967300
-450043
176265750
683363933
179925756
190671840
-76585270
-162474422
21489888
-419666100
-164551816
79612632
365687160
138872539
-302102004
-71737416
-128514009
85012512
412716024
435892725
127833300
-795932550
-49797675
-14411304
-387407425
-462923602
-500204991
-12090465
31325085
180093228
248548322
29209436
110804139
-509480810
24804650
340741863
613878398
520083312
-298574363
510374378
23719775
-185992625
-60876246
-514385154
-179425452
-544956938
776581936
313096590
240453036
-383773236
41460696
-89910159
481159872
-106108695
217243954
342916028
34292752
-482277879
-388924386
16341894
226144072
4110551
257916754
38270620
-181372537
553421442
470139576
115493392
-62831188
-253650096
37874410
430860636
103306004
-4199910
-43075542
3062961
-49180320
1005510846
-159967654
-357059968
-187817299
68750895
-18393767
29185884
-116099400
-75572126
-507945992
-898067700
130951510
-421398205
270944490
384907200
147563006
-145789632
-533165673
-353313828
809214056
2315162
-69213646
515748550
-130780570
-206257869
438009625
643669814
197389986
244997640
91543008
222457104
409930400
-482205785
-116669310
-505841000
471222014
182952854
672337588
-46666172
33845232
97453152
-196630875
243881048
-241788030
431641379
-24406203
-575105589
68477185
134815200
-221808860
448617125
-276260056
-688414560
-227392697
173614540
-157202100
-597098095
284095896
246679708
-352300987
-51834480
304152911
-107350692
-17404660
63878400
304143728
107629788
-236763240
2081856
-10044540
-138564748
-139996800
-22076973
-1023660
-199650412
77826660
-503106240
-484329285
-109143877
-10690844
339234984
-526773268
157986675
55025498
-132447000
19603485
-167505844
-648178245
80688107
-715488630
453898980
-6841276
58184856
41304874
-138782592
9772245
-231549275
-91531635
-32846782
212086314
-16662816
-185722047
276176880
-679043586
369261375
-43961242
291769184
683782500
128064104
-181215041
-587981459
-447005433
-325723536
-175048810
-331548745
-84509672
253429968
-69502035
47193300
14417700
141882030
-460056520
-13334370
-365576092
-242757944
141416144
-239643840
17053524
602020331
-104639249
33646880
-120067472
403924896
-36940010
624885156
120862182
-6935700
543192007
-601173090
-82169619
451543583
349789718
-169032360
497526465
302348787
362044696
-304358522
510646653
377398428
476862607
17319960
-713396013
593694335
-435781247
13480728
27737328
-272959132
-461559815
-164117688
109237653
185771943
-10049040
-381731010
174818670
-393485456
5627748
242072082
462947004
-873985640
-176168973
-215798661
-90232688
6066060
-280463175
-85448059
451729694
464829201
241175430
315503930
238216450
202771640
37486800
284147129
236311024
-50779306
-269707070
-41504778
661802112
-30527280
79170156
73095310
239963339
56334232
13204750
-99364770
731281792
44430958
-677765400
150106495
-203208264
-375687504
-567806022
111277977
367817814
269370135
380523792
112782293
-434672728
-21522197
334593820
-220414560
-100352196
-114416631
-177549600
-215469441
-893366640
-91581956
437015953
520573200
-601568684
-369181540
37565359
210625180
46079650
-32128284
10802886
146238370
-120659365
652984876
83053056
184755348
-251854964
423823419
-397725810
215586176
859564035
507341047
128533096
437922200
-220559488
-339666341
-193041336
-262714176
608949250
80591732
-288649239
114338419
19266258
-290046910
155186954
-104414020
61312486
46007100
62216000
-831129776
3896802
-40772970
133314260
-459246230
62840820
355284424
140451983
-44220000
92504464
375275694
-36128063
-372433202
-98248962
-612984890
690042144
-8830962
190395510
-13298382
405003584
39734886
93896000
-2019165
258078331
16325464
-207175190
164213856
93086244
278223935
296468523
-271180884
-441383016
188657400
5456748
104859412
4492784
212417750
97817472
38334533
-243092774
57958623
184081464
458774724
-63844336
25406720
-37057248
186200
-403608744
525854800
440062034
299363024
81937170
106739758
-751680306
376599000
82360944
87995264
-43447452
15672547
-341620182
171041012
-196032543
41701620
-234068538
-265894766
-954714865
-408995553
10751156
-331610564
-200269923
-276000670
8195418
-5354930
-277191462
-476795170
651638679
310886340
-255946300
29149902
225795072
-164824425
-417851789
-476702435
4775248
-51628225
-107351608
16964649
544381548
166872744
-102734128
-190445586
398908356
295217088
149549004
312011775
-52971912
267605856
-120248606
-149443008
-9178460
-567620
-81254308
185419169
-449379720
264591276
110898975
-126130375
592960840
187598252
-329956497
896801612
82360582
-157476462
11488645
102972550
-699106738
-210799618
-47862288
365067404
-70292554
692828865
-348105648
308181630
406100961
42112000
-15556112
424686176
-307763660
744171207
-228177840
-139585248
535894632
14140185
-96708518
-123479421
-272268864
-60219831
-293415552
124138656
64714950
-61052640
-4426569
101806830
422972442
360951228
-289428182
-468043983
-287850840
-5806780
16954584
-460382054
93728691
382841978
380363016
