1000
125212380
265139490
92606640
-535776268
7501892
587366284
178517680
-533416680
109533182
-294488246
229880
-26590650
927793764
-99624375
431731503
-265232726
345358860
-362899680
96736152
-321933227
-32632546
-234684021
-493973440
18615934
-509473000
-383226696
-495290760
107138886
-146435160
454556305
-122052991
-164466982
355226375
-859606692
811852433
-50251376
-756882742
177890513
-192112790
-501196496
-7551600
173519360
765510840
101945250
1018652200
198680210
-145841592
-256255266
-53047808
64882840
-77681040
-493321104
-4032160
589198392
-426110520
-344875050
-93460640
28631902
-89101374
633958
-71142759
-461919773
80323210
-314259648
-190938397
-636396569
-304170048
-922790050
308685490
-327865092
-703349479
-719883524
344689800
-138055939
-1264222
408053316
-83182716
35893620
196570137
-371502304
-67720244
-20020330
-364090775
-46289485
-548328422
322781213
208662120
395372572
353768888
-289412586
942467757
-295391682
122794050
-291799980
-675626771
-194636275
368061682
384992400
-337357650
-367250040
-788894
89201880
-81993212
-59135538
59885241
63210120
288268660
-95985264
20426960
44702658
-370803892
-74849488
-524974080
-128893722
42789936
101973960
-159584711
211245384
-169306544
18137640
-326756535
-54153382
259519927
-75334662
248848443
1566180
-799100484
-705316383
122673459
-514323108
-558312292
-278288100
-192286178
-22721790
283272111
-52751811
-162355000
317408672
-177239934
-177099948
729033030
-47952816
-429784389
-408496
-44744842
-48870975
172767438
77266884
158998864
439492781
-170573700
-421888320
-327055139
-753774586
-632340668
7012988
-337299870
-76808886
285469150
-331197070
430710056
-167706777
725747400
385168908
-715692
-17483328
342237994
-43310584
96941304
-140798190
484980651
84028032
-108616716
30929262
154668744
-271487175
109459854
209820691
-263807235
273188381
-376072
-209252387
247556589
17447472
61909903
148712625
-87390674
-709071220
-82255452
189826078
128517550
-73406607
-37406556
-288922864
-130211068
80729421
-73898016
-603855625
-327382860
-358766716
172997580
77818246
366239209
520576664
-24922300
597300986
249642348
-505869754
-69848064
7442460
98763444
-653858562
-632402624
-884816432
629357850
-89800660
205571090
160278261
-151621444
-239069025
-227189354
396349317
741520668
44456580
-73909312
708671982
-930546370
-295327184
-354428390
-14554549
27604155
245147184
-29830125
492125160
-65511716
11918088
396462216
199789593
-235938244
-5200728
179402712
108127965
-58298103
-4406805
382835864
258950790
661294970
-115349624
746525076
48065682
226429926
37329425
700752672
23524452
945591340
87068574
55057469
-188243244
-41160000
-542780488
96961512
-54492220
-10685103
-300435840
-414206190
111013200
251943568
391184636
267079826
184111964
-316376040
119403259
80125227
-336374496
472537760
156496860
615870300
-394645395
119269500
6963432
-416742207
80041902
226953600
-61347256
49123417
-38986736
-211936244
-298493637
-243080028
-219513180
707700096
82302224
-11897204
56134008
201708504
282392097
-229717318
-890862300
-70693992
388758443
-143969067
-300190439
-314306334
229304070
219334581
70933980
290883502
-768069574
214298557
-367254898
339279625
-257021968
269077715
112738023
-103768770
177788391
-898033586
453326209
-553206200
271632976
-30440038
211962843
-670538178
-6270726
-297153064
225955716
-770929670
22707433
130975388
-171516630
106268693
369499692
244283650
248136351
685956512
-270675020
492350496
65179740
368228112
-83687250
-232532694
-143156640
-72676520
316988205
169698486
-894270915
-751207842
-776836492
-657329904
-33074234
120983040
-44950464
-85201750
-29205080
-98878440
493253215
466789392
370608048
-605913224
-43645212
-317190965
-132161796
36514050
31867504
544519850
345795816
-28618920
-75794152
-399063455
156718478
842926704
64789176
599677746
45390362
144842220
-22783752
-457520272
785260632
-56029860
476823210
-249832770
-624484056
-45077568
207631053
-336321888
-99033064
731710296
83794900
709564914
-592497740
513549965
-45448688
-298960220
-369472840
-4771784
262442907
350726376
108293148
163937418
67876704
-113770796
-55036768
394453410
-116902728
-90728820
19294902
531465228
342983232
-41891794
481377897
-374479034
-217376718
-382349337
72698192
117933276
-32699526
-21441528
-111608941
5912305
-17425527
-1729664
265001080
695984458
326373635
304288110
154034820
-170046207
51462629
48105079
-138801550
-566866729
133978479
-524861883
-129945252
-400668381
217190820
-6707403
-14965160
-185107698
-288784975
-506961392
451625667
-32806172
-117430016
-658227272
389356376
460816668
31277506
-240519744
322453620
1034526664
330913670
-82306350
207603285
-422041785
685730472
475874116
383952471
-326544200
81685085
46366562
368284840
-580153700
-169971287
56960145
-135961680
-108609921
-3526617
148497318
553708947
-11825385
183490850
797099256
366366140
204335263
378205269
252850320
421229536
-351372435
136646660
-603655614
-41119950
33325302
-244169865
138990041
521275568
-399859691
166757640
474910409
739486125
-9603056
152825268
-172954012
-175702527
39414144
-161169509
257088
317883951
361063136
151190562
-165779400
-68205912
413600840
-107101102
163316054
3206400
86369041
-5068272
-158442396
-360602388
-894195150
554674884
-200003232
-149605162
59205034
105418020
304979730
-35553890
-108365282
433867455
-154259772
-140392712
-418955586
-56714260
457776710
-672073116
33597856
811306736
335457066
-387324125
17607144
-322230852
-522865860
-258710340
374743400
-128009726
29206991
232174800
563923506
79181690
32824077
-122730080
-213615360
611164465
777526344
457224190
-660740571
-532366360
-240790635
244289742
76803368
-206802340
-7624008
-294195840
520110370
-72910720
77163477
-80051328
107916732
-12715104
-49120620
-837872000
284877586
137003847
636582940
-54254217
-145445520
753125750
-55780812
-253113172
-185256144
58676366
-287020584
583270717
-563762892
-440682105
-103545750
-439436364
-431241152
-157755734
-640092897
-104595456
-190301080
705524624
-383519600
-116111457
37698432
243181125
47213388
217638636
98907210
330866050
-88810722
-216424845
13717659
622666935
-41084256
249365834
-81093831
542383857
-302083869
-272254320
153601690
-81224324
-26629655
-116947416
-11008976
-848681676
-45897392
1717310
-341465250
104445376
-405280723
-515616552
453316255
-562284738
121236192
-76778271
501389838
145991512
63861238
-214348444
-256305668
-56896200
3946319
384037500
22977570
-447564474
16495600
-711005889
141120
-21755825
-130857558
206643836
-252985628
-494199264
171747298
-47434891
506705934
288885880
25218719
461044349
-108328266
-40967000
6530832
-51059168
-546379176
374279616
158826852
42019068
277946196
-316606546
583585800
-48120600
-304085172
74319090
-71038240
-555606245
112228530
97873085
112594200
49126495
387050224
-611899311
793363578
392006997
360996561
-132163218
115138426
272985486
760456764
300491982
-6424096
-804290625
-444465092
-420855890
-459158322
94187445
-163269656
-196001880
796433706
222735838
102920004
-437854300
-293544846
-292650720
432136494
-42930552
-5769692
-265213604
153470320
206194195
122429304
187125894
-51823739
102833964
166165781
468376348
-174454371
321828048
-460614990
-134903838
-160871992
-878615589
665965132
9539708
4095072
49635108
254398656
-560403777
388120082
990522630
-12091368
62192877
-417466107
282776520
950895
17797984
-179733616
-123454569
-171110390
763450875
-544090800
-435332039
862091046
-41621478
-456368856
566131764
104800872
236199645
-495882725
87658974
378224861
-454168880
178006750
209662112
85334283
265386991
595304256
729945846
212835951
-290089730
15106947
17014536
-116298525
-54639900
-39633082
-889231452
-95633727
-195268304
263399808
-186992748
656248710
-703734280
174712528
-216760823
-8177488
-3290595
223870848
-23122352
-898072736
-110790890
-111377637
148165344
511831320
-1319505
-733698482
-23087757
256121016
-137935462
-54738346
-76886230
-188252160
-15059616
111846585
78890465
29232733
124371021
-448479886
26876914
-196166817
334001750
-161382244
-295804920
154958560
-5912225
99408400
720728
305968601
-19142025
-402008940
149363589
-323213028
-164787954
983362480
191586940
-12316590
254388986
-774066644
-674564877
58083625
50863974
82990622
-10335000
-532499994
-7786258
477741336
24652481
-62285550
781685710
-70651728
-4736914
-345792910
73361616
-31809379
405287960
-615103320
-95671848
-47516160
831575703
-24822405
26662685
-279774600
-31772598
302848810
-70497917
45233145
137662752
-73135219
307046130
373156686
-682242218
-493212442
-246230576
-146066776
-185265468
134321334
721138228
-422825832
-166830300
-298485
278426127
-118564068
57452200
-74127930
46278696
20157522
157552402
211192224
444601950
-94578128
5793385
-3726036
47704332
30520424
69621552
-433121504
532961135
376643848
189994975
444630580
-252690822
117770112
-110624708
-282541600
-74801940
147104500
820236
-264144673
395930955
-21154827
-329636804
-658039302
-519750160
328275585
-54176362
-462997863
-109558332
385057038
-415743075
6505956
-40754278
-99511702
224199921
-684233994
-24329728
219525357
-140677266
-788291700
-268641906
128537398
102588858
-46154472
247659776
538550880
50801383
-69155398
34175295
204431932
650973440
18510522
32615429
27570996
14646528
-167169798
-179220080
27692966
382885468
727341440
433110700
678783512
-662429275
-345085440
-1044493377
-4748430
-84121398
-111125052
91657377
86790864
120140966
-243451965
-970585
148102500
250366651
91071808
-474298358
268313585
-689924466
529342875
-108994293
-12801704
448749000
-62366210
551844979
-132292041
100905935
27724500
-727655179
-867996252
-310513750
-108077789
120284788
-60499503
5524038
470655666
226600968
-234274944
-29980078
-620467911
123053749
27987040
-154070202
-217921104
-190563186
-89602712
309121540
-488212480
-186689520
-623612538
-5149928
166690176
-290013804
723480320
407604780
-330140159
312862797
145166400
-16356834
-21534037
747560792
34924494
516813988
-139621387
163284153
-1289624
320380290
47813155
-31474992
344498121
-858294720
103542138
-179942064
4365022
130851240
-465313815
350742528
-321587130
316170811
-149595218
-47054455
-738361584
-154251082
206440296
163401360
335873220
17958500
-102872136
63764210
-11776163
430118208
