1000
106679088
27320904
674926335
198464628
-230674500
169529940
-191510966
-227205372
219013539
-2170444
-306804096
180967440
188301534
561173215
56875094
-858586644
-324945600
-161121845
204003075
248405053
814328067
-711560427
736839730
-245876982
238764480
-43085536
350187890
20609136
444162094
643878420
133148960
-613838542
4249084
-1409793
-2944074
-145401984
369968826
85651456
90252721
-856910201
462415096
-22284102
319022560
1835934
-157602928
409743896
620544848
456351894
3259377
209179920
-257007534
234256370
-224703072
-25066250
-33145476
190647775
-140319700
-18696492
204673843
247964475
885117015
-200695882
-168865784
36361452
13164492
299978532
294985460
-367991056
57889000
307711467
-195013948
115125080
-13131769
198018858
54418598
178543925
707483549
-263121960
66706432
-879360
-220922144
-34159456
136894539
-118665330
213599520
-474997395
-301986615
-62801026
268330008
-37575756
-95402900
-523471005
-69270532
-524959740
538386114
389852622
259415992
229002186
485554025
684018666
95978324
33574723
528597927
263716104
-153700864
-79197216
114835748
-703026588
380197750
93727323
326658745
3904023
-250497312
-90824976
-244502260
-3362375
43012500
775582720
607432576
343975115
339851862
-409483295
-379686770
-322535885
-176735520
260829411
-215318243
-540700456
196974204
215686020
-9792161
49486763
-44458230
-378136512
434910
-22845298
-597994802
-43602506
-18987500
-79571525
98011584
103889739
-308086428
-39004200
-390515680
485229294
382059600
-80202983
-508892212
-792488948
17208981
-107648832
-448812136
107515452
125179415
657888728
97947500
-147427388
-431688467
-421525128
-572397093
-354165690
77038910
-99549072
-15214604
-659423368
367911987
-141403554
-517917092
-57855835
-186920100
397451848
40491500
240682688
-76904640
-567418242
-65798169
-387136597
13677280
20151516
-129983986
783766676
135867555
117274150
-415761831
483911052
-7568640
144434290
160685910
19311906
-336903000
839004336
280106208
-726723586
-61774485
166461706
-16828416
96691998
91298060
-234227565
564265268
160932114
603860046
209607211
2339848
-199936008
149011093
-529935450
145240860
-26687745
-33016032
23538961
27528125
151599352
119207294
44076948
-114361520
598143852
35004688
-29122704
-122746290
606924760
-396243752
-132805680
53106732
-5299692
213544708
-174526600
169801600
-713267065
394364344
-92747826
-460111664
-9848333
271413756
-556519770
-322715774
17521473
-101784228
-209045804
-550440
-189954837
85717632
22131428
721173159
-147098000
-219612393
-141169158
577226331
-252126672
-201739680
-76321984
-163263012
324979294
-150127934
399698744
-334067920
-175704320
321183000
-659554185
5699242
-44559326
491511755
109067076
391864512
-93101060
26713484
-981791865
548843072
5138056
140762944
258883553
-174525168
97255872
-54976083
516421596
-222318945
-724409400
-33067518
61188750
-40897749
59915904
-121315264
41483142
-54661086
-82396784
-302016456
30363584
-401517394
-67020256
-2954644
368914140
352185407
77524640
-65052756
-9518902
902796
7993740
30729370
34447052
317007597
-72900808
117796622
159568905
101334248
445230504
47045970
35451136
96944372
-550101564
160732110
-764906772
336484248
384558836
-483702192
-134799665
355878196
16998140
304284630
25847469
-173057985
139038866
-368695824
-277375080
-68176100
664080384
83760768
378806274
-175988799
-170216934
92865888
-7293856
-543051880
252015852
-998839680
-237365610
132758500
138565691
803944400
181874688
2372452
459808877
-605084100
-234704220
-817831135
532929317
-107901486
-212339340
-28905920
184650693
370147141
485425248
384802554
-27145472
-570937565
151006448
-14882790
26983640
-12284991
-533191060
139228401
-677397006
-402538136
110836612
-171389603
-615608168
-194000216
-818770518
267891825
340948968
-118061998
428595354
335025305
-34942833
58143330
6280914
41776030
-2296631
-93086826
5651802
394782399
40093425
-711150239
23903480
-99090252
-339540268
-178879656
840303528
-709207772
897099606
867132000
17382438
801435352
-98310888
-825573625
-134302265
121381632
413995424
-507166967
118676439
-728814786
-963994510
-314508480
18552512
599369050
-300296100
-706108432
-31695032
-262676635
-735009418
19651301
-264860218
185361264
151313412
721085600
713680335
-145946840
-50038920
-548195075
-684142215
-352563012
-66798168
-20640360
-8518170
-94483350
255173497
-75995644
-374680377
-46471510
212049114
-178087896
121223470
410923146
-151665726
-3612384
464171040
-207683378
52428816
184713600
220784296
184448569
-110681450
855992313
101443992
-465239808
-62717500
-7831560
793437250
93994360
-161141974
610567256
443352160
345245580
823295441
-320579342
323135644
39671392
-73770886
-19005714
615422188
701291850
20956614
-236927793
-398721342
-395537332
-197368080
-5128046
-306999869
-194817450
211980479
39989334
942833268
-925555134
-102411375
-183879340
-572443623
68912330
183905883
-235460554
-61186690
161658648
-100520667
-388000204
-84917286
-700156111
78855700
-200387096
-98909434
144105255
-97410720
-133383405
2063207
-481118685
427426020
695275901
58806907
22326558
19103670
-151120440
-103177800
-236072776
20066395
92549811
-187471453
3379579
-603576
-201166680
55879352
35855768
6594462
295431136
-299407820
693691800
-363426
7970352
-446398012
61127115
121508370
6567288
-527436000
-38587932
144265512
378920555
-993720
412621950
-148357425
-259270485
-493244400
-334404694
153226554
169651134
-545092805
32156184
247036032
343090839
137318440
-114420514
320395356
-191153568
127647488
-317789635
182113344
252535920
280771026
-455518456
497805048
-93735453
158410296
18576456
-80277240
-188078913
38240092
261327924
-11801856
261074008
230116005
155562526
-754144398
99393595
-200222022
170311950
-60226304
492320808
890312212
254833760
-57068115
954721161
-80517634
-293855319
-4886940
148889167
-39747952
60430108
-61558170
14230606
616203690
-310809028
18555966
-292236256
205655326
-191662425
30380640
-99162609
520085190
8898972
202122176
37322974
-850326334
-16028352
-927463131
-195873440
-305046624
-210479360
123062030
479010558
675056970
372602656
433863210
16682744
-819729019
-16194990
509568570
397686440
29688676
-14987380
86784856
550153884
-692862345
-153040930
-194254648
14721012
-399239525
61120752
-96628623
-754171663
-173139500
-165420628
332493616
290404202
-49948800
-339164220
-35700588
63773052
-29062176
100641600
-183772899
880054773
-56674800
601263600
123312150
-145076181
-103953040
76476880
-192898934
-158083870
-30792548
-61143313
563139920
-702739548
-497844655
499591200
-16824800
105609504
-340651542
366845640
-68028443
100812932
-613211958
-101554020
-656726000
657015242
267601725
182191072
197150130
-482121952
-3433824
-14746588
-49622352
169229000
175154859
-638169513
89603360
133128415
264095040
574040973
-286092576
-302527104
-187289397
-44366721
400579872
-3440682
59668056
121843066
-470615730
-155086360
-984359026
-76411572
-308028360
-620477487
8521092
-225001140
78578304
-320633840
-586154550
-563462991
-132468112
-323423437
75896640
180164160
-281569915
-188632160
639437937
361555601
517368920
496887932
-13394956
-49073010
15987227
-309951204
791159862
-387722810
402070592
41452367
393802420
-52196315
-284620200
332984340
332022985
728636795
245049174
11390544
381833430
116167784
141347920
-626097696
-3785950
-13875600
342588477
-130172893
-746677694
9127296
441075808
-25006014
-429201164
-601123890
-352816014
203161068
213129745
978986321
-242833410
-435150114
31403010
308920124
-396675156
-94925620
-17391744
325031273
139461934
-136828720
168701280
13198942
-413643609
-616366112
34671780
-75823000
-541073920
546187322
2378572
4638267
111165984
-100309223
184171177
789788550
-927318834
-32706240
205965705
-137551659
-386298990
-641870352
707831280
331763780
-14238145
-16680768
36436264
-107270412
190632320
45485132
-148188469
47533933
41971688
812249375
47400552
-124490216
-525371508
186096352
261790622
44780664
122920
-263855037
34955280
-162705907
-163226624
-89573148
369005225
-545497250
-141124319
-561777876
-41960128
-414980164
-161065596
492773316
-170197764
45245046
-14568991
326683305
-585407420
661024704
289916280
-907207107
-59880650
581068269
817989723
9614748
4784832
228199758
-207898648
141880200
-3748680
-119447040
-258211072
526768816
238178080
-42472983
108975090
-596129628
-190520960
-7391890
-451318616
-100093893
679903641
-100166276
-236031783
571803205
-230990832
231086088
335980
-945631144
-214375
404500500
930212892
-553925925
-523364112
-350257425
-52465728
70632297
669844206
226987332
-65238637
65848103
183792
775940032
-578778848
-179346150
717006906
251541792
-515126300
49714180
-727275906
542412276
139468524
246335530
-442507856
120595365
468226899
14921863
14860584
-246401825
-635103975
533406024
-41186835
894482784
-45079776
44194622
-255122886
-152274168
81697512
233461860
16436838
-778214041
609038640
18076311
-69560400
306564273
44390250
-414760918
-51183846
-35681522
-252354312
-486456138
677990226
-319305212
139540762
14217840
427828310
173044977
-15042384
213745896
5840352
200131984
-625318785
-636221726
-283506816
156107560
597412855
5533840
-205218030
328018944
13437888
511135536
233014476
172109800
918437380
128692046
43406950
-729574399
-7337880
-383017616
-125272145
272868543
-878910222
54003339
380122011
-64130304
340734600
-314899697
-528366256
29544015
72133755
192381660
-484822516
-58775778
36344160
23660580
-25606308
3475940
-726665035
236781720
-732524958
-39141024
189766031
-100940175
889427500
-184941918
343996760
643624704
-91594391
-32294910
-681276764
-614221816
-356009206
878594976
133276260
-169548756
-53075900
-750283470
-312988833
250650210
220069582
-35395677
119078016
-261842988
-234075162
-79528750
-150186320
-580286025
-334413984
-204490761
-461932628
247923060
702499368
-166596066
-346311273
-65340704
-589146909
-9902280
63866976
-23958614
241835526
442262070
528743688
-558222774
-441533646
53106897
-455974323
104713000
-31068650
-276655232
783663075
-472904700
148868664
-622107632
-16238645
-25508493
587578752
310080408
72578538
950521
-154890740
807813012
-13925996
-711305160
-47735934
562823800
-168459160
831085719
-23241162
-178216185
-14947856
-425462910
475611120
