1000
27515538
178966224
211706352
103997101
-375281250
81874150
-380321487
-464039812
-198133065
954645264
69499632
-120759725
67889294
7510815
-513293878
-776575700
117623295
-254883240
-385981200
380641950
-25908304
24900444
494297025
-29375073
68757210
772519318
-33122076
-315344640
141285396
21124150
-510174111
-273246585
-295196160
709055168
596930286
-222566210
-348666500
145064900
536395878
-437371398
303251207
-61665175
-510135354
-319154424
113970152
-733802085
64111680
237818574
-34206348
688660336
63170010
-667370990
171338929
7389480
11530896
-72199647
-393003660
-179969636
-75813914
216412990
-206175054
492151968
31188598
-645875880
347627351
-167014890
152508400
-158108288
276955305
-517812282
308516096
-390708892
-267520266
252920
-381793911
380367263
-134974730
-134124288
637114104
-32542614
-538308800
84771662
241487499
-462132420
243897489
342143116
-19295080
397139130
-80268894
-159879020
-223639584
588372564
715635720
814410708
-137337471
82455504
336653761
-130018608
-218776
636996195
-667621512
122103297
-168802500
-216649566
158450593
-365889615
99113028
-314160993
55188635
262041244
-94412006
181850154
-42254520
-139440
11104536
116353296
-148940910
259314318
-286081125
-297224200
625612854
55368645
-95481430
67656288
-235063092
-738035616
160948128
624445659
-846812550
488488730
-385226550
789871031
-233672214
673340624
-241609884
-372064867
31011270
-55904376
225035993
195905097
-203644896
-142630785
793488438
-21817602
394428600
214475028
446190850
219561150
-49308160
-361570440
346102943
124381380
-170110886
-444799230
-215610375
953533225
137599200
392992630
-14172824
109221618
-895111536
-137102992
152445616
-590545350
-189465970
371448858
-134157801
9329568
797621544
-8018560
-353555980
442705662
-542000457
225574011
68555575
-241559321
454610870
69108264
520561350
-186329715
99525359
763540960
-201892200
12296613
-33488400
741457380
663428784
-39960
441960358
85342725
662953272
383671482
-463637088
483348250
-342715232
-619619280
-4341906
48167127
-422170060
551614800
-380690412
524512260
192079448
-766643692
561677226
652692495
-445472770
713118978
-109244520
29616180
-220107631
-905931224
271023960
459778836
-37672458
-24222880
-449958741
30306870
528360258
-359838036
269412656
724577098
65195136
-19051840
93444732
-680074776
-323298157
-858040186
-165649790
-5411808
9795600
-563084049
-88401630
-444461072
143319858
74689704
-544469120
-101351752
-223227720
461825856
61261788
-155172880
116021260
-45052680
-123837552
163209553
623199255
238950888
477107316
-84217035
-508999050
-453097953
-376143922
7849200
278881187
315844008
129034692
83915728
-574538096
-797265276
148249686
370502607
68455530
-434616246
17155173
405001356
523916379
-254586170
-405323607
-374993157
-688062960
-720943718
47332572
97916325
-395376450
-424037132
-26806218
-84982500
367305706
-73898916
372546856
97964826
239020875
-5454804
-402749271
-39657980
15241447
-92504388
302452095
54360290
564727884
2136288
-122357950
212667518
-234223184
64716860
-589754225
457132764
-248947144
19232458
237085030
109917742
-401503430
-15790921
-641688410
116839128
392850042
-79240168
-221829870
240024796
77595635
30328792
-645687700
638766865
318361797
68937850
210336748
69374952
481284144
128709532
-5452705
-55407264
-65649192
58790198
578122632
402811367
201611876
79664962
-205372900
115126560
712756195
372969432
-28352997
39846114
-199206065
555619863
704866746
-485998772
325139260
518974504
253165312
-713617920
988529961
700595420
46292512
-675647160
87102214
53001216
198537045
58978850
494934352
21473628
-188822301
-6825783
-187852608
90477632
12354356
-253784653
-38232966
-633312810
-28837560
81293193
652579960
-328999127
-692817615
550230942
34280154
369371000
36395100
136998484
-200770703
457956720
-215215150
-546232820
407612264
124409376
278724292
505652700
-195880396
445167926
-188490
-429657858
-681355060
9194913
-43134
159946080
-530111984
84587848
200154240
17066500
-354789162
-1039339759
-68221473
164058579
665188656
30774909
-87820572
-591789699
94941076
-351288062
-287003514
451736295
-38343634
-434940699
78671620
-24621696
8575068
377738211
-5877184
-490888327
610069575
583993314
-28493154
-58023940
-475335912
470626257
588767193
-69569312
53246987
306622680
213626010
553525595
279583923
353406375
-170056126
-394259580
-387605472
-152052940
-369767550
-654745500
-693097360
435242594
47239416
161125083
211441068
-102002010
-72414800
836696000
-186253870
-625161160
154170750
-5637102
145087096
-179949204
109842163
200160450
43419978
-534553580
955341018
461877565
77437472
194501760
-827528
490934410
157047376
-590581600
-270729676
1053882008
-618639672
-10116765
-469503204
-3777840
84027708
-34940082
270345875
-411045642
-607123380
-257539992
-171172210
-238287490
12503925
-211189824
809628750
51778600
6622944
-581081658
442083798
54056610
-255613710
-79488766
32548572
259608294
-42122425
-421960539
227851065
4185892
382647362
111867896
-97906435
-19717854
70085400
177267384
10033027
-312207336
-662172170
-270456088
-162198288
1825966
-204505693
-270177387
-97092576
-527234598
-283900450
3818200
-318979590
-341540080
-578832492
61591700
-104868113
260988785
-107179338
44142615
-24828024
-7668768
-417213816
-54235509
-648212896
-256905173
423488190
-60166060
-352640769
33030333
-765342018
48295180
-275484672
-490509600
-99742930
-43257896
123556342
657784974
-256362059
-123395925
-668604300
-37439548
195709748
801116895
89001570
-5474641
-280537271
522056744
226826814
635089784
9337554
75932747
-769256136
158023404
-351524240
-334391252
-22014504
272478924
61956140
848488578
-337630982
15207180
330237557
-522335619
504770574
-548532530
45268146
-142666056
-66207620
115441890
887106366
364189605
143806050
5587186
-267160999
-433799806
408460302
-137948453
809078740
-154269135
365728968
-45540704
3492253
-982302528
601309790
273592674
-477556443
263561445
-362414586
748851600
155054686
-485387750
-204854320
-330384150
-367157583
-521325315
190733723
-155247008
318443286
-35851559
-127911846
-44536856
-114936432
250797680
-284102082
-276366762
-395391270
-60666543
-217015003
20798905
16448534
12896880
27191970
-276814185
55092050
-78141051
-46781865
11797781
-16984296
621860120
-78066582
205654425
-275122710
507144284
-456375890
405608490
-297648036
-652942400
456654483
13977675
40762467
38787942
-66571629
-80539336
-146478320
-113409588
473244830
729166095
200174806
9513616
582201144
421041005
221173870
161457856
611441655
586818063
975321543
371158320
-420243
-280384596
682087770
-428081003
-810065405
-677817880
577338636
-620991819
32602725
49436296
369643530
-615177
920836892
59022912
22779960
-128063760
-18151089
-564813850
-319628016
-58191464
883039500
49546245
369348800
81776280
247680666
76460404
-192742442
-80086570
122619648
-17445591
904173730
146055455
-447419700
661934375
-118671025
-514568628
196415520
80834360
-418987910
-380864505
-395465060
204898600
28168218
-193019910
-745230200
-56766420
237764594
556921515
25269594
1979660
499694843
294318580
123360288
9473760
277736492
293790979
-73158784
242160776
63703465
72035913
-242105964
-679938698
50336763
777573213
6932321
59718945
848803354
43341340
-156226416
-147716469
5476954
34835550
-323252316
-65512314
127351278
377112416
299296500
-75679932
-10021403
608400764
908140656
-119518531
555544824
397535746
53044838
-28287882
-108650984
112664181
-181219575
44691876
224154398
-152044704
710832390
24773254
-8092722
254908416
255289704
-358783794
-100869538
-73240676
-277433136
-371983792
-438139719
17466016
197694580
-239899236
-65784925
629049564
-208865723
-20664246
-435923102
-256784568
723173046
-91175017
-550678400
-448949305
-145093335
103678528
-161491077
-451391744
-53789275
-245681703
930238779
744667320
52966672
560607711
18512728
144650520
-324005
975537710
-772787559
-113250720
725773212
234945784
-52787364
536214854
103286730
-224506420
-19482444
32570282
-326651808
292082050
752973720
-6613695
-74823756
-431331327
24706220
50907612
25267010
75939512
125042973
496964075
131858454
540927998
-88070910
-62386784
-249595126
45237660
-802512360
492435613
196706979
385446756
92361739
160091756
107153550
-333979845
-496970944
-365123852
194471926
-21454632
61808400
-62358744
-366940540
-526300486
-80876799
165977084
316948788
774984384
155994102
-145792950
-650770620
25871320
-233680358
-45107868
-103015475
-423566305
4875650
46814552
-194989256
28962899
53085932
478074960
116459420
333894736
5370016
-518732889
-72027198
36640934
-4844814
227559840
-74910626
526306326
281923136
-394436504
-750420420
-226668582
-184780743
171168399
-58190184
597442680
85396000
814156065
447147402
77925975
557039455
29168640
528968042
266151090
379675128
-4470620
179905050
-42795765
-701620290
124899000
-1757349
-276838400
-502252263
498906153
-558794035
222557354
-236025000
47029192
-7275788
307398550
-443207622
-53528028
-810838775
45785600
41750256
-173532375
77836860
9697935
478571779
-456416
344051994
-238477266
-67837256
9444753
-47503742
19955307
-766251340
-14336712
887935800
704212800
-37258445
37541014
31329468
788315598
6032920
-187729816
66219711
305938144
-120967330
-341909447
-461916486
55650078
117087754
-121180102
259920100
61451733
966662046
-111417493
680838732
-11005434
135679921
707512710
103465608
64305210
197073335
39096090
504205560
10611286
-270288660
119080220
-38345270
152808240
95962302
-242468694
85560121
276033801
180554100
816252807
239933744
324564935
182459328
-210694848
32567640
-20461720
580062312
159837942
-12988472
243649146
-293702020
-831975040
300901060
374992548
401367547
-929078688
-47733213
404612820
241302852
141207288
-198338235
194645334
-202288947
-185944946
-38775792
748673460
38444668
-492594473
-895776282
-264984525
-96833496
-226899549
-356659700
-76880344
30240834
-585581010
-160966200
-404880512
-375804040
536391965
-434044824
4226288
-542078676
-454965392
-668911881
16534800
223544130
39200220
108588856
76834288
21660870
-677099010
240793056
-178464195
-336711952
-463060950
426751888
-205572836
175288980
-335316449
-460726864
489473730
-87036030
138201749
-149328279
-730207848
-430507592
-62397531
