1000
2984540
159984010
-43967988
375097050
194911748
439274558
189977970
-458643120
7108980
241617288
-331610181
-392843000
378436240
4579640
532875798
28725354
-224483640
-444729168
-58349320
68610332
-392028255
-23242808
-38331150
-313999840
-490513134
272142174
-396800054
134222994
284087340
-786286600
-927045898
-353959550
126408192
216587360
-98420934
342855752
-82222480
238811104
-11749842
-142568629
-22979475
-28992535
-181069992
-493098124
19580140
401076976
-188514690
153967851
-623145522
84823926
-383950242
-162523746
572375520
325634595
-316725662
-195988920
230158950
14777326
-71009100
-122062992
35201952
-200660072
235169075
97301844
-384451100
926737614
790527192
985347762
260570715
-863604594
-346389153
242138848
694474250
-886134812
830743681
-447261772
30263376
413391649
-902761365
-153713365
991380024
-62251280
-324214600
-94775880
137021862
805234830
337520462
-310260585
1077318
33612909
-166282901
224247652
85247490
-23272864
519483210
89026105
459845750
-394345800
212366550
-16366672
446897391
115363932
327341495
-292010992
-15555342
624649856
-695474172
-330561007
36030995
147210999
-186667324
165863412
-54808750
713497428
306775656
-532371084
-23351760
376081460
229091408
-36748054
323305328
-234441014
172148238
-116764279
-3108675
258883140
167352370
-550430664
264803688
860916098
321975270
-113473370
15132425
368903192
122012835
239092994
-89639304
457403760
-842037270
-203649720
-63810775
-522886385
-11697608
-11410434
4853809
153049435
483315027
-57819888
83205804
177750948
-343710395
294347560
1378375
-5993011
31110534
400360695
1037628900
-47866473
738274614
-8331766
900601626
313652732
532681205
-11195457
567890554
-22176007
203592784
-602191800
175140
-255098942
-433860126
-175882587
58795792
-393792175
-489226368
638033455
-684787466
375946901
-309442497
-426806694
-900680
276006900
324723270
-90174250
114791026
-25479718
-122816993
-158680704
-10554237
91345581
39527118
730787104
38431731
-3057675
546040339
-11841184
29018421
-688998860
699679472
9678270
-10199920
309041205
101391248
-431123310
112545322
-183183828
-242941995
-71314506
155372826
-234794718
287794510
-94043439
-255782670
-579364053
-288550080
201361934
448757844
-52782896
44227328
221872845
-672118043
399822670
-14984200
7004639
26520760
209757652
-990223
-228736224
-436495614
-721340620
212526080
-49166816
-170804403
-302372400
545555465
-36699819
-292679334
-195088220
265713700
55139455
-313573183
446541400
-508775514
-229059292
-22315041
58303134
-600457728
695319183
-109928535
-131249196
115307379
-1051996190
17255810
-5104176
-710706741
-45729970
160529798
29761080
-3458686
-219433865
378481196
-63327456
31939704
-197169911
-276624600
489091046
-651718858
295046748
-263820218
11563060
176356978
287331516
13730955
-46756010
318224272
-77957376
-137590002
-643270518
160088855
-9376410
-7010492
-341527330
617421412
-458129520
-365681476
464288643
96655829
-269883764
892793090
118228320
-349224460
-87490746
124607181
8453056
-397530000
38820914
-162684156
617257471
359626200
148646630
-481289763
-332893834
-40473972
-124708248
228943876
79523850
45982567
-131529006
214054563
-942403560
381294
-135628248
87870237
-183318032
37615726
91670355
-269513216
-182620324
-442064792
-361532360
458000604
-214246476
-288393460
-307361645
795949440
-205596454
130888064
35963100
-83942
-22886556
-332768434
495411280
575951142
636737141
17747724
-116072500
109139784
331321276
-510469694
-149394160
-85556972
143309540
301845772
-491748128
-688771170
783733779
567793720
68109965
452918871
-32608991
245656250
-509029970
-187462352
206721764
-95411021
-219220020
562912657
-446620317
-411456384
61456542
-980408325
381510246
507591656
-486553684
-299738016
626671072
63743841
97340906
-441032137
-134769096
243299602
-228941834
339005823
-456677190
32216960
-565207468
515095464
-441794604
1885884
-215136528
-285573708
-159427364
352276464
-165134112
288237443
191451195
88847542
155931780
694456010
-170693019
547052324
198701195
-642522516
451585584
952622262
14549781
80166132
-95652662
-79848152
136361976
-272469744
759647556
-21105598
501932285
-88430667
104949464
390416593
-89112870
697116645
-634760388
147174912
-168566024
209324720
138477206
-21031395
-262502287
17612273
654419647
150944761
769957594
-90111238
-49695405
-367751655
75116864
-43406972
347570806
-207124764
102880440
471458736
695996
-147887880
-30985110
-328708005
72909225
32267700
275334700
-124009578
15771882
82218744
-107123550
822260675
226124860
924959277
-3554609
421779823
-174128129
-63355648
-127818648
-29474832
-395899376
-220996985
423372060
1918350
611256295
-32296231
30890027
93505620
-118543504
83137076
-91016494
477647720
-415026400
-12929072
-442063272
-102670560
37427400
598987047
338914108
-257632740
15532929
-341333136
-47794115
660264772
-228509956
602939187
776661468
395927895
-796859544
-452650974
65162793
-777034659
-91707132
409609632
-46194552
-163044908
-761809058
488884858
-179368240
-624413280
-327012840
-265635234
963900
96315063
-429518405
-35660169
377381349
166754940
-352477940
-186236096
-479540958
7968211
491388590
92171093
686046507
-244417512
-260026624
369806718
555696474
79098150
-175781034
-97516948
-264095401
-115966312
-647970264
5575173
43645752
-819127312
-131577588
390274304
-446217618
-551140785
-501141870
349144
155962140
25403904
-426562122
-2776347
39263016
-823181086
1905605
-324502134
2144271
-195889185
-54315810
-33391896
258957633
405635239
-239915264
128891936
15605460
-272520682
-368333770
-118480224
89725904
153872992
9474784
-11353038
174554712
-749708487
11407968
23659848
519113554
74750644
20229258
463884966
-296186496
-503081799
30977232
-897856
506637950
412621520
268294890
-45008781
30329798
659704014
-440801064
136600160
19707558
90608224
130457932
-615836325
551480040
172821630
207552576
61959573
199449354
-312498420
-669578544
-260630286
-2241040
-281674734
186154040
-95949850
-248278149
507630406
-100497063
-646228984
486155280
133104790
-101079297
194196493
379692504
761866960
-753520027
-65647842
-39043691
-692006966
-79350318
-691560250
385736256
-49580784
146652274
277501370
62909832
-439102415
-120829995
172354380
-10725130
1624097
-35442172
360561312
525950090
518100520
-655528874
-186372580
266782670
569139008
417877738
-21751250
-9485920
-194619392
205760060
-188962475
-294868807
-520813590
124871448
-227664954
18312624
-50881513
-822907560
-319674240
-605262438
-22078944
358698720
826413924
725811346
-552090280
-483166504
-82795134
-125752864
-3281550
-89984349
392462460
62188142
856195320
-217518840
486059805
-61652992
-63214984
-994552093
-141813696
92989648
-437122894
280481302
4648616
104416182
194612430
135002520
59873544
-372980304
-6528366
55528410
-97539504
-134563200
-472571496
642920620
-429638844
408814542
386060818
-78795136
147908170
111285684
141432588
106757280
76501125
-149080500
246151734
-432224044
-124120443
341192452
841861389
260624290
245776245
-673577088
-752814864
13657936
-35291970
-523523034
607499250
103837565
-286201296
-741424726
-30628050
-723084232
-561993015
513675240
599377800
90173954
-290749585
399512710
-194056632
394197552
81245346
583272162
-642669196
628304996
-138319800
135835128
-64697836
2784375
338492668
-28026860
353680795
-83109299
80969868
-490902136
44403972
-143688356
500321175
176629050
-56008722
-628504025
107066220
44370000
89088296
-842306973
-252851500
-53450100
-546214440
-47773240
-50762116
287860980
-721653180
-353210592
-6750030
-83192616
193447936
459221458
-208175523
-132729582
-33210996
837691239
-121024870
-72987417
-426313500
-95952654
-620563500
115246020
264123648
-38179012
305218000
237217248
658933072
403467700
-691499806
-104473020
-365456488
-442398738
-287217137
11026407
517832516
-346277253
40194000
-640806618
3779958
576834786
-52136126
-5832704
-317502557
-36669807
582916190
349502748
-85226784
185231990
194663904
-4202313
-609151002
347172280
-195778320
-92004935
-365993935
320709870
-93254983
-587978786
135077544
171258850
99319560
459058230
736594527
45505395
14698661
725479950
-375006060
720305334
-345962580
-204047821
-345919398
118504714
51119160
-43024773
263979279
36850680
250974924
-165207750
237213824
588183700
113209930
-95653410
-739154720
-111823532
3098650
-148632330
52893268
260798044
-17359092
433620960
-45523837
-753830
-63992556
293526455
45443164
-197954908
128966565
-89390250
685618925
835655340
7142369
-80750800
89969088
446465079
195131160
-75164274
-31473198
535809600
632064069
433691216
263934450
181977516
265190692
43462388
119745099
202920712
-275271868
710090752
380017456
-296029173
-156872768
-772723356
302653440
1519050
809519040
-647163890
331068600
68566062
-412570123
44469579
-716874873
13549865
-278561356
463858804
79724479
-201968382
-401729628
389307933
-783468339
629684685
-12485053
272613880
-516920354
239452404
907055616
239190012
70072620
-204322872
-457618788
262865709
386892625
64670465
436007228
-93585624
47987170
-544858678
-556123335
81937907
443435524
820692852
535081612
-28095236
48927988
263921407
395593570
348747112
400570590
149195488
-101196544
-485034047
-6784581
-68606460
-15428826
-20743845
-339178930
-444911828
102360399
-51935104
210352584
-532417938
677286264
-251977635
36724128
-744018644
132582616
483191927
-459113934
108095245
-520088576
-11354994
-392739372
38481324
46865964
23003588
-66012048
-10440144
-170912196
-399925740
-410604162
33629514
266872320
71615957
29019502
477045030
124370505
29717120
-67519375
-151467899
592907210
-273661602
-215593265
-14421549
65722834
-136983510
-110824350
-77894496
-275311080
627254738
-556116750
726611985
-18420200
-576958788
149408705
-271303677
-10259664
-321769408
108379999
-44061447
172428960
88028710
-303442096
191755558
225582544
-62582868
842835110
488297780
256784700
659901312
-286986312
-422036200
-211293360
121176594
-560064352
-46757580
-15041409
442757475
76223700
81626636
-634610680
-489813978
-63468240
57794468
306538089
294700205
-458421444
356637897
-433833734
234478320
-368546913
-664425476
-32661356
478780962
283654056
-9937725
-728746570
-85920800
-359379984
-14335611
19683776
-741218829
-161019600
-338307660
269261979
59594130
