1000
103541970
138359810
-518226318
277916912
313792120
952708260
-324296021
-193533675
-197288740
813238565
-283780200
-738989888
959500488
-58535148
-332217902
641826914
-2331141
-42084090
62411054
81677225
-254633112
-51604371
137132716
4954060
-39728167
-383039614
-392386935
-687796002
-128449792
-179258112
-119388005
-39798052
298307176
-299728836
330322597
393221200
-478576180
-7457715
-708975072
-240899622
-9131871
-270661992
-27458627
-8779718
-117205270
450753594
155571290
-12851361
292255425
7158291
-362097162
-159888726
182957544
-418294174
9077110
636927872
93601450
-211898865
520418925
-650378401
-7593006
1016169330
39880509
-672357970
287376848
-204744372
285638514
798110352
344138912
-661843014
-3794952
-10016286
66755145
321372004
-97598484
-50103473
338631090
-476585208
-476229375
-667360731
43651794
290913210
390924544
391013742
-647332560
88924427
788226850
-591662376
-581316866
27448752
-133707671
-25390314
-135876950
-23866540
-692439303
-343537200
-94913196
63520821
23338815
140855680
-322954452
926798655
-268073974
-159281758
62702037
168081890
-109556475
-61226508
561397345
-112297248
145878200
27539280
-146626748
-270953056
329832724
-224405335
692875368
468879840
-504865386
-650748244
-135154908
-155247630
-746305574
-27610737
488352730
-29947950
-245441979
120040590
-423836226
-149940050
236233575
38653950
-12705574
-62317721
24968664
452521452
314759610
76774015
-342440899
-80308744
362476089
369153408
-343636186
694356157
249519585
270119712
65984190
86590277
554416800
-405605853
-127591516
-272859840
80482610
52958646
-92598168
-76492100
-85633860
17383080
-320859211
-267879177
649333780
195309276
528093900
-81225269
-14533795
-51684312
712236532
-13534626
-106861681
-125692526
813785664
-27672048
179115264
306376125
-236605348
56265156
1031718148
173105794
-103449269
678251981
189278760
113298384
456370443
-659498156
262433880
-9275318
266844402
-333221760
-31282341
43454190
745569861
354156254
-362530980
6191835
348950592
-332623120
-138583368
-13769190
-83008671
98841600
-122172166
-253345512
316026855
-45050213
-105698743
88317336
-283876893
222855060
-648999432
-85240512
-5078272
-110315653
-241803485
-200133152
-675968384
36636306
163833875
-756153090
-155918196
-4787792
19273904
279098001
-171673614
153115430
-534140424
-335686080
59564037
-123599112
299110892
31054347
117517722
179588177
111834088
-255268260
-282868128
-168497664
-225935808
187680675
-43295880
-392682950
116020359
181974195
206662988
-862117004
679470750
-85074210
5374465
-510586
111756816
-13568786
468755912
-310931839
-82482830
-738711936
38768610
-83132676
240264480
45656748
-283100475
133739736
-397611072
502865946
490478627
-98022864
-49107100
38254860
-551379538
-22692006
-309535403
-503758023
-75814858
156224640
200859090
-773952872
493426018
729103389
-235193400
-52226170
-431408186
286913606
169017102
-235338040
-688956580
344171970
-12922850
-35226297
-96256128
-8046918
-9298992
952294392
-90445844
-571798844
245445200
-361191396
-313413284
-237738336
-336847680
-114698549
-387825450
6250573
619644511
-189571200
-141834360
-468043863
-317691780
-59095764
537298398
37442867
214600710
169461812
-848919909
-406599099
352125396
-23164672
202680153
597695037
495729840
41553640
48756192
49202880
948288064
114881300
16937002
-144096623
242266207
-123498195
-68816154
118760510
-444400240
-653256384
-35339536
38218709
590551863
164806552
-25533746
30332520
408959502
194733356
-13968916
-124150131
3971592
-350236470
-432503456
184214990
-626792350
1492848
-261242280
140142450
-54231630
-725813297
342208880
11263434
521290959
-656913218
329829696
81562441
-164595444
-165165695
490564750
168716742
702004513
-90675286
-544765364
113826060
438858998
-285591495
89631930
99549297
319614484
-66815970
-41918712
-579452940
349824584
14652069
-272771030
-563536738
331931885
541674812
-61933936
-238130431
633884592
230746600
-32155149
-444407280
138191274
-526560950
56352440
-48361200
17438960
-128846592
408007704
-59875268
641824104
402227280
290457324
-114608466
-72104576
-55065528
-284014752
153872985
-510616621
-215052320
668538080
-80192417
222797250
260794891
-235732073
-527320208
-146165985
454779468
-756167501
-55567190
222459688
124593903
-367488476
878591232
237822900
-643769776
369485064
-336239508
976
-177930954
-20251308
171029885
-297933300
-384410020
-341101730
366208720
76486214
315763308
393308208
53855890
-581026176
-59190016
292102603
-16438626
-441406800
-1029599654
-139997856
27610986
-552882730
-727219755
462006608
318371570
359446503
485568
-804502370
-133716418
-439780182
-224562664
702040296
129133540
-805792920
-1049062637
-179905032
-8373156
232311625
-49866860
221487500
171428026
-105923727
546200688
-3506910
-68749089
-716815790
650865180
387583364
-199048000
394204606
13902072
5245884
-122000666
-432037160
443795246
429846816
-26351104
35854782
-860586261
81063980
-276931584
15504307
461600035
108356296
-315069152
1496226
430351140
285377064
-184855106
95700100
182874600
-624429750
-716650827
276217672
8499935
501627352
-318333974
488657812
-471034122
-260724780
-534224847
-475206264
-38884817
122249645
110391424
-827391990
12132036
-81555350
814277305
417167296
103015305
61305115
-448322589
22197423
598673284
351490752
176814260
-91775421
103842301
20055524
-23370654
295418045
-339638205
-54777002
89277890
84936745
750204930
717482610
285718122
-32593680
281503624
685865532
-314102625
84602043
-906409920
-50987640
163294200
344523652
34001044
379641128
630923040
-1002493488
695547762
-906912784
-489645360
-1267984
377623589
-58295068
-28028800
-465495009
103748368
-167477592
-668077050
2378579
-124997431
177292345
100112818
933798780
-28233447
493766756
149287788
-74278360
437487228
83874828
-90692136
158500870
-211903680
265866048
-134128425
386106885
-44928730
-195865533
-407679696
-47369410
27845996
131214140
-14992368
-45774599
-219837368
152354964
170352820
-2770119
279272620
-229025484
-597903014
88725260
-717266388
221300064
-856932505
446387380
677759121
296784216
-195132375
2435104
-786579750
152083260
-116689680
371610477
-73807965
-119240873
-125919216
191404188
-66174157
238140000
358720944
545078380
439427520
-117132078
-131403695
-60922072
-98839239
218872440
232689267
-438228390
-172477271
650618940
159972384
197579005
105046974
-105411416
229367201
-264350064
436581318
32989740
-311487887
290607300
-570177975
-80880618
-1117008
-519450000
67362890
-525888870
-42488800
-21888732
-423190812
124062832
-53914400
297861192
-231049346
213135420
-6895098
465673920
-589254752
-269286129
-396833228
378125507
809983132
-272273027
-137585048
113012432
-230079542
269082996
-506569914
30760016
505917768
239030720
410551245
416637520
-113885805
923398005
124845349
696053974
19953150
-58353316
-85478022
-670366260
-241420704
45803223
24117891
336021840
-35360080
-417168492
40169610
328964901
-288757632
-465222447
295657692
-421965705
11867370
-6539286
328957867
245087937
-407300912
354273360
222061230
-197610315
382023557
-225781906
-190079622
-306176032
317497878
355174320
321647722
-813949318
50883192
117938250
394958300
-357947220
-395632839
335182250
-247102752
111399684
188345800
-4487560
42857100
113254799
130453674
-57718792
24919466
170032472
181035118
-31090008
426743520
-132232750
-207939908
-176931968
416957822
-58249926
-439843812
-285019560
448551920
-13173750
-132062200
-320010075
25630613
1695498
115852212
401852640
654201054
50953401
354153625
-14380198
463620618
-705597858
-202141660
-184819923
316077825
-269310668
165069742
-190220258
-18379078
315322875
-221651640
-19235100
-101726678
936183964
683714296
-576455488
-81843069
-164441238
-87835083
563540350
88375062
-347052720
-17327673
-503012425
-823946154
34138720
-422610474
-36254880
1037232
44417136
-557683860
188134386
552418410
261403278
-173418840
-296626512
547174368
-35832588
725852400
-127002102
204855904
31278950
200452610
-720559416
-4913850
10134420
332903492
426801202
185842188
-151881840
-609131000
-713614080
120357600
913307082
632102079
50871175
-33052248
69161372
246596310
-19674766
446964240
-147526856
184290345
490122388
-285405669
397303626
114072140
-478970880
-523688934
-891418840
-27272424
12913295
8985168
283065496
-448064058
28419510
328398840
-385116224
384860160
-279894468
-603397060
38860542
-247671816
-913307283
434342400
2928565
-283170480
-365378950
44036480
-329667212
690493589
-85446306
1152872
142320393
-268516056
-284797257
483755362
-152000399
74894074
-243669455
-12340431
166899915
399138189
130763995
455923872
-435876144
-624990
-77902704
154547442
173158435
-101630880
-394988000
-444886301
223551393
365075175
237793236
52839456
265475808
-146157830
-101015240
-214331663
-394247763
1645644
381166044
144373720
51084915
-89518152
20525840
138043125
-29950600
38012832
692560872
-293711040
549302949
343888608
601719024
-485967216
-3102624
-327760743
-128028568
-274789302
-657292425
103735856
322832016
61485600
821905234
-15210716
41746450
-107662272
-340418190
-247023468
328537948
-21084833
761613672
131412144
-936562824
778885734
98397131
123853800
-106058190
-541783693
408152485
78037427
-78922200
-100074120
355421136
-454691637
137236896
-1176825
-399660256
88467335
132680937
-305166554
-406319472
253207394
23577036
383415960
-386591995
-181410796
-66062256
207086665
-100052376
364850908
68855100
64919905
469377461
-293640193
37064808
-609711833
-437909719
-820632748
904187412
-107935100
135194584
-774688068
-13073547
210394944
-350885160
73096800
319109175
-426196332
15159784
-297468560
84760634
456459010
-81649776
-271887885
-234214156
-17733686
-485712218
-240044640
-243120096
-113344612
84382676
-145092462
-204235020
-6515340
-43546418
-45029474
33775210
-617880375
-81248778
-305769888
30387616
441688630
-336800496
21280260
-297348784
1427850
-771771511
16920536
-200662462
-38976220
407779680
-587057600
-117313760
-1026420954
-731259420
182853600
-85500558
-256123950
-82199752
-23013818
621075168
-713850473
-236624300
-424136982
4948955
295119180
-658381352
-267641771
-662164439
3624896
705650922
-81400032
-303432052
118523440
-477245988
38925480
226425000
112385602
381144400
213261628
-71990730
-115178610
57624480
-607724272
-553463550
183677936
