1000
36773534
-157304460
-52866711
51759918
109901313
-245427231
645236480
81848795
405841797
-26876745
228583800
246308214
270395301
558593945
1007388479
-398713443
58858950
-518133876
171896278
1652400
45181292
-698319573
816905040
394520872
-23118270
-587897037
184495950
38949414
106645176
65670534
918113
-31272528
28244260
297867152
215276460
-6796376
8172890
203298717
-15776696
-221807285
-746064818
-195157344
45727660
1946340
-56503276
201920946
316124264
-58091160
-676987974
-47588374
178639344
39311478
-58839396
985941894
-2246392
534318570
-374523216
136941625
212307840
-322687176
-148481910
-48812870
198468263
-83380104
560021560
185626332
55459560
179930907
-621703040
100968720
233764340
528103470
-19774146
-89663950
25061935
-412147616
-1922874
64875249
-90345408
465406455
-111354436
-47037832
-232981122
-153630400
78551328
-243339649
456904122
-846406936
-16261226
-565192250
-39504000
-653567805
824081375
77200700
327217198
-338210886
-5386532
66000024
-209449318
93966753
335586911
-411982605
-67567423
-107987971
400087732
152685744
-259396320
-187930035
39135150
383939475
-635606527
13541563
-286633983
-216858811
104978143
-70396128
-490720638
579499944
-168591150
-250365520
277185758
-62690978
-391312922
95829650
403344756
-574688733
-140382990
-306132969
-452848293
-25966512
-312710364
-217053081
-380585370
51247650
348698450
168490400
-136078682
-129811362
284075868
59442070
63525982
-397116252
477366890
18764462
97014993
21929384
473813184
-82892705
5675312
-563439
47007072
-234317070
-62527206
-70196544
265861200
307215030
374841956
-32743446
-66482192
352551318
452067325
115452936
71192409
291129057
-275366000
-300209995
-48483105
220876350
-974591443
193199968
69156855
312002496
-112901562
200275625
-370053180
42070592
194422100
10857507
-91851216
-476175
441160748
1064542626
-82320720
-159778509
169145064
927780490
-223927704
-247013847
7252983
134141048
41651665
33817713
-823279340
146527872
-234333979
-25242048
132980460
-13118511
120784900
-68828329
-190292032
-354619824
-309371115
78408135
-26961900
761504138
-555186775
-80322118
-324248390
377089830
-165769950
-381652047
7757400
286709600
-580908720
98555028
-211602699
12755800
7271517
-493022361
108085415
-634826556
888993120
297656334
-351002925
-180433461
855998052
23681969
-109386423
-434211857
196159548
-216610251
92457080
214689752
-54323424
-203332233
440047552
52762118
392489445
310946526
542771073
-484418606
62614935
-141388520
-640103340
-178820600
-348491229
-1151504
539772628
42488538
-290506500
-171604740
-650499696
59842280
-533462484
281341209
-279189092
178728000
-199300752
-140179140
-138474387
138522165
168146944
279771585
79529224
-61673466
-378202684
-257780985
14818617
-129451350
5280028
-128082048
71980776
665408740
-91562272
-145122840
-631779415
648046572
-424282188
223109700
198090630
-862724426
-276101004
-267467713
14426076
620069598
-121307852
-133674537
182742102
-337804551
-90195120
602437920
142343968
-472951500
179182375
266728104
-657639092
-148291452
-684190436
-827683614
455129363
680333432
163964976
53398908
82761750
56551439
54117700
-379588482
782163464
-386537280
-260293990
-413288436
-191411698
283955181
79469048
-791966838
-135088352
377675760
387900160
769574395
210971790
-882334732
-111184920
-604886384
-61522938
-546579410
226523654
-759072396
164378256
-161784715
-345425190
-63574063
-892278677
-12162726
158140952
635448174
-93411923
41032085
-404818942
-2417940
114456106
-877122589
-25809840
-279850472
-233026792
12944748
-110827520
-429602034
-44656716
-448239792
-204809546
-181900680
-19320093
235383912
-725894715
290878560
-365694252
-175764810
-268479666
-250233660
412397505
-203730084
362722075
-45872190
21985728
-402651312
22590392
464161344
-207608552
-117580974
-516265146
-41691540
-203598705
-22888200
195019344
-266868238
-791505720
57020502
-125320832
-169255487
-634338542
407852120
-213887520
-113396221
55608224
-74797670
-331464008
59169860
-41551662
-35688675
-549077840
62804295
-369990719
578434176
-15375712
-269022264
-46900242
-220133641
131967704
555446265
486884988
-8356180
190589516
240200686
-399317834
189037992
-199718928
-237164886
-817856490
-74982366
-263694955
-97417694
-410887620
573127450
166374621
19433853
96430887
-632754420
53326911
-638675346
-291711664
648066048
496803138
-101986479
-487486350
888371616
279729815
-34792312
281693702
367319427
-810812560
-107855839
-3012009
-659279467
-121317755
310808764
167423940
-704233356
-25445259
776641593
639977901
-9348174
-486870592
-542792235
188080823
430655292
40686756
-9336500
-364773528
178025364
33758590
271156908
-324382759
39630400
-104141400
155017109
-263368497
-415263332
23422776
-3649002
867996864
-274000170
150825076
-736173214
-322944995
817288704
-50417800
-20518173
673772330
-81784512
-211772532
107289664
-209557439
-285301744
67885609
-563661112
-240021120
175786605
460174407
533302557
704581927
225420663
-352580202
380715712
531128535
-245296128
798096849
94950060
-342748700
-369563028
209935341
-94313856
59788248
-9634804
-287894620
425879433
621171636
-395510272
-313034220
-843598085
-953432592
-323769129
15243095
-70076006
738444600
-100627212
-15743500
-1408244
622547732
-565188732
2930556
109409093
5088742
369035191
-725564040
-69181398
-589780870
100043100
204688990
264909104
-25634452
213606840
-63399375
560076816
355780925
-75491376
455609721
373545984
-177515545
-231310602
-147168072
469231136
797257908
-27811245
-609306928
-172359132
1024862460
-283918084
166426974
349021176
5832266
204803124
173032335
383170266
-475013200
785641842
-259948176
-379660000
842452932
97308918
-262279205
108450078
-7265344
-14584575
-10299952
236770114
-169028937
84195492
-199220304
-87571098
174859916
-53959632
-152099514
907761692
320848938
809106830
-48647640
31500898
295332107
60529008
-472976196
130460328
349543612
281399789
-142420011
-728962680
78892450
-27200124
352047200
-484764404
139824495
-99499232
-678317594
373572034
338234010
835880664
-27630504
-47639860
526644832
-791438960
-70815045
-525754700
350951388
313406946
-9716616
-561077928
650645100
-455593145
-37988660
139725840
-593635770
-43624612
-116077392
-180464475
840115125
311958924
-38338468
301676438
129249444
25639040
119489280
140351260
144739184
-406284315
-172342750
-349138896
-809948
205207920
-127108464
-50678005
-123596850
261745074
-863724004
44280894
58039800
-413077290
-38124972
164117600
439587692
-775449876
-411570170
-336094742
-106732290
22565600
27780342
-271645904
61746759
-353395154
353374203
-593416345
-122500120
192015692
-293040180
53784948
480328701
-104958936
-326580913
655001672
437990420
524389360
-29348640
237122910
-146128409
4858290
-645722550
132331725
314305940
96456792
-44167890
117207238
123038336
-181025075
-380895896
-16858068
324063300
-104602381
27710193
445902340
-264940649
20417111
-161961295
-39010470
-39151024
120178292
-312463880
52018560
-167599683
-361763864
-99924128
-383149536
951493180
60938976
73433871
42108521
-240177158
96809906
-794031006
-117226629
-284190344
555880539
-609291702
-440460825
-624871006
34624720
-354045266
-172160142
-322354919
-17011390
536356358
11846030
45461536
-346068464
91140168
705524337
-207337826
-80735228
-555728444
302928582
310801481
19501020
40868424
-410744514
204716995
22324592
240124470
-575573096
-72420195
-600785990
-103328673
21784854
895504048
-35883715
280889938
151127700
68162655
-177536352
45914790
-409959090
-508794435
76801899
-228702906
-40244734
45589308
-762055344
76784990
-456982330
361207890
635038748
-107653044
24743040
-12633600
588031570
-94907709
17593929
80172690
206375372
-879165820
116321055
148994112
841364550
-180515280
-2966280
260143110
-27034272
-129489640
-106575320
511404920
-11797499
-190812546
555129066
-135548660
-207582116
251337031
177952233
-156856777
499792803
-151178056
302315745
-173050531
273088936
-806470320
145321380
-327134970
-22611023
-175366672
51814660
-185860818
574894317
125697250
205062858
-273750065
-300423086
236394155
467882100
-599030763
-547608501
200306197
28124460
-19197150
-595896096
114835662
-39122640
-213215208
54936720
115580267
-295892108
-584621536
925044608
-12994938
58085244
-373648075
-309360762
460750159
510480530
-269048857
-490767026
-266640000
-375909216
-207312512
-211792215
-67768928
-291526060
655889528
275055582
-208846440
-177706440
-11081668
161639460
-47370774
75578216
367665120
-59801399
-820821056
-694093758
-18237612
-681943050
143860860
-447782814
11632053
85139791
-253831322
-59268375
117602767
957108960
-119088792
838879654
-53702140
108018550
206945425
-36427340
-141215058
32093334
378533694
28327260
-336229525
249459120
528309270
284531652
-484741857
108092824
-377853840
-445550424
195936900
143141141
48341502
-58299787
-342716192
-126973425
-6279399
4874232
97524860
-629779600
-451489609
791365775
132107588
545981186
647439798
510543066
-299765304
-638620275
-154893550
682333344
873322815
-911103330
21525862
-30893427
-864647745
-897286056
-99034129
73765800
464574522
246001220
20610082
415927558
-438076624
-68861002
69954471
-148620199
-157851207
-58637592
381366048
-369879395
-926184
-62910481
-168159915
-282790157
819835320
17147565
-275426206
-295969488
361803272
-106825125
-551322470
355440796
172489136
-426014415
-275734753
272598702
-715050693
57246938
-380178620
656763024
109678725
58913680
35157188
-210825216
-114797903
-977297242
-434409632
44064936
-82941612
-77653422
651141764
-149372088
-397370774
48029800
511256154
-67446260
-129743570
-76236188
-322891128
-141340414
-109034640
15926430
-524573450
272863096
767673270
73097336
484407327
-90216560
34534500
113427085
515971575
761099328
302952670
-589276214
-163444776
-2962500
-337693051
-740899322
-83585892
-444851484
213306604
-53423210
-51063600
157080586
542392250
-387216450
-98355064
312731184
-18119332
615172726
55362422
-240512166
-13112262
-217791472
-581184512
358887354
-107638050
320410776
-471554008
-100693677
-136322208
434169699
445269352
-99758649
-82542020
-394012702
846421582
256764375
649193688
-456879728
-674107630
283814576
-733193130
193397190
-533598326
-602021395
744057360
451785268
-1040369232
-199885940
-287188990
615279465
52598031
336021451
-461615100
291447486
-154420552
-23046227
