1000
142478172
-140706904
260408820
132741700
-439300940
163787526
396824340
558653552
-69692136
743018280
624395520
-54162432
-47711780
-15710040
187223764
15888180
-726859728
228208208
-137008769
-836709759
-202021743
97820438
-13425750
-198328068
88316371
13131972
-2844296
3464176
99425955
80297781
-38158830
-346795317
-2578829
-61735926
277381715
203566892
-118564547
-437256468
-358056720
-442993806
-430750541
52560237
-503433456
715672255
302639500
-90177327
-341834627
-141743497
575745246
-6806481
289104816
-249357197
78589522
288822040
-45224739
-251123952
13604958
141284848
729138130
-46666774
-23664762
-335272744
571799248
-279330693
-291022368
-214348848
-23125338
66491060
-403930350
-49178640
360121827
-45524623
-7247436
-94390465
-942278128
-837835548
532975556
-367686979
-349890512
-595143108
79811484
39557700
-671349525
-309854136
-81765549
79503424
-1014128200
-91835395
-453123508
74555871
-203460180
-740707440
-606536190
-13095005
39267250
-517758018
-367068130
-70700784
-25615408
-140840370
528468666
330317204
-17016750
27374340
-251584113
121772106
581104056
-655586598
-307898875
756311880
855300402
113785059
-17614584
200743977
340928780
285870824
-132153025
-998400
-39305240
-98805168
136251670
568871163
83303680
380139562
271992767
716469575
-389130500
-345337458
-225094596
71975242
-1517251
-308535120
-10770288
-84485268
-25915792
852406815
-595963956
-51381330
19577410
340584812
-45367236
-473368500
599742803
25682576
157216032
331241484
85547834
376118666
-87986696
404401482
48978630
-16156580
-12835986
772019875
470496240
254025396
767920755
288579000
-147797898
257692975
-77051157
94372096
-326452624
-216397197
829414080
267423408
276605280
159171069
-9404724
21299928
157999050
-420327295
-270515752
-511589052
21838752
-55151248
616390440
-220249950
-854790234
382094219
79529850
557465736
-560673554
328860560
-261421112
-938199095
-545163144
12560202
-92905786
379120604
-462507500
-599124551
-242438178
565628970
-121586919
547969300
189901530
189896410
275127636
543107019
-6236398
627040128
-15773400
-56403450
334788069
-144550897
320462900
-113144890
31993644
9703029
-491064222
-321592900
-42402150
-130571064
58777980
-181004032
-228088882
26054223
197387295
95389270
-13998112
371377207
136961531
81489822
71490000
-413659323
29331008
-49246866
155309100
404638080
71173969
-265668231
340090274
-119002496
-374736375
10378378
311164854
396914768
-97564104
-189760144
475359486
666568812
-145951910
52823780
16583952
-852528157
-61399800
704846665
-17806958
-767984706
-566756868
129634458
126003558
-247669912
323925677
210404780
436346436
268546460
14394834
-502494514
772454013
-247230082
-828945039
70797221
-35021157
342381260
522475370
-516055298
-193995738
-142261272
-665548884
-516688788
212835380
-192453275
345936276
489569577
-276681620
-562787514
169821015
220045881
16247308
269498016
427715510
24793119
-145261435
49707576
-79650816
-16393950
120922011
664387600
-118995128
157895215
1491794
529760758
-221997456
-723780132
718550404
186236220
761544882
221459358
-23982733
-42584814
245941136
-287432704
152299378
429649722
-308594455
-11138016
-434806470
-572445236
486566120
-503491562
-20445267
673786689
127836300
175925345
-43600336
363355348
218936368
-685878432
-172766160
76376064
118226024
-267180420
-152887760
144070959
209054490
-363374859
844847568
234670683
602875896
-456963287
-283292604
31004320
-44512335
-421048128
-595762974
71131304
-19190895
193182705
-72903030
32414989
80924900
-356896844
443548415
-54139196
-460807596
778717100
-91799660
497700
-98274129
117494784
-440592084
-221894370
-21623708
641020556
-38775291
191199375
-23595605
-582372230
7470669
-144328734
938954157
194236426
-576300051
-538147104
479565548
-682836615
-239056664
241886205
-441411904
-114310
-675513270
-151468122
547593732
914175207
-588005247
11247330
-59462808
1798682
-64945152
-804385582
80496312
155194620
-330831440
-288898005
150961125
-612823904
80697711
524220408
20440344
410635600
88946380
550313829
79530318
360291456
-21205990
54539214
-399636592
-9148464
163267830
-53043136
488453939
100407450
102391337
-313049520
79240056
2855760
118389168
40927545
-21834645
513838080
543443975
509513986
-547802390
-571611502
701409344
-704989896
369977489
23598963
33654078
-31267158
-355605763
-212284800
-356206856
5922603
-305720844
-53534208
680490599
-76451704
-165986307
-233492003
-111575730
507620074
-448811250
-245307744
-1689120
-27019488
207814200
398771184
715567608
379608656
-146038704
-614224573
384517530
-132393656
-122110538
233861800
312471783
-213116048
-296296224
-293068489
69571394
-96556473
286076616
256245750
-437384064
-125851200
92432928
483096278
-2309500
-928081556
-169477980
86569609
1036554342
446534274
-413391460
275097219
214088976
-517766998
-118978152
18642895
-771992496
-5501916
-28384034
-21282676
-135190992
-783585482
-76522680
-43984055
262742508
-420364119
760925368
200607960
-718671312
382292757
137840725
175759790
-143434200
333968350
-43637118
80132752
625761598
-146788992
-919463714
65099715
70140600
-476199360
21368208
-193269580
20474040
119469648
-3314388
-163150848
-170709156
390360960
28662304
-520095261
-191841456
72086670
-351100320
-12593812
-73156908
47243025
-300339886
-18769797
-260592416
-43480746
869229304
-103753298
62510472
321220935
58805802
-116429568
-529044043
-172414020
-630404745
-250010340
228810540
357115222
142946594
212463328
71088538
105914688
532669680
808207200
-171505032
415574764
11512785
1387722
-190529691
-10723080
-85419500
-384269466
-123947204
-416772980
441860511
147679245
323773632
-51208837
144674542
-55327230
105281000
436841125
-21446500
-551017974
-778662220
490955472
-438702625
141090321
605186400
-80062668
-121874778
46767597
161080704
518684308
-307128960
-306550192
117883371
-216575238
781209975
320008533
-47828250
274663065
-197731681
-228837957
-607181936
455715825
74327770
-115124055
598457300
306119268
141270577
125158028
83769846
-38690322
247369544
327540102
513154980
403661503
-403889791
19598016
-75979926
-422530189
335129608
-283866
-33960087
71351110
-33850432
80866520
218610429
74449809
102239035
-576020808
-245544600
-523045964
79527096
-25187778
-477138112
-659533200
-215146388
-83136122
-601763444
101395989
668435586
74349432
-750363666
213938670
-712416870
607522084
573824358
195490991
222466178
247558299
35596960
38619617
-221128605
244875408
-497115178
-346692390
180344318
-257634136
-581243600
-428727522
329146500
845485803
7939888
339590345
-245554920
-496938330
675113088
-286869866
-78157944
156606048
-132298824
449805096
-41629005
-236211720
-132542615
30215199
59805304
-799390746
-5872416
445466628
-348073983
-2678263
525997732
-247174928
179906991
100453283
-234035064
163698306
19717229
78783406
233343502
-816429460
-106352442
114274672
-368764158
228572259
355280982
-368354088
-236225808
221257152
-343902244
117196860
94548318
4338516
528830693
-47731082
-645917140
-385559832
-23806315
-464437708
300152810
-172103520
794477073
-268710766
-452520747
-337244972
355234425
-8175735
244033677
157886820
-222033410
-682513224
-809977176
540776862
-2167068
-68076945
72429840
-575148334
-355543182
408394539
306188928
-463061790
524142288
-199935450
779313774
-343243080
10995372
108883845
-393331490
191951319
529662804
-61809345
197364288
615129025
-6518360
27150311
-158646750
783941012
31135540
-13501518
47019042
641012505
135145010
39263209
94050655
976755780
-301438082
548489880
175510638
278358550
107005388
-74614848
176200658
-200700640
595282464
-76289955
-67104630
262714175
45627360
-5142228
107725744
-155491344
-682139073
-582842130
-530257596
682002994
-211275680
192138730
-599803810
-138327152
2625972
-33971808
437179136
567495258
494593814
593689345
-163985505
-12228433
-626788027
-4737792
69475420
755077770
207655162
908120618
-791991711
-73320120
-273350460
-520597264
-28153725
689972959
-109654721
924057512
-10145339
-105921978
-105325975
-513192294
-33843752
134887144
3013296
42891260
284559688
648997048
178129350
195023730
72448338
-562976688
316631480
-548945020
-9611280
389808336
-769176752
453481992
15325470
-474736310
-198077176
14015369
782170340
200277873
-414797856
491748
302978430
24393248
222880979
225617771
655056984
101873504
-447566051
-51110969
505092728
26758157
363544704
14397691
-68254340
540188740
-15537005
625333500
-331853182
214184978
-7005648
-400457826
-80981355
-706716660
739014672
-28288553
123805206
-180715876
-107750786
-383823206
41794844
-328966950
309814254
126545840
111930336
-28961016
826128135
882095550
79983642
-83574813
-231837920
-37372316
-20122839
-17741800
31475367
525314874
38133977
-960663532
-269378870
71936508
312406281
425218280
-318603723
14193268
-470057216
128315896
10415337
498489120
-314655593
58073220
-428590374
-200154464
628413957
-96653628
-502337808
260968180
171484880
305552172
30726302
594561690
-2576016
-32482602
-292309232
-131972916
602164800
180662550
314813785
497556738
-890778219
198006620
151434519
60627265
19835628
-425740350
474097838
285028443
-120463059
-150896830
-5946980
-73876936
-78253100
627754308
-95864658
74363724
211335300
18802875
-424978288
115557652
-164254230
-308869550
245487814
81213372
72639284
202445364
20569864
-44273716
-217861290
617266518
25443576
971315418
578137534
232603200
84215420
362445664
-55345848
-754635392
243589780
-959024490
-683466890
-148745179
372414891
306164691
373331686
227081920
257506095
-701894622
62801280
-79081036
206468433
271773177
373550625
-81658395
181996812
-3822735
41315538
-867155300
505252760
-136515792
-399066138
-537940998
-681224544
-197171260
-293442132
-716507708
158497632
86244488
-761033735
1013772708
-183089936
-85993000
-78933816
-80681042
-879362589
132829117
67920735
-489789092
879092
98244972
-377352400
195157280
206659225
379475834
-83210510
271669588
-23703470
310376780
24302760
23409477
-349258910
237902301
-305949266
-480543536
204349464
-59313414
318625307
94495956
-114311568
1047554568
248529468
547629264
449375287
-160135464
165006220
715040260
119420255
-44931386
26789088
32824960
-93682512
797717544
776882376
-52178240
-368183928
11870550
673985019
129394338
-150081440
-737721270
