1000
20056442
67201300
-359943360
-92193702
-380351440
13546599
-31765178
-580904234
403325533
-30979032
315207200
-102839800
328287924
364662315
286680303
277285995
-458668311
45707110
20762768
-743327266
-5851868
-18353414
-902412173
-598202440
934094160
-775415102
-80693718
-8938356
-15415290
4447674
-6092152
76750154
183721872
-173985280
215679240
-706005696
-517137250
-133548610
121377555
-20033966
-697366634
172647189
347424792
-113669010
-46021808
376685500
-565639605
81656948
-72733626
-13814343
21651616
-350352915
-260151735
-6137421
-303833418
277236383
643626183
-425539512
23832351
525551229
97244160
20476764
169802992
-275189642
407177376
-3831472
-587357063
448217406
-114345847
-147665014
54643804
-594578160
-772028442
-315821862
-543194249
176302224
-8326692
-154554208
530237584
116353440
-534114610
-23443644
-26610330
-557698440
-61001710
-78697080
-12370305
187571554
11723192
-358928598
72240650
86248434
58501288
212188560
222584835
883996287
1337225
-94422
114188635
-785477956
-56029920
-68647680
-7178220
-285579645
1906728
99327987
-19701786
31965852
41144292
116803929
-211627179
151417698
-231463283
-86798252
34911206
375454620
789993490
-208912743
-248574672
-249401537
-147483762
-44933580
150726828
-431078870
9022183
863099440
540320323
-41713476
-97768320
-12994938
78346690
299308692
280903248
99233046
-3832854
207141220
-512637930
339647577
-565427844
-135568191
-122753835
-410328888
522124785
-209758268
-544591532
256938082
-128467350
720171580
-211053254
225368280
176400896
-433209164
219390125
-139779475
-663126035
-666603964
358121450
-109908228
-161630382
-419778018
647863668
266341069
-908841654
-199455574
-266503254
-182691267
605810484
-163659402
-442323472
-86410472
-462555720
267587340
460501818
-81806560
-619152240
-181267296
31253360
-136347381
661920480
33752732
165618159
-91282473
2090781
-136593980
-537973857
-154656025
72589545
243161919
-301967328
95439776
-209505360
-50232420
-45240972
509601600
-612581855
13341546
-137441792
-503575485
344933118
4006002
8152592
214165776
-135438624
397192873
66081202
601141294
-236730846
121292636
-69078381
-207183738
492512020
594269595
105374840
-132277760
-687386310
-271369386
-65896255
-158086266
60690292
-316004150
180674940
-167366445
169751408
-5294079
-529745436
327607456
-11435127
-245016810
657246252
390004875
-35646239
-124547899
-35609057
-516796214
333578826
-17491020
405195210
118554928
-171235068
46411105
58902606
47581391
-185019786
562108400
882929322
-19695520
162938880
275239001
-898590902
26014080
174708544
349830908
-76295562
-20627273
-185706800
-825780467
-331041134
-173611100
295357440
771624288
327277272
-354374380
-284433280
730961826
-175145040
292952742
380630484
83857710
-659120638
101735200
-50348720
-233160848
-13899354
-2835306
-44052768
-338860368
5257216
826174800
-214197530
-268769858
-508385268
41805984
-114266250
-481648076
318667520
10692080
719496465
34627208
-248911455
-283551912
-104077605
-421836898
-352168506
362625891
29547128
-121686288
164202156
238239560
257721666
-107537008
-584327664
-230110230
-18587868
-191646712
110137414
-102166118
-721270722
-271919404
564318467
-172682390
-150981534
12181470
757600377
43983
-304457624
395691875
334173320
-418374350
-1358346
-79364688
28694939
-60826168
219770574
-384092548
-713197360
-30831680
-127425090
946452444
-34251602
14092452
138644030
379624739
251130112
-404051214
-508887198
244366640
231802854
-303837828
-802357920
-362108520
-141689886
638617016
-30205934
1895484
34541146
112677009
165070578
-108792225
44858744
62115951
86700450
849870239
312697956
-522841218
-69076470
141203396
756403100
-494112549
-782659812
-84246219
-56869555
87711561
73910840
-208407720
-491563775
67213146
250536528
-36635373
-220706192
194530680
-545611184
562751028
899958750
650634618
371203175
-191210250
-445472475
-642149970
101062786
100439724
-540127980
209582472
703424844
88039593
587319436
3282440
521840583
-134094976
117741700
-135465144
-672003960
-2073564
406494429
27330669
-315173996
3437850
-145945528
-345834225
9557460
3738477
-550016334
-87009149
136699072
51669680
64810200
-517185521
350686371
943556600
88854975
-254763180
456034176
-252519989
318830118
376786124
634870549
-50446080
-55218415
622264280
-14764662
-376405043
-281396400
-888951159
-233015505
161350014
-383480840
-329267620
-73100324
-244938771
-294784456
52441642
-761272680
68141340
-52664220
-13019643
-245485890
122054639
-531537567
22826016
231669225
-99317400
-25809527
35621940
-689712320
238111149
-268144702
-106589452
203139202
-499734175
-506131461
414074100
-238462768
50484720
-673822596
538367767
-435248665
303999372
-529647040
-53525456
-246538344
-129594480
-184462980
151320132
118919174
419288496
3874217
505450602
11106396
-63891003
-665993225
-511037214
-60076590
127459470
264594330
-15134634
-178941795
9740304
324814966
221351562
470725566
143249251
-50618490
-102886329
245752716
110768014
-274996386
323497808
648279215
-159316248
103648320
-271910604
-369145053
135598190
307394880
-335583784
260476376
170385151
250479507
-843539130
-216703980
179299250
1248778
400798820
-372050165
-276321968
-335507112
505952068
225855000
-144202750
290194639
-64254866
20763754
596431350
305844385
393450134
31911948
-338252439
16575021
36655472
-606096920
-398694888
417034416
213730800
-381521392
-486855880
-206673513
-586341458
-44567811
206386215
-654854966
-44490842
153635328
72638268
305270208
-734484465
399386955
819629760
-659758060
140310873
218971200
705670450
52232228
-849050982
-62954334
-211198535
292986018
730592878
-85761942
-596353510
-917260753
92256243
-78974639
123580974
31265514
-400022448
286172302
-36017784
607620816
925103596
-626029502
-30253944
719428457
-562336910
-128309775
-277021400
-264284975
-691912611
-224135274
-13759800
-213563540
-172100352
58931635
569322012
68196229
38634840
-898403246
-47352479
-393039120
-1031099
632620773
-73182384
790357700
-671199200
114094201
165119823
-89075370
-95872112
703635642
168579600
-55969551
384996621
222776071
27554208
360197925
-191951914
-340396198
87715056
-85667840
402334660
463265200
375359460
-343851065
13558247
425353056
-247048008
-370999920
-692356090
363821146
202502258
171701460
1357920
-261560420
-415843004
-82968543
116324156
269489200
570153650
163321032
74067000
-67319000
90287652
-100043944
559025780
50297832
-155643698
430803966
-694528868
-805579632
-695216529
424875752
-208273182
44005098
189583200
-218333052
-71456850
166402236
-297047427
700961280
142232076
168022730
389028522
-57078888
-55877402
4828764
183606025
-53421369
6967906
-27310504
358457110
588610022
-740072073
124861248
517365498
-654210
-11823840
-86665441
-1413984
-493593216
-183737921
-378832372
-55767394
400782366
-521054664
-432136650
-480879840
-2615778
99616965
-100266040
-252685416
-36266400
494984490
-52035568
83632406
131278420
120005092
-288242250
3343857
-753090734
342369147
-343333120
-287089200
-241879336
180142792
185027325
-278850384
126447813
52807006
-339118792
358887400
-212231536
-28519882
-106020264
307546008
-502808679
128189506
-244768238
-22793070
548612680
-237859726
811558785
60100380
5654894
65484990
49339524
162742580
-384087396
208870137
4686458
12928664
357938118
76515300
672231
122491077
-316126158
565456974
380555340
-69970065
215965530
-79532180
244715874
395926956
6556677
156995639
242970
-203461635
-15985959
248238720
-474889155
498834000
55185888
70451524
-421119965
71290850
4183900
20705496
8445525
598164336
-267167075
116394912
62034000
221932875
676720232
-454181575
273648375
-427242600
-241588009
-176405112
161688320
-211762026
-254889855
-341222140
343674648
-301778988
-18133289
4635026
30589753
-66539207
194075536
-228071580
-411870126
54131472
-676957968
174262971
255553708
8906008
-10372925
-233783475
171234914
250876078
337098165
-314218366
342109656
-144119108
-67722912
123266094
9511170
84893360
32273803
182470806
92688561
-639770822
-492644405
-79879598
-160118194
-66971400
-45019320
9405810
-250210104
252630302
-73399540
-7278968
-228111680
-480175608
86108022
248779692
855624498
12065886
-156570910
-318670495
356001399
505386230
-213984225
210870405
-504939672
-302093960
-776312368
86165163
-95692080
-260178318
232735524
182174720
364944846
-525843297
198139578
13029284
400002060
497739795
-135557400
-73151
591278660
-357972213
-13030640
-77862123
-383132240
-64423435
98729598
56908062
-12048120
157422700
128295379
-339752642
16002783
-19347900
-624947196
-90141320
-118236144
-531454680
1700076
-186244305
-320977218
707166720
553655844
222023970
314157312
-216332175
600665516
-350311507
7558567
361635840
-385763697
104987460
-16708754
123991560
-749148028
447696640
597695301
72629700
-105324268
-295331016
-313694914
868745100
-205430976
-164275200
423191067
425852721
-740035485
810991314
360735225
-503412640
132706728
-205515645
69024384
95665761
-135979743
-89990080
-60125184
-775781179
-596493893
325274796
-363763740
861090724
-316031040
91892808
291482364
1020864380
-330363000
-13876160
-132296312
236351296
76527654
-226713080
126223834
72084034
-278149656
341490672
-264605229
-160667595
-180934950
-52144059
-181423284
89638110
-434513037
817501158
-36660888
-3898552
-492008580
-291267837
-17306972
-147651630
-9881060
252038520
-256349772
36702813
-542731912
192317490
259844160
-710946810
-40077843
352159327
412155201
145965162
-209471457
203962210
-145428885
565821848
159563520
-44950542
481349138
-569311470
-553533390
-690302262
96810800
25917864
-295668450
28847807
442595625
-122488626
477281376
-756262
307732950
-43302252
5665926
-249353533
-184310910
-389140960
-3312023
-337705857
91714592
222973816
346624082
84994614
-402179886
73477908
-228439072
101696364
-46508196
-554634795
171240616
-311347965
-601003569
20499569
-192582024
6522288
-323155352
-392763750
62607355
86692782
-140533952
213436384
-3564057
-464303250
144866848
257262516
6753420
2917620
-62791426
29307600
-629007876
-622746584
433581595
29274835
-176705556
51260506
180279568
377755299
-39909840
-117119762
-475277352
-29906373
-304260535
-375003
246487248
869552828
-3184016
151421252
-495223584
-337179612
-334544637
11829966
-431701335
9316032
