1000
129398610
-644058560
4306710
-135612531
207870824
431704840
-100181600
59853430
-41447232
285864976
-563116752
-75187044
-55247514
190701801
83504208
16164763
-834404584
-722280729
-332217228
148392798
-560543196
122780140
-6127521
102330732
596585080
-80944521
157285873
2456883
-209502538
46692600
-13540852
-274620382
-257403672
-45996368
171329410
312169410
-259822695
94161532
170440567
-444763627
-230834898
-127327042
-327960005
50064720
-441489966
222840930
201472080
-257973300
70829745
176457540
-127271040
-243718528
-96655890
-733600184
-240181295
79759888
-449560254
-404954212
-141965376
156177290
-200205618
-184820892
-243764794
-242571780
723115638
659191168
221439309
10078630
548239302
-225776100
361409490
276603827
-297352500
-236951682
-303156501
50903017
22178578
177385545
-27762200
404000870
66840070
57146130
-426866715
-10294320
-287187395
-83251830
2063656
-895585140
-7294720
-24899593
324099360
-620901683
284162490
164557926
115592894
103469040
-331237465
-121290876
-725761147
-541968909
-546694013
983425376
-651445740
-44296282
540503784
-398832180
780354024
-514854310
-823396224
-629935810
267040235
201812700
801964936
-8780160
427239197
31756208
-251956278
34558920
178963980
-306692020
-285593871
-142328340
351310608
-649511720
-254871540
368190757
-692689026
-753161528
-353009480
-198867200
-205418961
-13605984
-46763248
722286600
-354017288
-209819959
132282480
343850265
401008440
238315938
786385824
617878711
-63737439
822442945
-294931314
6591079
-55515627
885846984
273437064
305385024
-375870187
686685909
197764281
49351368
451987584
-258220772
-120823396
21856428
299220150
159003520
-12543790
404107410
381627118
362886642
655812689
255798351
-57214924
-628658400
-841375796
-445061700
104116314
-547852916
37242332
-5030514
183604540
280693660
-871793350
296523180
-442840295
-216512892
-164777004
54588892
285018588
-259433408
233771940
113379106
-225789087
-26726505
349716290
-675198030
1030359612
416159568
-646449920
-36394504
-110834914
209013747
381582838
78850236
-27924495
-88085900
448997668
-162634248
12705878
85121474
434445060
-530303181
64555840
-177789972
312814203
366209730
185452090
-749607984
81832500
-55441300
454584
336649620
-54722868
43094608
-159246220
-739902697
16606968
-113392044
-211290336
393349326
381835914
38766771
57754836
544969561
-735303846
-53524874
686592027
36466425
1703460
-201708528
679232421
-657134451
197420252
-42426582
-660575874
-162228060
-356465265
-106041550
206110107
-787256604
253362133
-456048465
-184890950
-207488383
133227657
-292010160
-642093448
-215551040
-50635362
668615210
-707535790
380027614
42862502
29908765
-33340437
-335973170
332597248
-498130544
20967408
36331864
98364350
3120663
-301587296
309021102
333914672
152361686
-778961984
45659544
-99200100
12911066
531060510
-398323200
372754110
282487629
-226005872
219435318
158588850
221200830
-701614368
-515949510
183534723
-23503239
-973273950
-396199336
43920216
-561828888
-47076625
-163874745
-219035604
-93595200
-169480629
-169664052
460766674
439840245
-38534130
-21149748
-66538432
-215695064
-449762131
71159592
640836525
27806240
334533656
201417088
222339798
-167656896
-305530467
-64872540
422203380
140316540
-34242104
-87795240
-363829536
56729442
-330755420
266508460
-16849456
144683812
177186055
-512344980
251221074
-28286432
13437792
-186254568
-125351268
69694776
253987649
503805120
496829172
-243691149
564383192
-114239988
-9480158
-139490507
439883525
756894446
584948424
-162155520
-569818145
657063680
152271783
34197960
786136911
-341199166
730402829
300969360
605615526
150970819
-79672773
5968368
-152025734
-77042178
173894416
-32552580
-375382561
663192486
513875796
-726395100
-250073736
-40329933
265981352
-298819040
180127296
-27536094
-136620848
170786910
-244758720
283898574
-24761880
506893590
-41457012
-419386971
306522608
-229888841
245715096
-572768280
244985986
160092680
441357455
338333508
-230415250
-327528975
-647547093
-919947236
738576755
-536098548
594609000
-135538955
-162664419
83829994
339490100
67685674
467415630
-233071020
-2886984
843321856
217372980
-9640296
147716012
323748171
63975300
-374546956
-311612450
-11970460
610067250
-64033114
-456177900
227240013
13720000
-381556245
-309246018
1065173544
219134454
442534752
-563343336
-170090298
11124766
76434720
19167846
658181367
-11050760
268343664
-120537600
847841700
207457692
98700199
-278372352
-184244786
-740612460
537705366
-625325511
278820815
413911368
24996648
20751750
-177178284
94629465
-671117720
-44230196
2775360
495284915
176377500
107337126
-203393042
125560024
-237739320
-34694472
-259690767
-118348340
350668044
319159288
404981253
342536094
19982842
-70424441
-15247078
160252365
68258740
195981680
21237957
-178402082
386218752
-104028750
-108302024
335634145
-705753786
-16736709
-402945522
15491847
-589827615
-482574253
305765550
358684452
12439628
-148343290
-788213502
785874150
-76721842
143890124
4747464
382135320
-194599166
648395474
655638082
-251960400
-643916412
5712980
-306917661
-458444560
-77564916
244642200
877518676
360233460
123082654
-178177560
-405091778
889130576
739023040
145116174
713973234
651382004
-678356208
886085759
-165585240
-43955009
138873208
137190000
101665164
-196717320
763822716
-461867010
291867136
-16142888
-621942056
292451352
150602382
-643269088
-497889261
-201151250
83080140
33757874
476664375
-103723875
511850112
67787790
433013451
124885608
-31847525
663542740
199408288
-1046457176
43955168
284821985
259787008
124991956
36821378
-56258800
275697296
99620340
126896022
-29276706
-341110189
254570544
71997375
396069108
-505595657
32013316
53820904
70315365
-84596952
13387068
109687638
146945882
210932912
-539321384
688041900
850694322
115656907
82769444
33051554
-248213364
-22322376
457159450
-492325950
706640428
-93676578
-133038484
40959742
126165008
-353674899
-891576
-526773520
451740882
-332332896
-38917852
-162954678
189328140
75684429
90810720
749109871
-319439002
-87905896
-234561285
-297185356
-1012529440
-285819248
255285717
21746830
50332860
-242667220
261007216
70185333
86999999
38018058
115446480
-195479024
23221302
439054366
-69187410
-113554089
610309520
46535454
-853900056
-623874318
-63905009
-6361816
-283402782
-337478778
133956528
-20108136
-13130748
179915904
233797538
-213928336
-9605955
-204584270
-184145256
-36962334
667920
-206493672
869586672
-16902858
227183341
225295360
-860075040
-981907515
-526057767
-656756100
93535620
-6891271
-49442670
437612544
81997863
369228840
-84056393
980142023
-476859075
54064452
289689514
-287924528
-587287560
-501621830
149410926
-424126079
149326175
613746144
208619460
-212755686
11756376
-82696305
5897265
6331712
342187418
-879652824
9292184
-388975100
-379318380
-199146360
-696146226
-73946768
682687518
-118410907
591126479
338182614
-736833348
530295008
-43104458
37872900
-844978068
-696046208
296950626
375238344
536728542
98889795
-9219193
101415337
176940270
-15702560
-39825720
-652678860
501143852
-21067384
-103129888
-505060650
-46140219
54886832
-72348575
154301826
-407404865
-241894234
-262114272
161402568
-277427080
195904754
151433240
-139378944
-658613800
-7204220
711303556
109979540
-59853680
-237330284
898366980
-923502360
-668266746
68776960
551502382
-29389056
593650750
917848062
258523893
-527119000
-631881920
98963123
-178422864
-382956905
-357492717
-9178560
-595905900
59271366
-43823232
755001682
494527416
-155094480
600212740
-379355874
-86193620
175141750
418159168
109616976
63203973
60557485
-859124750
255376
-572368884
-79835756
267786805
689024550
-409220328
-378182272
-29062458
-488919660
-48459690
-539344176
29499976
-844154543
137031125
126397788
-48620088
-171508802
114678855
-670265272
-491533856
-195425098
148225101
48027733
-102968082
-67379393
-517545326
-76062884
396119376
65153374
-209258050
92064565
-272818104
-147424112
99697608
266946113
202664454
210481894
-522838770
143126136
251236744
-18075200
-435076830
-648635132
82762383
-413970045
-675556686
671419233
110818267
-289039709
-571262032
589244670
1003770654
-302342976
-153271144
11188752
-58167711
-645232280
-144898995
612017952
45479880
-421406875
467993176
36293419
319634082
-70082915
104884976
-205565052
309555918
-13505348
-560217174
101728132
-577118080
645017754
224694288
-436461696
247039650
-54296564
80289228
-13480215
119072020
503746758
633148660
-805822457
364689648
-400862800
59723060
38040730
-43425668
170132898
-736310480
-669409064
42510000
123257340
-245540113
82973104
25239255
-499122900
531941641
350388684
776618650
155586552
-179619202
-364908000
143930736
-528570402
321551334
-717121790
189645
10972800
-121052654
-606101028
21363615
609202692
-273367040
475381161
-319594016
-544526983
-156749451
-119388959
-116299953
-36048804
-991196460
-25221015
121019404
-182659152
64153063
298712750
-432386564
81586440
-116702560
-374432920
-846169308
25725222
-8769982
-216466252
-243710181
-149894208
381882180
-86815039
-50594896
-229005080
224876820
123149214
-32089049
148340364
-1832684
-124342240
-103995976
488091480
61955600
293153384
149507470
-395620528
263656721
375396245
-234138216
413173215
87676056
4357152
76859244
-199611802
131450526
17802759
427791169
965235417
-102822692
-63691875
-166878251
-178926454
183253298
104448820
-16079988
74225339
211184334
-363273467
-284400
385145215
109615321
387069676
-89190704
59440044
-36578867
-169021762
20208205
322780692
-228590847
-504718742
170714544
20688645
428286334
-203577600
-109150272
-478968734
346685829
-22847792
-44849805
880285928
407800783
-239977440
12099962
67703409
512678024
265960797
22367914
667058524
318905955
238924800
-165140618
827196016
-60291759
-921727820
215824243
-211845456
-88091780
-8794396
538132654
-462040656
162408730
-319642099
-46979372
294004241
387526794
-255706488
-257620335
162481332
-393159195
168902412
-41036079
-878611091
217875700
69243525
613539925
-598313020
-326212721
12615680
548243711
-33066150
301111875
48181365
47723936
-62010272
793194218
505963648
593203065
5770302
-162951432
610908750
-173383806
-376447680
-218506134
709334901
37635584
15804264
142965280
28715124
-31766194
-323893666
-31348674
-404530467
-386006842
-1531887
-277951230
-649169884
