1000
-421204
744654430
-41224376
-98102350
-566129623
-159811549
-196625052
153504396
671778095
172149120
326645952
-934717713
572108251
-482764740
-72174550
-659713306
135242570
262580580
-165730711
-235733058
25993800
-107668983
126720480
-829035387
19143060
-102199860
-15868710
-113312193
-93102700
38348524
351227040
-327143355
-143203570
736235025
128312240
-402889170
630234340
312342040
-183292791
66954880
-679118122
358146360
292768224
2626008
147439818
335577744
-168896556
-305260904
-32463610
1393456
38513160
102446727
-202609920
746315100
-239692637
202863655
263548740
-215878533
166047552
192244920
241408161
-48423480
-36583144
729919224
-335059865
247687040
-721249002
-81655572
189722140
421030468
39099245
89189883
-281868970
-1330737
229949457
-140030792
30232560
-29336232
332345724
238552672
781363152
115325014
465696096
47980269
96925914
151382790
-132136125
-255830442
354305228
-347019097
238328324
-660601575
-313956237
-120851888
-254410596
-529864256
130637808
-15369024
-85156280
-97190310
5904926
-33917144
693351738
-394103376
-21591000
233735634
376644491
65963880
168267840
-857208495
140361180
128862370
-574596651
-731726804
303086314
-230296549
-123159917
60069966
-413861335
-821368736
649601502
-183890896
-496264560
158239228
143384763
63595434
191742720
59341350
16133754
459114900
415838730
90646670
-444548874
372790450
540580377
-227905306
64029504
792196956
304766858
-226445220
-160222860
-331802432
-48414195
235054521
76418080
-196670864
423362317
-96654030
-305329661
557157796
-191620224
50954856
252361452
71194312
-104044434
-140927656
189632105
319903280
-589824620
81157120
40125904
161129970
334702320
35824320
-75108788
-245571732
681961839
-148541580
27753768
15352020
317253640
195453380
376580424
284410270
-28021032
155982672
353936870
-156370452
224381880
339296183
335159866
-9013402
-134321535
26964081
4637214
251462160
270176504
-806313093
-294613891
-831673535
308002144
367546349
-62942326
-329803550
136433970
-33877206
-1351134
117410116
473024184
-277145474
-472736379
-22342266
347385338
445483600
-62860292
-98691840
-153998545
-209053760
19286592
71280118
-75364146
462542800
-121126500
-95320966
-543262077
-117690016
-78743499
249237700
-187618860
15245180
-422787528
62054979
-386013084
14311770
-698398078
51061769
414365301
-445772504
-19722288
130551910
-11343000
-35245875
216253820
-49301075
-283342860
-681656038
-39712068
-91429292
693454968
-199484796
-294978800
-488913530
-302473644
-428124668
-33738
-237080304
522498366
-229409439
5163606
-12951576
-57053558
-450704205
149462011
13569464
-587179301
208242174
-237631740
-23312958
153571248
264060420
341218774
3130842
155025956
677842290
637131096
-53254506
183508479
440605541
-518192080
14027040
618637432
-303333464
-807051117
-382472080
-8420600
-671975337
77115854
-4900935
-219537746
548433266
709653408
247156208
485665375
-248879575
-128005332
561111042
736659132
-39928770
415719822
761470154
-343146440
-222631227
-390408854
435004494
-630901467
-594787100
102032232
-380957184
-61808909
27077100
-617820602
-6986760
-399156957
-647252328
-174780162
8743403
-93941250
-703966263
-122752808
43401598
606972366
626233720
-539964287
447070624
77783849
361147655
-107993088
-62783621
129611590
18064548
209043904
880464846
-402327954
464593035
772910502
-27558153
26252502
269760730
-20889536
-497779332
93545942
-2325645
112899316
68173149
1008125547
52501020
533289500
-71650040
-561971172
587177916
-92260672
-106613524
-690259825
-481961150
-707593509
189144620
-888247360
217647957
401330468
-75033513
277319116
-225905862
-117733868
450430662
404248512
144619200
105118608
-39074932
-300579513
29163870
-338461314
313446392
176722323
-148352682
-106909489
-31148100
-326697462
70806178
79580963
753070563
21434763
97242000
73606104
-116653248
-5903256
37870943
-356013169
-15354360
368461200
31183625
-17441507
837263466
28234732
-652786068
268790472
9988025
-106091424
-602829470
161845200
544772511
-307211000
-119022470
80721610
-302391845
-282682464
-435669948
540478413
-76709640
165824576
64603396
-194624388
731054408
121474208
83605326
-570905587
-38155756
455372484
-628948005
377116713
-353330208
-860593622
-136083972
-400223154
-6622052
-582519195
4368551
546155226
251977972
-22130613
10848012
135448994
-698694600
637377142
38832012
-86722428
-355788644
-152221055
574089586
173788474
-44186240
152644167
240613968
236301500
-305195681
-4122041
179506854
-590406020
-212012528
66697700
235466240
362022166
-58137983
324181720
-416894028
324373209
128225838
-102658246
292469065
115642284
-203424892
78062886
-972279048
-116606196
-127821352
124844720
-163807206
-178241382
-341806212
-63321056
633499308
97427052
-817936
110986700
181375998
376905862
-128768316
379648874
104647896
252783258
549819150
3888225
-171489334
82369336
9378593
89688114
-463498210
-285905214
81537274
33265685
-236255896
-691149144
-157736256
75622800
314405162
-105730262
-665765824
25380675
276966414
17576254
-723441979
-154696936
268533132
133433200
92116855
-18888483
363636
425034756
116430930
928418518
66849700
-46090143
930275580
61393986
353898763
-247058882
-331848382
-317965926
-343422625
353220366
589378841
-312127628
-32789592
-406457578
-275147397
-19949625
125257176
-35682416
255254714
497273062
-26429351
-478091776
-11311740
-253134245
260948782
285279879
41085291
-1982225
235491426
103418448
-266603645
-140423356
-154211295
476952576
-187380399
26295234
-584661249
-4443972
-163490087
570585204
-830085036
231722783
-530652580
219928254
511924992
356290485
-28089759
-136961770
-268058176
312239819
136365823
-13308116
-125781128
-587960919
47159550
130411948
403316252
-11522441
382538544
363205596
160829073
-42930451
1756326
-104315708
-44211024
140711263
24140025
-1555119
116195088
-20493585
-445213925
-131293890
-296841886
678040176
35709784
-139774660
59792444
-54299872
-150774500
-59585096
250674471
171670265
-79462582
488579900
48361990
123722669
157311056
133200288
362409818
338819900
74101322
151576477
56066780
433515712
-26120900
501185107
-162583380
292910631
148310656
16010141
158155340
314719488
227996832
9075336
-3930888
288620280
-625865206
-379748776
603192205
-290788803
-80971742
108936170
-344289690
231448568
260210689
142672684
118589104
-32188448
49022456
452539267
44728005
67088715
-321072357
-715980222
-222300058
-211821444
-344451531
158222628
68258640
124036408
440332928
-433192136
-89346134
417769623
427173180
596712614
-166225677
-275971164
-526242780
-435431070
118534920
107826060
-164209437
830751922
-750856380
362521796
-12732843
-340766120
54866486
-160121400
-487777010
522150624
90035451
15408608
631388520
-22057301
-41512004
-110500440
420904202
257197346
97405437
-81719266
-107062696
42450870
877341780
85007109
437215615
-839987552
-17913600
156669120
58018244
224681250
-298201365
-429555134
373935810
-24623592
168733719
-156160692
-87888416
-44184609
153552884
276488080
393720069
148050336
-97737224
999071367
433434021
62979590
132489216
233184093
-147911632
-29758256
-232413366
-41407072
-737905596
-181953000
-654715996
-368600850
64403322
30485160
-66243940
-312324608
-6378994
-50969814
148006053
-4441635
-77755600
315946885
33865320
952246784
-227310272
279449234
180487784
-15101805
603616578
-22164354
-531282310
547455600
25145796
896970074
91289457
-72101406
-101834712
-29997894
-93139996
-461922136
61054500
156245640
-12557216
-176384535
11453720
-95820900
248929653
423914130
585469080
-81775284
-385139074
146721780
-148466502
-392478148
-1139696
187841096
679048642
-196839525
709162392
13227878
-19572780
-79339320
-321157332
-529164792
127624445
-369677751
-136971494
7698145
-315925236
485955096
217611522
541332495
35896388
419859748
-425330256
199194060
-619746240
11045250
72469285
2684657
464544852
-449327424
630753200
-83185320
443442090
126567765
-22427106
-248526594
-232781248
-503569210
17604279
459339704
17932354
-10743588
109347615
764818054
-399100275
-389847016
-31448806
681899916
313584116
88344972
165966210
387504810
58012047
746140296
-292717080
-268765280
1067045
338106225
-277808180
123542874
116948140
602944605
-30659530
-13989400
-628693245
177156679
-63639024
-79571815
342010624
-288252160
285884640
149644493
-48345987
-269246757
92472824
-290734762
-545949558
123912866
324231712
19229672
307842130
265969395
-343690284
580747080
-402960712
315874452
524512341
-109938160
10680010
-467928399
-118166340
-426148472
-132357040
-81522350
630263728
16377144
-218279985
-147349710
-479586387
93134052
43335448
-80392057
423284576
588914742
70146180
-114027396
-199988895
-74667480
-200407298
42556922
120495888
807940470
227184790
-609527083
725091772
-17856614
113354850
568523046
598350928
-120628917
62399575
-199888315
50686700
190010232
388432296
334655658
30673510
311644034
-31328125
-9010656
183093561
256613742
-162821070
237423560
-73550687
-515592
149337081
168635835
-312913770
-200464684
-324831351
577714284
157572420
-28824308
-110490875
-355722480
-1062864
-403048800
319290285
-246502376
-61927740
565454572
321754857
-674667720
318319404
-66891590
-213719675
-227038862
-257855914
97732065
54712684
-570172045
353266032
-33097176
125854064
14683440
-22797600
-67823570
150275680
314264817
69298299
-95289144
437163450
-315585288
561775350
237795925
237185079
313559610
216411660
-819847369
-709064360
-25724062
89568920
7458633
434825370
-211562580
-28420571
594723648
-82506392
21986760
-531650856
-10305295
101174950
641261524
128731232
-222251914
-131653200
-26634237
365842254
-833505227
-39577692
-999361475
-869373900
187147608
-422896278
-28045476
171508839
45712492
-51396048
203930811
-57640113
367759845
-116276160
54736638
-401710275
-420393942
658339804
-91653156
88503428
136486296
-61587911
64039965
35378785
546520275
2916267
243883916
21066936
296775360
-40871350
421015880
11962191
61404520
635500488
-377052847
-380717265
-5449884
139879550
186519333
179099046
-307844736
63277677
303765063
315746576
61052985
-364980560
-469426282
7296690
52310960
-394499592
156302290
-140782278
237348912
575129628
698698483
81122414
15597876
472713598
-575384634
107446187
177632598
-178914344
-400252188
-266759122
