1000
-21339584
178952526
-37872941
20307482
423554040
-426518
5675526
8701550
-350438298
744927560
142612568
-296014430
406465272
-170700082
359943621
-207276705
-573792405
67679004
305881992
-682083440
877757608
300190605
-484458960
-672704957
-878372880
-106890876
-518506398
217214780
-385315540
4462920
-60879040
194450662
93519543
-2478120
98048080
58152920
220438570
-434517936
-192579120
-645580593
553840272
-175103856
-623600125
-7103738
-3556958
109961222
-287433664
-530855129
-37993617
493226026
-238078550
287581457
-793235216
-244052897
163623061
37647504
-448894384
-37238124
-338507664
-12866425
121307736
16885071
37783306
-288460125
-247645002
50133850
83017860
-447826680
-10977793
-104015568
-598490258
381429930
-420950520
-89988345
-543423056
-969617680
279458794
76709982
-311058495
-79786353
292112280
38938210
34871940
-293377788
534795660
148089076
-587931981
-597494976
131154170
-503142498
-611340309
471296984
940985280
354235200
-285233204
349702475
927225708
60974823
-292458094
35448820
-2067816
610525752
342993123
577686592
581092890
108818014
65775782
-12039231
152891306
56642652
-179587473
378040500
271472600
-34738902
-214187760
18795864
-306066927
1039029312
-155548816
9257472
251165024
442571610
3035184
-533979578
335287249
592082051
5692832
-39666236
158172151
395247040
-586618928
-484892892
242222085
-4117884
145610
162997010
23573452
-292608435
329902875
-290091108
-314453360
103890336
425339076
-254233082
150626112
-96919844
351722075
-835136346
-141726996
-377495325
183647695
-500772048
493254892
226571461
-79586727
-360338205
-832578023
-228659725
-1642792
1034793032
-163300440
-77598598
15697990
45004540
-600878752
-257994006
-38828442
124707900
285326796
-46974025
97880499
-9804637
-211552440
-22810257
-420785214
67210752
-774488201
-59904600
226735804
204846540
120775552
343727132
111480504
-51508753
-77406553
622947963
-650809000
802826280
-339797760
328358324
-7487255
-405206312
177438900
3438570
-341560530
-275128238
520685676
-109191348
-55953876
-144027408
77677776
-224234648
92102790
-162331020
272028985
-117672448
-7716774
110346210
-459675810
471191903
302275324
-161709719
-560794160
-38136000
-359533735
-439762105
-273357252
150650944
-507838464
-623578428
131047776
227206632
80698530
7421860
203664456
7106460
-85172088
10360462
-1547448
976990
-971066703
-210099838
-202185328
849735104
563165875
554729784
-17027364
-620744774
-367445816
-808562956
-326463135
-26696525
124359270
16213744
-744159933
-269151194
-129270400
-278058852
-146775992
-199149600
239829532
8223496
-1463605
770214500
1170792
83463478
-22511808
-59985198
8457172
-177629994
22241202
-3372033
632052124
-192599512
-697313786
-568152234
-103664088
98673448
659728980
-57703251
-288511448
173879280
100152143
-438724416
-12290884
-572402680
145473367
-38881977
-318403618
391735800
24992001
-281934462
-75628917
537180455
-54547974
-265569920
6781889
-99065143
-6318163
280150233
875875532
252497392
224628390
35636898
-371571210
-362774184
-314718768
-69889246
120398250
-499403589
377475424
133307006
-61770258
-62807940
20378787
-484874397
102844192
367942022
-211465912
18237770
82785838
192553600
348900648
-351077325
-532072800
-140168210
-559121052
17950464
-44528737
-125152704
-105787657
-478967580
-689420439
-12235320
-49501440
396219250
56180289
639114384
71496866
205952000
-52470704
-28267056
262313350
-497795606
-543995625
430971832
55579994
61438476
478356424
-103203997
496491072
-282959289
-155782682
-21708000
533294511
52305594
403994434
-173349747
-87894828
-221534541
-298875707
142639833
248164725
609254160
76098132
-280694293
-118668
846863268
-312609546
-459223350
101657240
-289337198
364260020
87462320
-659814423
-198686670
256164328
-2175859
-333857370
-33501141
-111502848
-113216690
133756257
240956264
-35344656
-54955812
-4989600
-21199962
166927488
-28975783
746599230
-60221274
258765808
725823168
-497309405
431299036
243493320
52623360
101428050
-344039696
-334089650
-638801700
-94081540
376498764
-82596759
91112812
-601938994
-44248688
686894586
569975776
-62361584
-214876764
148862137
120902949
10023625
460483617
53360208
86972325
-571955556
-42919884
-199121280
135825795
-39443625
-146624649
-111771275
-387331650
-149941254
290463800
-453541806
69565188
-354942672
434512572
901325540
-36479583
31351760
-782757422
381593388
-137056283
821330400
-39542685
-2326910
-11965932
57873360
19548255
-384602724
175137589
421360430
-152158695
23935440
538614588
-110155528
584897304
391992188
516477738
765376205
677729437
451690001
-437781675
142140676
-507525496
-494656608
-178179878
-138418020
357916765
293649974
-261345000
-131778680
-12985200
-125410236
23821604
387789018
167227008
-95821986
594369036
-71753017
-126824650
625207605
-733422534
-42062580
-129804650
-562612110
4297293
-116718416
-7418455
25865700
440562855
-123505211
-43585455
-751742790
-126046402
2650563
923351813
57787272
-158394678
155313400
685151856
972761400
908911809
395501226
-8623462
216260070
-444608928
-425489416
329823307
377128172
44763930
-288147330
-215415625
70388432
-362110590
537175636
-503177665
156223210
12554448
452920936
10079800
95348623
179176569
-183114225
-178916934
348187178
-574529824
9372138
-81192834
28326606
97550190
-167260968
-59050000
272159040
111479976
-48204520
-141937692
542141926
329926135
-450233660
82193776
-130183448
-711006084
363899790
-98175560
-234894374
-51722702
-201955488
205460500
277111980
-442532
-346281054
28790954
-267247392
427015545
-244187367
-661858368
222756868
168240000
-97782927
369234803
582450568
278077315
-162534988
-590679334
-110503344
262626540
-28781272
-226622516
34413124
-17757246
-102978414
13519233
-69661824
-30262572
-353181582
284163264
-343113512
843846307
-485441360
-247892900
-319357480
148423740
40664670
-1432696
565029049
791558640
-259497336
-727494768
193521790
-475547709
874767282
-769504581
-155589643
177362966
218096775
-961378
-436118397
548509410
-24838587
367971474
-59235798
177120240
157724712
-130796757
-46888758
250513920
-111516576
-811049650
-302139558
149536224
-128901468
-360442308
-33248880
-31388580
45335920
-538098509
349877034
202963695
598198264
250482940
645148595
175461924
-496456864
-480423240
-535855832
298539690
-242572600
-106313616
311737800
-356925600
-21175440
193217360
-399981414
-681632024
-171894450
571570572
-732416950
809354498
-459774
-383834289
-370466880
237794300
-75213030
338933760
-315861760
240801515
-45863334
207835716
422930860
259114744
-158152372
28650456
381904601
-859248
71144796
-465862144
28969376
327172266
651596882
-220409892
-36176760
793870692
-28139202
193352032
97488160
244313045
253793876
-817885044
-488813454
-940500675
-206370072
310398744
-165636400
333808505
-31296496
6967436
-309118854
-153792302
501345342
-119206516
-585424363
241658950
-27475870
700861125
848951080
171186786
-462188904
84620060
-39266150
41195232
301211534
48665156
309892492
-206651726
-79678389
32852399
-319471794
-251209264
12925920
-55257650
16333999
-429536520
-112839060
-80116838
582902904
290643231
447418606
2788170
-13157385
444880107
588385512
518215088
-484660800
778383792
633209490
442196820
-18097438
-15335320
183337200
-537765963
357665088
3570612
244586316
-54028850
444653380
-27104840
666791016
199889424
-752985040
73203368
-216503370
438800291
75688756
31884420
-127124100
-466035842
470996960
273817024
-485503752
398942321
-244843690
33180136
485853170
-36145890
141365508
-38629394
68479434
-394703960
-44561342
-119016145
-392762904
32782464
-530651133
177538464
378741792
90366976
-113662888
138698098
678678
48472830
-509959450
460446525
417072766
-87626224
-448656384
75249629
-143280396
-726364086
343591230
350143620
-475340112
-135655191
380122840
-658139400
98091638
-1836592
-4854474
-239075694
190554336
232063216
375870040
299334352
-548333477
-119069466
-54011984
16825302
-260309000
16363530
-347135626
354557350
-37285648
797854325
-146154744
-162246560
108601805
692662164
442737190
24420396
-177368745
361351190
98057469
518242816
-491295147
6779804
-147763707
-455714945
666363260
369076225
137615366
-86772110
-10533532
-928786576
-443245425
254646630
-181746395
-180935302
320915790
674645998
1436193
-208056829
-207975144
23524455
585538380
-177104472
-41483015
-36501552
-19616688
296063280
-57946284
133563612
109594026
-8209850
410021220
195005349
-6562080
518659392
708430459
-84413874
167505844
-76876312
-29460170
494049530
2110220
-583507905
-305056864
-168876990
612314588
197391612
-283598348
193031610
-136901400
20489678
-328586625
280515488
-527908355
147823170
-228803330
110115720
2782833
113381164
-226886007
171222102
-647705168
-140688912
-195070792
-566653080
-783567624
894457728
-184769474
-87102040
318188078
-528713155
-85039734
-117265492
-396173421
348856770
163377811
-19201899
40812245
-26032941
84585450
-76684224
389924704
-454672106
-560923020
396081068
-778695744
341236734
-242805373
176085756
-195267024
-222308334
247727200
221462400
-161415180
-89042400
-898835616
-305516106
288593562
24235760
210678696
-190707138
116764146
-159583200
520990464
-87785220
-7647615
-429654610
889848
5949996
328187968
-130391148
-204340356
-499541472
820277028
-441644940
-476050795
69852938
-177147640
-123318529
-243071376
293270400
-108573696
112479840
92416029
55373571
312925375
4196556
228476668
-460065920
-234236206
-430674552
8945128
-194595856
-562101117
5585146
-463552376
124617948
-143129775
320557473
31573207
309258203
189360350
-288814636
-43942272
-118022016
129848264
-703334144
85066525
139432920
-178785090
300746069
-78189840
-27851292
-382202600
160849435
55379548
-313794720
95269872
174535716
-142192127
269908470
58297662
415531348
-453175534
367354515
270837571
682881142
22003110
-171275100
-209947464
155552788
103320000
-30267776
-63357360
481645694
287798833
327196400
-126585000
-174421872
-60397620
-519392160
517704600
634249241
-519496560
-105973480
-11220300
410681960
339926730
68210220
630806895
718493936
-956819940
-310624900
154621120
616148544
-7898295
335113282
622670048
52790132
-256394075
-99641601
-236077149
51674280
258551800
-43200575
745405850
-323140224
676581054
-45870864
419158476
41279910
512071620
-3751740
