1000
376782594
783575067
-429890420
940366674
-258763450
131487300
164875740
9722746
705406779
-97401640
-598153920
302322046
-250984812
85040697
314398324
-64484472
-281704260
-2148400
-156540762
165222385
592280935
-905988342
-540597276
-195018845
2798764
-155579500
292987851
116436204
83878774
196453008
108869981
-154663773
-346869184
-310859010
-444727968
-275765145
18546473
112419912
113272173
-633457622
792301440
-562211369
-359248708
444510
285360870
-30646736
-46809198
-154516782
11841521
-538532064
-581646639
-174346602
-215870820
-93131220
-355059474
-89579312
-687362498
-516517782
-678114020
-71825542
590136360
89968200
-138680754
-129305850
63709056
-108779000
876925673
289015878
336484280
-500561925
-280810028
-361957441
1843058
21573896
160692779
34264880
619992826
-69091740
952500642
447631539
-153143045
299633058
-170489088
438950768
152501068
-20999595
987942075
-719729316
-386870570
545781514
406441350
158880788
42141056
143105310
47424082
-110848608
520587521
-1203085
103477440
-11721840
-183843981
416363080
-472312360
142861608
-2085732
-73224551
-621805345
134732222
103627175
677874456
201347201
98136026
325376964
157710069
556664955
507683025
-27864000
445308336
-234295040
-326789883
-316598091
-100572189
188539610
-504881520
258962448
-275505472
-295288140
-31191073
-562330420
122688072
189274548
23244032
-561233376
12414686
-99699864
103683688
-94715370
101231073
98359184
135802880
-157107132
-570570420
-157160432
-697554684
-521577130
181651275
384571296
-543356600
-115286830
236151000
-434028662
-613726666
99960939
-536819675
-155225268
-772189701
-295105864
23104857
-149051053
-151434980
210952500
-303324460
44404800
-270109511
354703440
179170732
257271136
-111909168
-81566262
-252493448
-312405562
45881318
49043756
-418447040
-745108740
-40636431
447644064
189143920
-311121880
-551820762
-517047342
303819084
565680578
49720716
-745106670
365364816
-615453146
58885304
62761446
146761920
866404125
59020764
260789760
-236265546
801266976
185714296
339600272
-534903415
62198800
391420530
30936970
502822924
-2094606
-24217725
-632265480
-705354980
-172798080
-493225654
-411294510
395994480
-26307930
10699360
51529821
84358917
165173798
3683580
46375612
-95848928
-660098387
-302859924
-206220020
850050994
5233635
267100250
-200239314
-186156344
-427260700
-223256520
-57658050
322617104
-44879760
-20949045
2821392
-259086980
194495742
-152199360
149717589
-205661057
-48650712
-358595749
163661961
-422244273
-164445390
-285047984
-77709907
388128087
-7857024
-313140825
-498413211
-146252418
-80934374
-579067205
-80237910
178325768
187223700
97643082
56665630
155309820
-12448896
402920350
-80600208
-10427868
23691840
-104652430
216366710
-258025512
591532459
614015056
485603734
136792320
-891294300
-44448080
193058052
8963060
203716380
129702020
11447665
6437424
-25379080
-371378672
411617925
-96695454
-126654650
147471744
-736841976
-54005448
-570168331
2984031
392982192
512822940
-185974472
-330471652
-1893780
-197676570
-217984608
-540676
-94820220
-180843764
-435093866
58898884
75301170
-210774874
-45691247
-365375424
722334320
-74811153
133163784
-132211464
-20462782
543661422
17098966
196659480
-579528612
549912726
57671264
308615800
-571630661
-498127275
-832951917
-19622488
-172176015
7182845
-255619428
-75472430
229641840
-654404256
279014745
-518178203
-23431496
248958632
89514485
-10150118
175969686
-55004430
83521435
-360346968
-254805496
321634944
-534078912
-79019402
-4939256
-527905285
225284710
299266175
621308025
-32222232
371977
265563980
417442662
-248912523
33284580
-123363750
-345604560
-43518897
-46169726
10425828
-90098361
190788997
479076263
-375109623
-745829394
309029574
479810125
-140985838
-262610686
-52344017
8218133
-208248168
-557898467
3887802
-184306538
200992621
-291748226
-122860014
223644686
-161205462
366728040
-160413440
404778375
-431141760
52600200
-72823536
-20333030
-202305936
-310857630
223991208
405056364
991834000
44283624
-248577840
-89549530
129291409
98739456
259736064
-329168400
302051920
146584971
-378020647
-324394392
-65747127
-644700735
-11446400
-4119440
450404860
-62331588
-523536286
-36816299
-76125704
364961984
-42884160
87926021
-68841704
53852322
490173962
262751780
-82964544
33335622
102654750
457781862
-277658336
-503390120
-172150528
-77531454
-89506176
31504484
-97439778
-354757708
-111728250
-431454959
11213408
169680870
321797080
-322910712
100365111
-910050037
-82691301
790141542
437371710
542556012
112951410
-96417114
313309112
233064845
-8077644
-1048080109
-585936169
-59401041
592482912
-711039197
-446722262
-501500204
-274114180
-17856180
-710401280
-160957080
568645056
-120476042
946792176
804110259
158364936
-772382670
425774020
556900960
-298216065
-94472312
552160
-47148320
-120917830
-112444267
309881323
-213434592
264824030
-195045552
236619768
-229572786
-554927248
-705933950
-201340724
587782962
244954368
201632409
53964360
24098904
32841984
-534630388
-24892400
-93985665
190145536
556904520
464988134
-331171085
-92109990
-34770960
-57978024
-45649780
12416481
-558328980
148788978
7103118
165878550
170912106
-38054258
340022595
113122436
262377360
245477071
-60281273
-140707164
-32707312
-1560160
215752352
251785846
103549662
-1412136
88700094
266195780
69029653
99311184
245419705
-581202678
811884314
-9029952
-266814306
149328823
-431573940
183216400
-87960006
12605910
79668473
-41084736
-444248700
611446970
384589296
-283529201
689669981
158798808
-17617372
-163348032
216718632
-437346060
-267955050
-604744837
689394480
355465208
106031125
-235530384
905497839
120045753
-65034420
145563180
84031668
-309951990
527950336
196522464
-9284178
-161324460
101445239
470229480
-811028376
-92676441
35563536
869672502
844669584
68019486
151611004
496707621
148349540
14120045
-185166423
27770165
-22564544
-85662798
377468952
339649800
324894225
117366
145901880
218376431
202044480
247150042
10126800
-16932006
-56523480
114176160
-2711244
-430448720
213205986
277245174
-340540875
133392450
-190190142
-54891054
-217476080
79314492
-5603280
316102076
998561652
-693209734
-4628100
496057122
-294430845
116877076
-155451720
-176899599
-2801796
225819404
2196604
167864518
-212301468
-602720645
168262226
91941600
-642175686
18704952
27322160
184754480
-77632686
-234590450
-230528977
-41120212
505445485
-208718024
-153901314
81549690
701149358
-487514555
886212992
457970256
50003226
198131304
97202240
499170456
245056465
-675691380
-211991200
-156725340
310444309
-662842864
88964254
306642276
-75034480
-140616008
963664600
35681625
-192747660
149087870
-12427374
-69888439
134183566
33244523
-860360749
38963000
-40506607
-110417103
213935700
129962261
383277609
108200108
199274782
12448636
-238317900
436126020
182143712
-35208630
230362860
250100840
-35575248
-176907126
277759090
83590080
-331446619
-311686793
-896853342
-15190600
36121392
487340418
-148129244
-1709905
195698800
-926939328
-164427692
-355626974
-185065930
-277231812
-464029073
28720560
3390150
722933523
-294802662
-238247604
121348975
217968508
141757858
-789054915
867794840
370276128
-128885661
-8487822
-443526433
10433812
140985592
206248838
-630128125
57384894
204789900
87508588
-309744504
543728075
-140052269
-620497108
228843589
-97093696
-49207592
-108666464
577620288
-309665200
-462810090
-40563082
-268575624
42116480
-99390759
741967040
-67282650
5180140
535458612
-701896032
-10545236
-840114604
221273162
-118715760
-74458293
583077173
936098163
22834538
180469224
-210230289
92795754
20573636
-19212600
508619856
243196624
-114413579
436601284
-55984565
7453035
8814381
13690825
581958468
205781220
96544495
173105163
-37961316
-56443048
331748016
56110164
113167823
-339055716
-28577916
396272322
-2271740
55830708
276804665
-59879664
99010703
-272590902
-52780000
-848034874
-939399552
-741626802
174724830
62508846
51184557
149613793
-7638944
284158791
456418950
-469669936
-447413336
-692316625
438975290
-206395398
16480004
-9870336
553517370
-688880319
114516940
-40684658
6713784
6891062
171914710
-38452718
270314180
-528294832
-186182640
599846256
-66079503
4224577
-123211704
-97041064
283989522
130808106
-152097033
127312450
201888168
110850880
124251048
59981372
-185606316
-22270050
119988820
-98960700
-9968112
278080300
107727750
60514684
-537623670
-196765986
50529035
908043048
-202034092
4202046
130264032
11430593
266724900
308286
-17961075
37807648
645133554
-457509275
15928714
598421445
458093855
230074467
64749440
526522176
-183454164
-79905104
271411823
192221775
350582792
699163244
494934964
-7651132
-12827584
-101076290
-5492890
103480560
928818632
-548036082
827453343
-9990432
-78797492
-632170755
-267945847
-649691350
-121323265
-329278356
-102474960
-78826090
523565616
-217498840
203822608
114600542
-146231666
193610667
973076041
68070685
-25050644
-225914000
-13398927
94805730
-27110667
-739652724
-84356505
49107300
705370256
-4770475
575328722
215736035
-78504216
132134252
-623400044
26322030
-381650236
274680
37543644
-228650565
-289775808
-280937800
50302230
-164693915
-314879168
275516962
558125600
-118275660
-802143828
-208282060
48031574
198282768
-130443330
-271325384
491751312
-678498856
-33291072
-27833562
227596418
150752835
17023500
-1222339
-120114960
1773072
14775992
-67699908
-946476036
7975218
89803928
-11972800
-249836175
322735104
479134909
-128242790
601230718
-27005832
631772271
-602661975
864005940
-137464606
76054530
-584690106
-80775255
-503663624
606404178
71651853
502486870
533947227
-28419168
27930420
337597545
-71756910
91189980
-365375104
-319211640
218963292
76232178
14194764
-831498044
25193956
607966312
-26849394
-127500856
739344484
-400395611
-54664680
208727064
-201016090
609472260
-306142872
319763710
990961137
-318734196
694542053
285998973
240930300
-91777290
-300204214
-519626825
-247395631
-30770990
628717837
24548397
-40494504
562090014
1022872716
199895118
18480479
-674821350
387951118
318182368
-55584360
-65035430
-4131120
-492249
96061548
72458666
3003476
592370796
-131745171
-35433990
144473700
20519408
614449094
237921453
-489341340
204268636
-90474360
-337233552
28804248
-48768454
261058896
306681852
