1000
-96622669
-185844420
-130901308
-421662228
-744928015
221634153
-444610368
13889216
-201924100
-400904476
413906570
720829104
-242288970
64216140
-515123792
-216191550
-486326398
193735795
-258762357
130843524
1414875
-194742883
79397526
10700548
-243194520
-155709126
169876574
-321515781
326964471
730279446
52292324
-798248192
-412172730
-548352
-205580134
-257743152
-53226390
-100974640
40190544
-852919812
-467027927
-57586866
-51965848
-258137348
343185785
581643700
-36917479
-475471225
-48740736
55915981
-27928160
-113546622
22849772
115435171
-233270136
132543983
-164998964
-366243390
-686208044
441734412
-519671658
117415872
-149691295
29882835
45459960
-997691976
327849564
848181300
-100612008
704761680
184427082
512053245
169071677
42201964
-53350922
-20706517
-219293982
-149310524
-317786112
63411436
-241610340
-76120128
555702785
-423604860
-291994691
-135369224
-136986000
-11620584
35241520
-91525926
357028584
-655140836
-390718685
644807196
-787605840
220362549
124550568
23642010
-532701885
-99151759
-227037405
14843970
-90086386
-272132466
-561635190
17882349
73974251
207138600
-73937086
-44173546
-553238560
26703040
318090985
81207470
405016320
289610825
-170659384
-248228880
458010858
-316176750
-1996500
-574129569
-435187602
-561862656
998389980
-566570070
140710128
185178840
544410335
75687680
-129859094
-173563704
1606498
319221609
-498242664
436387104
-114757216
578340000
49961919
-309171390
-205744350
-8085564
301130683
-95944702
2286204
52789140
-642325712
636505716
289580024
-160103
-46147422
170007600
943272328
-71314005
76383903
472623228
-79121440
544744224
68060502
-277365867
-226201284
76988597
-78517650
705365856
-136185674
679179223
78160280
-246033984
-300405300
244053780
175143197
-193394093
-11724930
-50007720
-129820160
-171598164
457611450
31231312
24086820
282426284
-550757092
287460158
80132184
21951248
749565300
-108458980
141698817
-235546152
-104671190
408913893
90949555
240168216
-247601244
-29466304
586864596
-33276480
57556845
-151217330
-236620938
68095935
456425340
-15629376
-161965158
-3353000
299331054
606325834
8046816
83350995
-250010850
-273859731
1568256
719722641
-37609780
-230507616
-19005728
14503320
471785934
-437586027
34169772
-701521800
537335340
221936640
1048650945
-155049650
163779200
507737685
-30457590
174407600
412795152
-49465024
-70156044
8488096
588799859
-669757400
31714579
358942689
-1938687
-155339212
-53808079
-198700602
-21180870
-1161760
-675371807
78029198
203695272
-353822040
5469478
325440149
221686075
109381020
455312576
-103595030
-231790118
174193672
227211264
-740774804
-188413260
270401760
122261634
-459467977
8735985
-44217482
15331575
-291691200
-752977940
-255004624
132419168
543144374
17128542
-160757450
55324200
6563802
893581640
-137649656
-23977548
-47341836
-170722768
-575303295
39974508
-333876727
-671592920
40820770
113353042
100393200
-60049540
-95787450
14225040
229076496
-784291863
-101869344
-323513725
-50375
29528685
-358998400
427312600
-141868300
6358968
635244930
371551327
117066887
468485864
-272859174
-278228112
20086461
-229679770
45221312
524469897
-190960825
-56058498
110412016
225823486
174628656
-68555214
47570922
-380953125
525427980
2568972
436808736
-77610043
783044667
-25594317
462215880
171227452
-220149244
107258844
742561776
42107112
274877120
549777800
58992861
-129019088
-18364900
177088780
28693676
-435468696
35433875
-179568708
-208051168
-147034200
513517680
15722460
-227818787
172608358
-166593024
-325166242
343379039
-800521974
88735206
-613357272
46587864
184613652
-78499283
339221630
-479936722
186981102
186283020
-146435196
-127376174
137597856
278058836
-14197816
254113800
477297920
-664881504
935939718
-652383731
-52969440
843953512
-187793970
-111001594
394033672
546163800
-73450412
135996300
366106257
949207998
723294670
84714581
1677907
164700690
8379410
181641840
603016881
-644912608
908653858
-163751196
45255865
-9271555
-11209056
-312730188
65665323
-192813874
81891992
33132834
522789285
-114114697
30903438
16291420
-192702048
458449200
-320558777
-52970172
-152086831
72342272
163789644
3408399
496110956
3928574
995265768
191331476
192500520
309491595
409111489
-473249604
29499800
40559232
-285539636
776860968
518698076
395543584
352432302
-3620716
386314830
-160667028
17773410
-383016800
-159880300
-194702235
-106744274
269492058
-484641830
-275938476
-25541985
289591
-14709728
398158224
409790080
309641913
-58529272
158407329
21172655
1010694216
137840782
41764756
106318737
793898556
-723513762
741202616
8376160
-229827741
442376295
-115784576
6541678
-288472228
-324061890
107019552
-45944283
-252621210
-121984352
-193204600
109290938
265625664
62954128
322198266
-309931485
305386980
308011638
86368590
379911708
-112950813
-537339140
98853480
-295329384
-151285428
-193193312
57008122
55991364
658414288
554089095
212951808
127742970
-148975540
-256721556
-155531172
100815831
229909750
202217733
2281440
41825394
-297495819
17747523
-362334330
139870736
-120015264
689683950
-338545116
390474664
141397158
-827550
-259070862
194664832
860494032
694295055
-536539905
-57314628
434261796
-305164594
28462498
-62315527
25116500
282315180
4200250
-31286498
233752414
-38931025
566540208
623826542
-121836347
-341188470
143190180
216396521
29718139
-171618720
-120164160
186567696
401363694
-154558800
-173972736
89204640
-70747880
-46425584
-261982770
-419976450
-113911691
-439308936
-87772524
-569227120
13803738
843108288
82385274
28647990
1413237
1600016
-716952270
267230616
-216924448
50851800
299762734
-254863473
-150655484
218077086
18183770
-323751708
-602724450
-80067600
8740805
349854120
385032685
700381066
335838376
-835923375
39533885
-237764799
402675174
-69643440
-5487768
-148365939
206075166
5778630
-512999140
233506112
-130368015
-490375915
-4223032
763726158
671605675
7675721
9935559
23664862
-61322030
36632960
-293557500
-26623680
292152525
87801560
-40481016
283655090
3410200
103051326
17003163
-616381272
28365071
-58463808
287689428
-212561132
12452400
-159245514
35765960
138781196
724171723
588084090
33569280
144617796
-419833950
116109323
73539650
586173714
-110256100
-71530240
18957375
511183616
-572783904
876612405
483833246
-327052836
199537980
-695070432
788925882
77283760
248735084
-170705655
-1001915285
-637392300
-818081383
-508453616
484360770
-245577412
-63453291
446192864
-15142007
263040750
-16719660
-51763048
137806377
-747111774
-197106152
234545610
35819133
-69557442
276390510
139516910
-142596235
-664442093
37422632
-29365545
-709500
-333483876
205841688
-593703324
-47730144
-355307496
-47869360
69767012
10082391
7917678
-8842207
-412839504
-27771120
-549446586
493832688
310438433
47739375
-1004596328
-178093182
200047988
872089460
685787193
48632948
89285788
776055648
-620234276
207897288
-152736620
123398670
-129779763
242455017
-321856092
-761860944
-470849921
-575436330
-400128228
709276350
485467605
-234752232
-333904986
-495190680
106536562
684359720
-190431648
-240707272
392795982
5431514
142044708
137301582
-64024800
330985382
60956280
-269789586
27017244
19338941
-458036208
-10994046
91863540
266993360
-19496149
273430146
309859200
315183264
96886614
-343852400
-705028012
30444894
-93301230
369457216
-386363252
17720856
-494137951
-258562704
358354854
-258550760
-60456000
-105039520
-276328815
-550653894
-157327079
127247436
190775160
414999744
337988816
-67962696
265461060
-301550075
98855364
383887875
-985330656
181663500
-8147202
85154088
50855424
2134342
593113608
-67529952
-26884411
-25148457
511858548
-33671743
69901435
139532751
-90500032
-275717950
388235444
298270594
22093352
-71912880
-295739742
266838737
-181325440
-570020818
5796396
61222109
110041176
-444627260
-691778906
185826795
-92945727
-268529096
224513406
-121114518
-687614828
-831940340
76592877
3777361
-176376540
311202936
658588541
-188869140
120201015
715306950
50175665
-315285498
-18081000
911010024
177020699
282387470
-47997816
16689452
541901356
-35313728
-24117807
181413207
-448248370
115094184
-104722992
-154884447
154544014
201772438
192233510
-153785110
281452675
-7521666
411479628
115809480
799134798
249155361
692902661
-690196384
87104512
364465920
510495804
974875585
840729603
596942500
759632711
-463546352
-555336532
270794778
-140048002
308672060
-47402670
53214392
58054491
-11446253
-120256812
-370056114
655345478
508484116
678320832
-79745232
90970337
399244131
-572242950
3735171
-45377973
342682890
366938882
83808500
146201580
-303957093
-385769343
566431566
-464333964
-189187230
89399022
-36850512
109094580
-301604796
-910247184
30949140
385423920
80326836
114806835
-6308436
87943160
-6879615
283838166
225766398
-95834112
266590704
-279514680
86033154
308210370
-653965380
-15735000
14229864
3368876
-8001000
-171050084
690401166
377580320
-554804497
397636561
-757389153
-649334448
423633572
654067172
17758230
210053620
-150738770
84414885
51855282
67992696
-117121846
-37459024
830765104
417968070
96554150
88654524
687690978
-829218494
305832381
-24174129
-258820944
34008100
638999263
-195443642
-675937306
179859360
43753479
24742890
168978335
118699155
31628772
-15972288
-374363400
-902516520
-65236142
-320083348
283132128
-27520216
-159989895
-31201488
62398570
151802970
-588438565
-736555652
-174616108
205512222
82652743
-329663880
4659423
267912882
-116162870
-108382120
195329880
-143072888
136519604
-181884150
-35202245
6933591
94901220
-178308900
17658600
-164813828
-53173134
-28948710
252331704
393711631
-89329695
-13955232
-158192697
-252279622
89226787
96252775
425672916
-34394500
-737197538
270925457
-31838880
-112409330
359436000
120010323
697289420
-570944640
598136346
-27968184
-622348380
932986392
46833150
227533050
521723440
389207017
22940664
204604790
254815764
-202765492
916517250
-194086050
749229312
105331204
520768164
691180425
44236290
-723868099
-293465050
228932976
-137803273
-199906292
-70458624
474459615
46044928
341742772
-30336741
277973200
-106725768
-10901310
761503680
-221079181
117909060
-110502063
8315824
710766160
-432460770
-272907264
-324083596
553039812
-304872940
-227988651
133669983
120901560
549100408
