1000
122251718
180057897
46987605
-282441555
-461110565
-686494605
-288106311
129951504
53762098
-6400511
-640016960
80329680
302025320
185455780
-398065511
81848403
-391478808
-906233045
101223632
3495675
-223393077
48928130
43726410
-243735011
-165185040
203457665
108466128
595329332
21252924
337447242
220764952
62337300
545911254
485241880
-2646292
213630371
-33095889
215176500
16010116
161308640
-449662568
284111827
652382178
448227343
-766866816
-50811332
96235335
163028910
717171336
409500529
557058210
-391119560
-151923420
742277950
489283592
595950
-41742265
214606032
51931512
22482255
816050558
77539638
65182992
462682791
419696992
810665856
-224668808
566178112
-215004780
-908349828
565994000
236299112
-52551877
-854954412
12080607
-457072488
234682590
419249358
6259701
447197328
-485542530
-68648269
256058179
-89988990
-181770530
-108035988
354580497
-22038480
191539152
-13191282
-493791129
-75506256
-515774544
-19170340
-776115413
-572707080
405552128
-606016026
170866346
121489081
-385329332
-74842976
19010636
28887600
-179947305
-64576941
208782756
-281092591
861437550
520564950
16665320
38159885
-80012768
-267460305
-82954367
205467576
-162050080
175497792
143660100
-304160940
-54984372
-486323904
58144570
-562670654
342405992
21676536
529322976
396506736
33860893
308437294
95954351
13999626
9318584
58827580
-565365346
-57704634
58559380
614796000
-461834408
36704556
114243744
49754352
129755784
-279366165
34171728
289883356
144127620
-163117057
244469641
421183650
-68429912
250540196
659708009
-117576460
-834537956
131332768
-9496470
23895999
453791264
-518114982
1738482
-94066720
718721280
168830048
-260330328
110105488
-11531013
-323645993
-197490522
-35705700
-325362798
-708924858
27026541
-173803612
163221814
264517470
-343224560
-344442150
384335820
176038044
-333472680
-156796512
-379322525
-430170048
15124032
-542647275
573613370
-125831948
669388853
377904660
-115495026
-597109590
-42227269
244848240
-370308210
58385610
79558605
15252240
196844340
341464992
386457236
-263310240
841512945
-588171360
-9704252
684935218
-500337080
-881337392
194764752
-592531911
418930187
-208275664
-725300240
-64546792
196253470
594571904
-9949133
1004122812
24121224
226300950
101764502
609363408
174711680
68546648
239949094
47790810
147121970
577583458
409121141
-624362208
-455131584
397008225
-259272770
78014550
-177236500
269916265
17664076
122361330
-245627480
13511722
-211212780
-214601730
-426598227
492440000
71458751
-200393595
-753845176
-335437848
144268355
33965440
-293270794
295351516
497859840
-984465012
310211304
322015995
-109243572
-648873288
31767260
481781748
-105437280
46000852
138436633
-19138119
30578397
-381809856
729844400
-244348676
-152867807
33118962
20497323
-35074340
623709240
457394609
774723572
-620935470
419355160
-227705786
9000673
5453175
369024972
89616725
-325879596
-352101984
43589958
236389530
6297399
-12231962
244952322
348040448
2197692
458522360
225420791
52052080
-455791604
-484651350
-762506938
372125910
-183491294
128286200
23866623
86085862
-747750060
301471062
944440974
-269313926
130030780
143365863
-32392520
103104288
-502686291
-311488270
-193740149
-56887880
277406770
90601164
-880212800
322551296
221124020
-83099174
-28081240
181303107
-331395085
140177040
75501828
-21473795
81305237
9622962
348654066
5764720
-510608
-370053900
245033688
-386104320
285806170
-53209184
-368650425
-83305056
-48498984
1149720
-411951904
-145035643
-37753954
-2228723
149976312
-320982234
-178129718
-363528
433564352
931071294
-44714865
-163069848
89844923
70291197
549467870
101341805
-23738238
-1568280
661182600
448426751
-147538750
-412536882
-64904190
537132888
669759030
50995899
52101700
200386977
-387857604
5919264
-234975516
-187634382
31864490
-434826093
-37403936
-65204681
21937913
97768510
-186134168
518168736
-197901613
45538024
-932630485
-46553072
136801995
-588731112
483982180
-99345858
330522106
-582741810
42807840
-46750368
122290990
348524957
-192240926
-199066871
-487072080
11251002
-90681622
192068118
-27725280
-51846532
-71455779
230072568
293898702
-299525873
-87583426
-47080464
-36618222
-824390196
24465332
-822909600
-19714968
-67054374
584904645
157116726
1813240
152628356
-231157500
-69074813
44390414
-267540556
37716744
28104109
-511926169
92602080
-492990960
67303740
-592336096
162554400
-669553412
-538099368
4617761
-46418102
-333478207
553366312
-397394196
246893856
-25651164
1698414
71149608
426289500
752388945
-606500480
-607614960
-252404165
-363581323
-112470976
-551936719
350628000
-25083625
57283194
-339008344
721600720
198560960
-9363646
-6422698
239117421
-50659856
550936680
-282088248
-116562060
-117813276
-27470300
7757176
-779456872
-238323460
-294952394
-44623122
-90670295
-173827104
93732140
4145020
19267962
-189578040
117583914
-28793367
-239233410
27255500
57766480
306648480
124459755
-327532430
21176460
-170527603
-129235969
1419870
117857856
-393935072
-61331580
-19075859
-372423264
132546100
410250528
-17770336
23815170
201765179
15176288
109961775
-370419146
-539046948
3750744
-170187560
-364846986
-66175800
629883045
206442653
-116844981
464294912
-227000950
-54581100
-138351906
-557037050
28253018
-325122434
-391160880
440480052
-203238584
-65103348
-141350770
68904297
-92138085
752197888
251862390
22265750
1005028040
671810334
18492000
-93429490
-168096005
295913618
-587522130
68416434
284853528
52349598
-65759323
-442423800
-113964233
459560652
-390433764
-547112134
213082452
-5506096
486524174
169493220
-50583280
-155795446
-85107087
1192554
-348989809
72602720
36242676
720003063
-68184860
-787069476
413079680
846439320
251053820
790750900
-89433840
-98896816
-15220224
28245200
1797714
-8352270
513904006
-31937640
371010675
-74555393
365959896
-23153022
162220520
217353147
-657664588
274611150
-110512632
-139785072
-226012021
30015867
306203841
-2731212
-225774115
-278534244
5002675
183517839
-30837312
645655171
-418277418
224573312
502279050
-250810172
-24597661
492397248
-699878557
521578030
223925393
191775248
-68826036
688988000
99512462
61147168
632246072
-103888855
175347900
-34153908
250549686
790660758
-99989764
-545400135
263483136
318218336
-282905721
-73095954
332336564
49018086
303828008
24042291
256541016
-520378765
-264537294
-260590754
-311699720
25770474
341310320
-859974102
-637976748
61421034
702154496
-482136384
71672364
-83403015
5726195
-71641600
33213698
23834520
-136379622
-531710994
2946670
85450599
-4983435
-371354070
-8322261
-10565424
576928665
149988564
230098878
-279441651
203854401
139436524
22648668
-354345240
186484594
217688620
141660416
-57297404
-498568976
-369889264
386671480
-551411586
54132672
-709078536
105359670
-5105555
377971550
43003740
-189271180
826885424
-43142652
-206749767
-200264408
310324188
-656642052
108243444
-188627052
138929664
-12116572
140012664
53867464
-526789302
-599692944
184644552
1030718752
576848128
70318017
-580636228
539013632
156899655
218260548
-430974216
445838325
-775810032
517190688
-109576152
52948332
188138405
-509893950
707698748
-44563512
47243357
-459020643
240336803
64105488
-211834644
244276164
317131522
405232000
19332750
410253825
-486413766
438870250
567251802
-202405152
-156383561
-427773678
652304313
102228000
733940460
644306969
325909701
93712080
45353070
-838262520
589653064
133574250
332432933
92628418
13990104
338912715
515535744
-322011294
-62950340
72364812
264712136
-569512944
-11437764
3685976
-6263134
-116740456
-461955168
-64381922
-464476768
-461992738
85745440
262585225
-204268662
-75486
610906373
-106468072
386618112
-251484533
377038128
254440040
491796230
357053168
-13166580
72842174
76336874
-33674375
499145416
-574879140
92983535
90639647
-331162548
754478039
-33948160
-181765710
203439030
-487397856
284538775
489451666
-62223097
454864900
81502386
44273924
113395032
548557232
154508172
-328059585
86751680
-6565385
-309981640
276371004
-54849028
11016562
-533581602
374725825
-332254342
194962560
-771522815
-122161770
246579840
442912886
-396695145
-679647165
456393249
111683520
-91371280
-314991600
-349004075
-41256648
34668660
-479886220
386838894
-195524768
-19667448
-6822114
323017209
-153552470
-488605817
-167201496
154285470
-3517440
-99914862
-873064372
-377716592
463940115
37740519
-584692180
145968742
227058533
-410898432
-637598192
120627647
543858788
-243884893
-6369496
-721862590
20388708
511180875
320708608
319009592
469922310
158773876
-721408754
157439214
499218936
-399432306
-591972608
-101357451
-166738776
-230604816
273472576
-204522816
-198807510
615488537
-269260128
11411400
-374424650
67355640
561498455
715429972
518883941
164626943
-580309400
-46991620
232347420
-628609800
-736060452
713389824
359692662
68107968
-390509418
-148981296
-124275804
289158051
-435655869
124884125
-99550738
647030993
307921456
-58590132
105883228
729386000
126362110
-98631030
-47983041
-210268386
-160095710
131462008
-207806650
-85381800
-86939500
-197240764
-191578338
341266471
262210741
536314875
6222960
65940033
72492888
-378420224
655041184
-577125318
-45941104
-44201850
141821290
25807204
301894836
-23367950
-306714366
-263628804
-120657656
519614906
-224186390
186363927
333399780
-372819734
-10523932
761857871
154162992
-508035060
-112977945
137170986
-505732862
-33043296
-5683284
-160759900
-340325788
-629400300
-588749952
416863888
-333459654
-19770036
83142604
-326171430
-66700686
-381106557
210994008
43661373
-440133550
-120906615
387160670
-70879140
69666207
-523168524
187169400
24929208
-134166635
-73653309
192213392
97282398
-130256140
-514841568
-181808000
233732391
309599800
-147475254
-267421440
-272992896
224450892
499196768
-1012251625
-221216620
295113153
19729446
107326485
125975994
-80123900
348028568
576242245
590905374
448975776
218374380
877554
546963768
549535092
189902195
7123880
45563919
40752774
-19758692
770045072
122190860
-259501770
641243570
875576520
-22178772
-101971213
330730642
121408308
210383168
283547880
-611993569
536604392
51479774
283247664
-511768800
-36744036
-190911988
241793924
620378568
473492976
150729344
-229211960
-141068559
-122514756
-831782252
260111895
368323626
628527510
