1000
480533400
-248667750
-105343992
-242764400
-847572204
286673148
110556700
-558871437
-83585285
27662646
-102386665
-69334880
-118023080
243656342
106717824
30648786
-287420850
591831926
240685577
-17071956
-481042536
14878500
731669770
-625561799
-105267866
-139707740
442179179
268857414
-614951470
-55087515
-322014270
-932369584
749079415
-592185918
22692285
-245041413
-26011944
-34169480
51255149
42751710
373488970
-136754020
126222232
-68599528
-424389819
-767611795
-135089318
179629920
-113407724
438218840
725290797
-383242293
-488324760
-241910793
-533917866
681517228
-75239955
113696426
493876242
649024128
14343360
-375595688
-192360627
-29908928
-336774790
-1012912
247160940
422600484
-633665508
-273423280
-194578872
-118026992
850391310
-45859990
199501470
297160170
-52557728
239340908
70956368
926095962
-212300904
218517320
128832900
-925411282
-25015330
-630349758
900337830
23809294
-69313506
5790746
-341162057
-827462811
-932634267
112551444
-453190652
-571438710
183285655
72965218
-553040334
112224196
64558791
114794757
-67113912
-302495589
-41721853
-155356212
43841063
605618350
-15500583
-65990026
-334507698
-51179700
-122053565
161577589
-694297008
181142715
161822752
-355239659
-278095815
-79097073
82125000
-56246025
30830442
-6121045
909892900
336530374
-177883095
-527719842
181811736
664183556
304264752
-373484760
-244023048
-149334616
12493000
-331375101
-692786050
-589711496
-365334684
91688960
-644841120
-320872638
117926551
-682177755
-69487840
-216336977
-261408774
-501753726
248004970
-573939959
-3286950
-17731470
244173006
698721792
-543823677
-40567128
-124061
227676540
-328272750
-155869735
-92751120
135116539
-385049442
-683079890
-117609540
-387467013
165007332
-232187868
-293508480
-367005384
-139069350
-13804672
9458372
90578682
-148681332
23415678
-333289145
21611688
601173470
-422808740
-253871055
101484800
260301892
363598839
-272228226
299371081
29885898
163297530
-310624425
-215121972
-678643750
-978454560
1041871564
379237167
179113428
417031188
873460731
185540163
-430722688
-326530728
-487356178
678852
-98350791
-22331316
-491479632
-209262454
-76595886
103774059
-17770990
-762344136
40128000
96887840
-161885226
-330257198
73733607
393472770
105509820
500275458
79804368
20202840
-874404662
227550172
78554360
-256261082
-29823280
5715927
608967720
314093486
434869639
147037242
-144358812
6456875
-99238045
32531706
-11009588
-199151445
42769790
365387624
144441200
709245405
-117972050
23298696
179208288
-386014635
-119211048
-92068914
231404140
-132421520
947208240
-341609504
-148057624
373520367
368491740
621280730
-113291000
278601120
-60363432
-88528371
-624746478
514313280
-101863420
174839808
-163306624
-281091267
-112285296
977586780
-50475235
305020914
552642356
77771628
34544950
271022895
-788162636
810077016
-367247048
-169131888
216743717
-491853921
283579174
-509819924
15460506
171852013
-1024735860
-94484202
-167914740
-15235056
75889696
-8405916
-718133624
684622267
170448075
156821400
-101505798
19621635
466563279
53071604
97610296
-682789471
34826976
-779229024
97981312
217087386
638314449
-538478835
443181460
-2474666
-1006032275
417515212
152797392
18030150
-67941486
-855147510
442368088
768775930
-54766152
129376810
223455162
-432981285
-369739562
326702025
-174341004
-506698200
-526862592
6140108
138006960
-286497200
245787269
9175712
111726640
492943074
775106556
-319134392
425979381
-256172720
-504671195
911519805
-121512933
514474158
276164724
-143970632
-35395340
-37445622
-750017552
-154762960
321166014
-336905023
706451250
361058385
-393886416
-260394160
175338707
23754649
642188910
364678678
17126060
378190891
-69873375
84602008
-790070644
-483694672
42316191
157185850
-630750456
301067723
659954484
628542236
-342659508
-80112816
45884966
593282624
5803800
6246592
-25702149
-99138140
18905162
-794630404
435058468
516458332
-199111187
-812527308
-298553028
-32873886
341834610
-6459068
-230967975
5076561
663291078
92150617
-442737488
21071568
413005074
-137203596
-2399480
277688020
231090678
-232254
-507596466
404566747
211323420
-353583087
448468976
5129199
261339744
-863152499
-3026850
87679224
-247153755
-496707800
-474954324
723198400
-297516491
153230473
-205188932
88997741
318141086
-506821578
97919163
-5143950
-144034754
55156786
-934854910
670160850
-111774585
406215744
-18785682
-8332968
-114434122
4033120
-56749455
674774235
-247182901
-11752524
105790365
-44114212
346024773
62745852
-722318551
-568039350
241735872
-202569635
-267553752
215116509
-272101900
-83286952
-484913260
-289413612
88095142
946745059
-186678363
39305584
-351832794
263090304
-542034276
-121392600
224538474
131393306
-70965488
-31724805
206050573
-61043580
494519179
283653288
873379280
296906400
243352768
85366005
214486896
47006592
-174467992
444415256
-128626080
-386384034
487645464
-705827774
589112631
384894540
398478657
-143164818
44600202
363004230
217642500
33436217
-288791317
4001712
625779
376117284
-296042040
-92019580
53776460
-977971918
139730745
404168007
353329320
-72622368
-231911559
-638610078
-383443898
1053743
-39383008
-35088900
947275875
-259774200
-196024567
-1214871
-714260860
529276440
-927699448
-168454080
-62683740
-151669180
26174206
193790712
111553104
893537554
-19568010
-100737533
30890724
-502016000
-669379680
59393648
298210835
-364430400
-130756876
-610567985
35319524
-196444065
122079120
53026380
-214211492
-142074022
137180736
448199300
-119552274
-263244800
-199051062
238673673
231787248
34835160
-274885248
77986519
64021140
-74425088
-392137784
200307099
-714890970
-714101184
-45529908
-928011728
-1030309146
-139020020
-6659712
-206557331
520435694
-81200307
273066024
200208030
-1106952
19934829
197065109
273425856
-431959018
116022024
-249392676
50282232
111723360
-188801964
-283294320
445732807
242270600
-420114534
385807576
-208132986
45111880
474769048
-95576370
-439485156
-89727488
11459350
95167068
-124094085
-5546768
79240620
-455689080
-226855744
-38782338
123437953
-279774100
-521275965
-1056249324
-476496
860107382
-58491720
916511066
7171171
67864880
-98053956
-885005023
-38152266
-95881081
-222182706
652537438
310758220
53782080
179310600
205239000
86605488
260042098
123734102
-20509786
396925830
564390905
73952100
-232395631
-94009440
-171751584
-1236664
-180456430
-37617552
11301243
265346445
128852648
-846673685
156406800
-47055008
93499190
886853205
-68286578
-6029904
-291703170
29182552
-155220097
19763809
48027116
-630367922
-223217352
270410925
195399792
435577614
-39417948
-11813970
253585215
-699641460
197853315
746325645
-75189692
562305625
-29307177
-209547093
-169574286
622693929
13983728
-79441011
44565504
394447458
18324657
129490368
64624116
-602981060
12424568
9632268
91192482
526237803
-278781963
183935388
-104272896
-10622925
118630710
-282629880
-135892083
89943280
-303869298
703465304
167734197
674638281
347856975
-377143880
-476305830
-99201054
489470470
-183138144
-162492582
-829400166
-344778922
-82338564
-254099994
295703021
73492320
451414464
-701520
617398860
-33356960
58371506
105945332
89286795
266777160
40245615
204185070
120776753
-267761197
84566130
-72348744
-721231952
31715940
-312209040
-32595768
-144594632
378779550
345439
156886080
401483217
-184105984
-259986440
21159172
-423559452
-414370792
216106374
-286726608
180921000
-368009437
-75385486
-432317139
190461611
364815918
-446278384
-55366220
508878
-427493115
-337925715
7181958
-57923298
473899211
262403015
-145724136
445878372
664024605
1641240
164063304
-105594150
-134563716
95183870
-80913096
91830375
356274000
-430787328
-348711258
353329680
-276125696
755496370
439825360
261441750
63456677
-274233880
-215690240
-83501600
-242537855
-107744
197611452
-306586962
239304849
-254899396
-55165455
-2050934
378327945
-127747203
352247357
112858746
-215773400
-373564664
-343124370
11635300
-191304032
-51090153
362924948
-172957696
-15436680
734073327
4775708
-595402492
38222800
-266211384
225310088
-427062746
1252746
404446845
-454551100
55044275
186270350
-413581873
120216328
656929497
-209300554
69760643
-5927860
701589056
395163834
-93049992
592847820
25227969
8862956
265876113
14424315
132718950
-75121368
589390150
1891404
344293636
201367890
-411577356
105799188
-241668316
21331856
-615703543
-17863040
561784443
5734070
-574818112
143183304
-311543736
-306992801
-532625940
-321167808
29878012
-71842680
97066424
-14043120
-243962334
185458240
-615526182
83371024
804299016
748424400
183352825
-1633
-176556873
-384111231
-418001260
272555136
80215720
496656336
106030080
-65899899
-93313880
-392740866
-63334800
-144637389
402621531
-298466721
14881066
-228484495
-127228920
-34402179
-44185944
-334021710
43789200
247685636
8171730
234872658
551839464
236070828
92400868
604211544
-204377976
180771592
-745020096
-334402016
294994260
-455429864
800748376
3786516
-194350920
-792034230
793575497
328838618
320811425
-134317768
299603934
318774596
530093770
230760663
211005135
133348920
185745516
-711210487
-33014553
392245490
80114069
283979294
105138495
-7417410
387400350
-519337597
79608640
-35159740
52923560
-900673620
-457828484
-309166063
-189792446
363818840
-832308561
535151496
-7983366
-74676884
-217174028
319346784
-428650724
352042416
8974490
3303324
-99637834
558052931
621009004
394155012
-168647325
-14871048
-138355840
-480766579
-418028952
42050275
347124036
1549449
-773215962
-310136800
5342390
338542433
347410152
-510785151
20004270
-184565570
135151280
711478233
231412930
-891682553
623797106
-323513136
-412572172
47526093
-102047072
-136144312
491589118
120047200
656509770
19035140
313226260
-396690264
-273201040
-364720846
-158008470
561846300
26815280
91053225
646891260
-776547919
183198654
396348035
224767857
171478266
-56894292
397587208
233431679
-13898999
-430245036
-168594822
-227151384
-43737498
458725722
-118173900
473526330
358734010
165107103
-443558500
93682514
-27801892
-710542428
301028944
359199150
33297930
204135120
580249194
-293439120
-94658432
214655056
231104240
40975056
58279824
110179692
561818982
6962956
-683455752
-242246280
97126314
-60938740
-737368188
-26031279
688599535
981158007
1017502312
563923724
75486411
-614473520
