1000
437641994
627315300
285269300
750815490
209469696
-95996538
-143959830
-773896214
-194699400
503692801
17684964
160575744
-137905422
-295743854
-900237885
-70233104
-209913120
-358270496
165868108
-480229792
220424202
-104380782
259848704
-376609090
637813206
-179390970
471643512
343466406
-61077020
-38090430
-42703902
618053836
18383440
-479739260
-36016500
-196829952
-229020380
260821688
-248645637
9587496
978306742
183795580
568678935
156967166
22004264
-2744586
120421140
0
-584493294
569771020
300890517
-742332955
-168269920
406032035
849547609
-24938012
141774624
273132678
788673870
265327398
-124936776
-652515183
74592858
-5227296
-704508455
-911756344
-49486096
11044896
98749361
-416920086
-29787048
640025672
-645311040
670116576
162805794
199297505
-16831765
75769896
53455488
-150207198
-118860290
208546430
566791320
-668697438
550258150
-786013074
788907160
-187584364
-553697472
-280661816
-212829100
553031860
186582720
-586463308
-924907664
-64173406
-76358120
-368380045
191190972
-189745606
-632249439
-210488674
667580635
-313103648
47103600
199104127
2361399
188735040
-185715
640666575
1001574872
-51820743
-229940370
281232372
-134208075
-93293040
-69890730
-186733610
-120453794
-532441184
-166914256
-733608828
442888763
197121323
711258240
77675364
115854064
273557316
209647060
435513627
-212685312
16952320
370803069
-209496265
50392132
148632484
501634134
-219843750
-45334506
60544208
151509050
204901536
5537720
284371449
63583623
-35805991
-521442243
-538235592
-240355472
-450454080
-651148875
122532272
-29571544
-258866854
-827095555
118091004
446701095
-92189782
-150848666
-261964440
-855844407
-45585828
532001172
19058112
44839368
-230025096
-627742
-711578880
-188893254
-106903004
-261625130
91486070
-401922366
249570376
-158294184
502867464
-463222906
-83374605
40265440
169650720
-316350080
106650933
454395018
768802167
-41546616
107183043
558168480
83951010
555419250
364734917
-620375253
422358400
-194955624
-19325240
-224592484
-793436182
208976672
663017560
-13832370
-47343828
-134570330
-616827042
-230570054
668342378
-100516155
-184866269
-191719424
150741578
212670074
-116226880
-149237326
345280628
-491187696
-201212476
-2282592
299326790
105874365
624880950
300750471
660957860
356674122
205832206
19950000
229480650
46485901
-149684549
-180175820
53120288
-459574654
-354384160
446102027
24022557
-502836417
135834114
-204768255
294627973
112184892
76773032
380249604
240579402
10554025
478264276
2694069
-229165524
495148996
206393922
581150142
27360202
-167135355
45283644
-21830256
320999190
-479726744
-472774455
759164835
359757988
-96582598
98678305
-127963904
269596800
-241230508
-555333749
691395520
-415796304
-68777504
-457551646
-372856484
-156386900
205309623
3027000
-738072824
-149443616
-576862909
-79243560
-106805679
-39160660
-31732200
103224880
-238452048
-422414380
113228556
15022956
304271448
7915115
-603319178
33424867
148374718
198594704
-71036680
167626512
-13745820
-72166848
-91036239
-740940480
-543273460
555214464
-279041560
-897616638
22264000
-23987547
-67435758
194169954
838825
-107746065
571240710
-98353750
-266131902
218957844
83603960
-29207968
-12253764
-314031070
311915573
-7723470
-344921130
-18592462
712630548
-208572728
278262555
116751214
905624765
229542000
-189732360
-339937360
332686928
384499365
-128788464
-31760686
-210869920
610666196
586666750
-825378120
25840512
302866872
69099212
525795224
-22389730
-444686520
203816905
406920450
-819586768
543813923
860227002
218240196
159263312
-523135536
434770192
-218418618
201968096
-9531632
-11593455
166652976
-699939
-530805366
-502014162
-435736000
106424780
-516222931
204146170
-382715658
646292283
-605202620
-745986780
92538048
-607418952
-20245232
-632772965
4805732
-14621376
103739030
-654854352
-906818994
-71211609
-56097768
399060648
16869750
-163012134
710844287
649604676
257454388
664247528
-1027304466
278074970
146611304
-31588200
112018869
-12161238
263926992
2007129
-67985589
112544649
-72718848
-112986144
231493794
374652300
311640720
331392990
-4234146
-9264580
464730276
-57533472
-404247990
69703362
4111137
-72207922
-130249196
371143778
19872760
-53303652
478547600
-31045924
71262469
-10160290
-564598645
88524207
502823960
238762088
230766225
-179510140
707599552
182326244
-767654960
77689308
-127812672
157697819
-43647880
709071444
-172022500
59196770
88392811
-270365966
485887732
-122116545
-166690056
-101068436
-755742225
427280595
-296162172
5631714
828042044
277362239
258640405
-6115899
-211091307
-29158090
-2294720
-5559435
228613971
149079975
262793685
-301360015
223083168
-547275939
-51517607
-414889119
661597664
-544657724
-30766010
-81330852
-510906936
108436608
-140616583
-25267962
-244265508
659126848
170159640
-627603496
-52664472
-100274240
196146196
-139368058
-168853296
-92840658
24380838
-6487880
-935199
-414421000
232196014
-5411865
-776377114
206487744
-21007704
196082432
371668875
-336115500
56091216
-493053662
387593809
70756338
-125921796
-763394144
679191318
57974245
-359655093
-126310689
-623045424
-613984968
-493722600
193597836
559803123
853764571
-110637735
-297995638
393974784
-155094855
83660182
-617011668
44063250
31863685
576482512
50982092
-41691771
-123989976
335241176
-93621791
65396968
-234770368
-340915841
714299860
868868202
270668300
14228215
453854170
-486162754
361008620
-102729385
39528264
-11612503
-331043020
-662780270
192773164
-346316500
-106793995
123247605
85856000
-58540272
117001920
235729476
-408388290
-273185088
81965772
331558744
717338418
6760220
7439040
265360379
-274234032
25593600
11778580
-115294400
-913236079
944730241
-229304738
-25743365
483911632
29662290
-33746496
160407104
249183850
-269201600
641205840
-125528400
59195262
326126360
-108935360
428673039
-375654710
65315864
-399268636
-91396612
83919225
18983250
125667378
-634119555
-203035868
91716636
27446580
-158190528
306740160
31065995
184625380
-670077408
468006105
-531129840
-33620676
24721635
732727605
56838004
280102239
191024064
-42252760
-440148615
28028325
664028400
-546631092
238099528
-657597930
-12529440
855160089
-269000375
-50336670
-533401848
-37103896
-128008920
43514844
366042929
-192364308
-295564896
-56860056
51373360
240288722
481066085
155039040
119811840
-472170336
197654864
-162107529
-373904800
-33602328
-88504428
138366783
-593661186
237951350
183746970
941210175
-85055845
190201310
-188448740
-159819264
-207559962
-57780924
2966166
-506832400
544766745
88108525
303866640
-520497852
131080740
-43849161
-206200344
-739398108
129359246
22827840
423981909
-97659117
-150627666
547618500
-259763200
34738783
-507023268
-685957252
79728892
318742200
497301000
-358685705
-232046019
-580388347
-135829650
54088793
401398261
268516257
-10085250
-69039288
-331394787
-23696915
113018024
-256559444
-70940832
133567665
57452490
84889279
144970092
-45795044
361037228
-15883101
-41579244
1861249
172587912
9438630
-516854283
58236720
59757019
107968322
-20344896
35093114
-346369696
-177772644
276387867
-136863432
483666170
751143483
-686745290
-120377274
64070221
-691851750
50334025
-232438000
40969304
384059920
132207644
-18109253
-870828078
304547196
-622391125
53607164
-83305782
261456678
-86879412
-277064574
163864926
143855088
21066672
55590352
-233726760
358671902
6972310
826527072
-404254194
-255278295
17538666
-28163212
-166367344
-975430050
-88473000
412207504
72614322
-71612280
570600115
72390516
298620050
-372974112
-7426419
-5637723
256400060
-266215950
620051496
89250813
87683858
-296603903
-782557120
43505954
273713745
128416666
-831567565
234601272
-228663090
1910648
155580408
-242118240
-99043417
346160520
-126948150
479711247
-74572800
126090300
10954405
593811750
-186268995
-305420172
-247799510
-31145315
-141395562
309072000
430333260
-416323162
-554489500
12237734
561368197
115138721
335792064
36619825
118854205
457619034
-84756568
209587524
608452236
-346128480
-136390302
-88844862
-260555592
264333848
-397722446
472903076
-277169734
79951390
-101911250
100595000
878451200
37190400
78967379
-567127583
-338363801
-73327921
-97992650
-370685130
-157199799
-34491555
-392242760
-546876874
50495280
-487751233
-896069174
-553960899
88864464
147133944
234114886
90331290
-77672820
646491664
288552120
-282365560
133490770
215038846
-603250065
125704076
10785495
175503510
315562720
-433606091
-177448400
565559533
-173625048
-396047604
357930300
468176220
-62476536
-576875460
-71624952
-397089168
-27398332
19826008
754243366
-724576884
86843043
14352596
-8147902
830173330
109983112
-19772750
17868632
-645967854
66424736
774306353
631604864
-9757566
79961160
-459741536
66882288
-420407505
-69276564
-18114303
-198696680
-298302004
-107348744
50503302
9537259
-483239541
410749072
-390786008
448136
895509844
325033884
30768822
64716774
-364423500
-426691584
-526498566
382163902
-80635266
350551089
101033550
-479056182
-31524160
528020768
517759260
-106838424
-140287280
3098529
-186561131
-49307555
-12653454
-6735126
197398650
-10233968
-493784200
13715271
-347704984
-2926675
241542574
-618753830
715552544
-482099445
-434221903
-34636858
-68634150
-1230660
-158193945
-420557755
40015258
42596988
206970921
-73053267
-114191
1683500
-339229917
788436495
109531002
547603440
18819936
546707287
389981592
-322936514
-798862512
183481164
-555033800
745436104
-554294840
10729354
203722860
-864538024
-18865826
-866890150
78313620
-727254053
-381670080
-252182100
-298276455
68093892
92701980
362790960
-563365728
-281915348
-647566680
12712364
93711762
-257094
272127168
574908516
108541300
203413840
361635030
-727301768
-264259944
321186803
-118133568
-45003266
-294333027
189281730
346356373
117180416
-235940390
-853005096
134420856
-645854612
58102668
-681701752
-385262544
-222577050
-546361480
-200695600
-597018280
469442610
56812425
107195742
-275251962
-698243722
-110297730
-167716929
303310680
-624408785
40467540
509893956
-73114164
-47812929
413820612
150244800
846203296
401959740
4260676
622305568
320130875
-780182508
-157120704
-663576570
610617560
381185480
541880982
46822055
-470952899
-483717107
-773840
-136743516
197073054
-341042559
607107279
-316246546
-280158135
-332163912
-1191904
384166890
