1000
711564512
-622131048
-245274830
133137579
-318200530
-165443864
217073546
-366404824
5232530
-584022604
136921608
-432054854
88009824
-247691764
-754741372
519807420
79639164
332784585
32941962
-581909160
-100551950
-438070914
-180537504
-108869261
9340848
-7503532
118980743
-17028328
50715432
33916710
-136309570
537768406
-25478956
-338494956
22562532
-1310623
302500143
747611720
-406448868
117348784
382997880
319041870
169798125
-947664239
-563092854
57089148
395846310
139263500
408131430
-7211160
493441880
-21182850
-373811130
-53349016
679819385
250747702
-564090624
87711365
-8554452
21623900
-171773194
-758917260
25741170
8971069
-79845810
-195262870
-693018102
225812940
-240580200
19131078
189296838
-614957892
-267780240
-169472037
333551460
-295969086
403281980
-149247102
153532906
-269055420
330401524
-141284544
-765410044
1105878
248693890
-220211600
63390144
-797749368
-542906582
51135201
666450
-258377100
499287860
455641631
766530573
458095165
-367856645
580913130
-209075477
17216320
-255829752
88645488
338976275
9378200
39011550
-424090166
151075270
-941543280
-149586107
-72618802
-243523663
-158929056
-98898401
9729280
273690872
-705478246
298035444
861151398
-185889330
86805530
424510878
54801432
-143119224
125104446
34880673
371793740
-42648537
35924555
-50744952
593930414
91248486
-594688716
-28704345
-57061197
207045885
134825887
89161647
334040879
-75559998
-73703247
-543416832
-298522350
108817034
408844800
-346714925
-393621265
-45679876
47164896
538451380
53317200
492205570
-180200520
245117430
-147441312
44186949
-157845006
170012750
-39474563
365937416
20681640
-350157408
399508498
121264255
56000568
-10364592
277061928
28836729
401930952
-158526870
-734298966
157623530
983552885
351296221
17138182
-486951360
93789052
-186553742
82971395
10744523
-721920536
-7645184
-344468195
-38793244
120040670
753105705
50395110
749133000
198746352
-154589862
-2810445
518082912
724848678
-20059102
-192191915
-83604198
-6247904
226282500
1004912109
256709817
5502000
-525545216
-236114505
-691272944
553738965
28065184
-563579564
-301365987
-82651528
365931848
522625922
41111394
110508780
-847366600
31627955
452514433
253942808
-128239738
612032432
-234249324
-538529125
-181974090
-287774964
-9551190
123597144
-4740774
-463987132
884243982
677384224
-31472100
723571100
248537051
-546038250
-172941360
-276857200
10016642
329926590
-66531801
3540789
388688805
-179869488
417159330
-508780812
-128358160
-125649764
-188481992
-170056320
-42147994
69337180
-38912989
-727425900
-34645880
-180257868
179948745
242088600
-225741421
-286394688
-117763342
-35563872
9045939
-15851460
746078900
-50310099
-420576426
-560531060
214345472
151570776
110470338
685618880
544507470
105370354
214654512
-35061987
70978842
342437100
494615888
146540518
202478176
-128593296
-780776430
488048546
-694931046
448728858
-875468706
25363338
-180025920
-88782672
-222252983
-220967624
-26522652
-586018576
-105157700
552173363
277284210
100950920
-56365215
-955592268
408062412
-45545669
-455828265
-181261776
-77268
-33583344
248360385
-48601300
-183324990
424630024
-79547812
-266605872
122280150
-113986040
-968528928
-281429232
232425600
4003992
-144817200
9861882
-345100206
-2502148
-677407760
-71628660
-227776914
940211424
-5294793
-109035220
170530425
-153290886
573902552
-17018964
289321164
-693316699
-938965472
-238741965
-505397392
-16116922
288091
109730700
-144542692
96529338
337910738
411772816
-77871690
174928442
-69259923
-80667400
348584200
12427920
-507847460
-15685092
-159632694
6387104
-1949919
-8836300
-922935907
61838100
484423016
-598203888
541919616
-1019221030
-865685695
268535610
-611415567
22026270
320970728
173475408
-184066710
-285210640
-375670914
-25267485
2429148
-97362
605878500
41360814
-12621263
-890544694
-765964444
568303314
507837792
-295607841
48220704
-105335368
-143729400
403814514
271444173
566986068
187700516
209561976
-499360725
247451776
-210905538
-245046508
114779340
-622609232
-106918813
-74313738
-106649592
670156368
107613220
8777870
-42896750
-481176288
-221531116
-10647085
-191667564
-175994644
-354088623
332528976
-150999782
496647724
-324906975
523486212
9022650
517625272
15844400
-165467630
2626266
6407576
-96842727
-9292404
105279660
-182032908
-430740180
159258325
175179312
289810800
-328395200
538316214
-249177994
-37336896
418474323
140416650
354713142
-558646314
-886844695
-504041824
317688569
752962496
-169884132
4876914
118048175
-155384040
-231631160
6670632
260297625
554178632
-21958560
30177225
-492940498
379970160
-549212952
11819885
-659921724
-245990853
-278481588
-395852094
-453430050
-198237188
94054399
290052838
434402058
226006110
-109886432
-94860996
-839553935
-324185880
-61859375
-592343580
-841614919
189027288
-109090381
-745581382
961086740
-328998501
-456700149
649709151
625932450
24715574
550739280
-16156525
724756410
464603960
248227738
15661998
961191588
561119866
42332875
-1695100
-460455732
-45795150
73196448
-14838558
180025
-3183438
-406490866
92452791
347964240
252319371
179962482
74096392
197971949
-15442614
59792800
-48490684
-592341552
-83907376
84330466
517646112
241597578
20898700
-129402664
576947700
-281485825
-135224936
395226
445373775
-249937632
122405740
542436300
-69994248
-205096777
709083711
-222345810
-357206436
-321965836
890026120
275315658
-373042200
-238836977
-129602796
922408695
726839800
816283370
-589979832
33178257
-209987064
550231435
-105956175
355778835
-108813276
-84805625
-149231292
-228194720
-397558314
-301506540
-373981012
134847180
-119027104
-747382032
346344999
141767388
-2223600
83212208
-536972982
321974681
13772713
817533600
37581843
271812240
-70599768
-80962992
607762738
-576648976
495075328
-29533926
-816338624
385471957
8138802
146813706
17945956
-891993000
-289041118
-31160880
-595168608
-232651328
-259807020
218399092
-563362920
-469013870
-132986540
-477901620
-254808841
35794500
661940850
490432104
283888422
836863016
-107547490
-342105975
-129751050
410000392
-396477900
-274481424
145678225
392463864
-70884468
-195698689
173035660
-530510778
-566899788
-14821730
-401414208
169506854
656230761
125650707
-265627999
-65285815
348482560
18441220
-817630344
-303996100
-215762740
139995272
-34302420
-34944681
238641600
56178826
433342800
52431967
21942423
148568875
145923600
-754824840
636518564
108195780
-212855738
528324744
-407749221
80946738
197651904
-175771287
-291001200
-1029352042
98835400
143607909
-67978278
-27490464
-139841430
248779271
-435655152
252064241
-208031160
-13767003
586379136
65716163
-141159585
481190075
274584908
-204628500
-385098976
-348860520
-25659426
140712780
445419800
453196600
-616699897
-102364695
-247845036
-155396100
-96702952
-387990804
150724635
-19831605
122622372
-743334840
-97196118
691461883
-334039300
5470956
57116379
-209441050
436896256
451448732
-145866154
389296305
-18746154
-388535105
-128287242
36005373
61198920
38174552
-523724270
-200336423
195899886
4062630
-52551720
-16283732
-296350285
-31586032
457919532
638129756
-720066886
-5720544
378594568
92277575
195668380
-116618364
342052531
74993006
68325861
-129098034
628159568
-200173194
269740245
-166963266
-288148830
421786558
-557192408
194755330
-61207920
-5570480
104059916
-52383460
-208997908
143638390
321976127
354482856
65243136
-406635784
-201649764
-100738862
291176340
15762441
94787448
240036720
11919770
-130526814
-345532176
-184003320
-468018102
-16450092
-49948008
-101337136
268880347
27482537
193659300
-448222095
206293689
284948370
-282436926
-114243792
-153706874
-143190938
10713081
-408784658
-293611758
-62241594
35115236
133504128
-27401946
517938274
-634738740
14923146
247801792
-763498176
278962803
73482556
606103275
5971344
139604000
-140438718
-185295930
580522250
44518400
-685128884
548222004
27489150
-201655762
343266534
-263704176
-316183833
180974977
150997072
-443374916
29748
-430848044
453008743
200051613
-486435180
-200455080
-40915504
-298543005
-661113796
141223527
-320766754
107597490
164062295
8083691
130957272
743597199
-332141796
-316562612
471390148
958425825
-109542195
70915119
-503395695
-119127669
120044204
441588192
-4590048
526435318
-860430658
365711104
30154467
-544650219
144311622
-443785755
50770660
683234358
277061876
477073878
-74779256
156111510
-96637310
220293396
374438130
-665150670
744007810
-501502980
223105869
1409616
-14786880
856808177
-28169140
198895224
-1191137
-439721080
-25100720
-650691270
-114105566
52913652
355805190
53680172
-39964470
46864520
-37942170
-857688568
-251657556
534515632
80603477
257712429
-372999832
-399777489
62420953
-361826304
170992400
-132321339
-204084921
645477099
-139234095
82867722
457748480
-91884726
-31780780
-651271386
56178144
98841308
672889488
217024388
21857108
566746523
221600582
4256001
-546977952
-432333075
40688120
526188882
-131442632
-435047700
471462398
270066000
135603630
467305050
-159033767
64574160
45592624
-1534974
-595565310
464745960
507106368
-112951902
318933396
175284468
-109038748
-228162021
177297975
138995265
-281476294
421284057
637114855
116986078
665688681
191209018
-490482036
803455156
-256734816
-153839019
469461240
-116111070
-24989214
427555995
295195824
53082315
624203366
215349540
518321160
197735496
120772034
-520526220
141083170
490788432
663168325
444027519
-23435814
-124685034
-254176620
-378158710
17715400
541325472
525858102
-224676136
604704256
108207096
-979661385
-40401060
-334578732
-117768014
105253560
9544118
-249151464
-62899956
221503370
48781740
33896250
-77477567
-190866250
46814202
-617702056
-217704482
-127484319
88212090
245248632
-291208232
-336558132
-685648768
-542672820
139370376
62789020
3000517
-405149920
-62361441
141829332
266940618
217780816
-247626418
-592145676
63097248
-528832668
509035616
124504072
34072542
258919600
-172767504
112690487
-703290175
516621603
82764344
-260167112
143120800
-39769030
10632469
-688408974
577800
24784020
-594477578
-412929036
97606184
-195145374
-242054160
-444542171
381478416
-841499956
52741416
478867056
-607760136
300332544
-170350660
-37175477
22087115
-143019294
117595764
62394264
-14406948
164951040
106281700
-510028236
-171353408
185575350
325942890
54372804
-643793850
