1000
103996538
-105875448
-351515358
10107630
49491795
-887252520
-344182289
600324296
-256327264
31783744
-814077298
184829044
-636684030
-1004916196
718882188
-94779542
-11383278
-491207745
-106589648
478246176
193032840
146063812
-400654956
-295831550
-27566184
277675067
-59030040
-160948501
158764392
9657058
50485520
-393239871
285279849
97913340
29668089
645993921
-925456950
402824510
-59389590
109039608
-770553476
-596956822
-286183870
82447330
-51675624
-3850588
-95851701
-12953535
-864798588
552056876
-307386576
91085830
36204003
50745702
306036915
-616390159
46288705
-162197604
-429988100
-498334680
15907320
-539530275
-752208732
176105124
-275513210
75534217
-273944745
142774344
40665702
-35970774
239701886
59242519
594222756
434910645
-573132625
-93780180
-221137137
-505963808
847583958
-365339628
25121920
-23328870
-643307668
274451658
-655224583
-456271452
-134067576
205979562
347813991
-439965496
611010200
195362500
385927219
432139976
-193983535
-251237844
447271
224750052
648770152
81080112
-29081675
2437527
982822800
-88661052
-19973750
-819846480
-1020042936
-134401357
-399642205
-281046472
-120735042
88265979
218112048
136454220
-575654376
262123416
-214156992
-8693974
-881315027
-92136312
98561540
-131141997
10820608
-153898416
-719333970
-234895680
83913462
72649410
351266480
-511787820
-57202236
435953058
-495776764
-83354912
-818236421
-556860636
-106217690
-313149186
-159238930
30484506
48953898
389312460
378366219
27113736
4236624
260028100
-63060004
162952788
227950470
115463790
-524403590
573794592
30908775
454894392
-79813089
-704046037
-109221897
-87650640
81117426
304229140
-1784159
22079752
523197015
-132913872
-475005495
160902864
308665140
492898896
401296662
162388050
658102060
69193071
-52733584
76056369
-588349062
-211614305
-62914460
-198053414
-6451096
545350052
-17405253
477058212
-231094951
763321160
11015202
51515240
-15592320
181240430
654136560
-402882240
-374964177
33293155
-270845190
62094608
-136578225
-223115918
209720550
428596168
-552990440
343716555
-41337198
183234012
96764652
-401168482
21045450
-452522373
180285238
-169216425
-663457191
135871626
-29665220
-432748445
-354457140
149216529
-225850092
44897741
-2154880
357942336
-116871810
21733054
205190981
388623486
-717552342
98528100
-317287946
221196604
403800004
-413516748
209870124
-112759392
-35306400
-678119368
-43649804
-12718570
-466604480
-641947494
-209713736
192252350
505722084
844666963
310082175
2602387
-475791120
-351805725
-85622972
-725894997
1024847796
-100372734
518065542
97080418
193427096
803866
-403803777
-165852000
337544262
36528264
557141760
12579273
-172272054
98150
-198888392
191955408
28708848
-698027
442659211
83626068
-19701135
22900704
-17055040
-572625265
14120805
260944112
-317645184
129637904
-4105376
548228590
-23575638
56583360
122345598
168376003
787210480
-64365509
36686530
-158266202
-37272688
38465691
395828268
-197515377
-668455750
-19013978
-315778772
401825919
-82514250
-108911416
211683731
12087456
-560325752
-118341576
-717742916
-397987695
-55966677
-34940878
707739672
-94372248
-61403684
-453777100
47422004
64945916
68762400
449973532
-1534624
-284609451
-300367248
-270355833
-19926153
-423830796
42382022
170627912
71377764
183260961
-423462876
-357951051
-575218206
-534327730
138751690
-271428624
565600550
347411770
234259603
-82180230
-296186085
1640964
12158544
-63600675
285987884
-14652288
-142542509
-498897348
-354851211
-364117554
308360112
-318968675
22355340
-356590689
30550192
22696821
-55890252
-39181548
312430360
-141544832
-187030354
-334089738
9369990
18140792
219735942
-52493320
30995520
-38126652
92379900
162971018
272494680
93941656
-125426196
318676930
-21496209
-88963684
-29086980
-30018266
-280232064
-8753056
435472536
-483146936
-767412534
-88706100
-800280640
272424966
-123270774
503422140
-218942328
-120888966
-386737836
72579612
-128338760
-87154206
450944670
-7715133
692342300
596919960
-56077285
55664388
431037864
106769128
328026487
-18375120
-440717625
-536911728
276913464
616097952
-938043792
-194910236
-110051920
-625271380
-134050484
379292463
-362468709
-625258950
-171408583
-14580832
-199823572
245080064
81241160
-287354760
-7568925
-270641738
472775488
5632238
330319104
-3416694
-14808200
-443222052
-47641280
-140750180
-430748829
-240462950
94845606
-241246124
-150610462
713288178
-128226112
882027
97580544
-175231852
-233290816
200919600
-38816802
-44645988
-221288870
-737737527
32947250
381323376
-186440064
293760075
-291169475
-368411904
924017220
-43698330
-60946236
7222968
-20117760
326673984
266629496
-328632092
193449248
-124784088
-239495444
214197312
-206027018
-26013684
99676038
-28026387
-232089995
267737120
-439173364
-646726818
627775992
339707100
531981281
874812554
-21953799
642283620
143770653
62606463
-48735180
951537048
-99002449
-79793864
391935820
-34455498
670624522
-62417991
-103723620
210547104
-16629060
109888710
-326307135
-152922879
37688400
-294639826
-838531923
110717530
-30232284
-532655626
-21366982
425928503
392194618
-349715518
267458009
355220827
21210665
-34044104
-57794948
-110721402
289171090
141827400
868049896
382436274
-180865439
-537113071
32695827
-56529814
-278816970
-20331966
-36520996
284931696
8458268
-38124488
-189635184
-108748400
-349089979
515473060
-204896529
-175466418
-28886000
117602976
-382535330
-281050861
-84748544
-445415070
-120223412
-203247660
-308971712
591353136
861033888
-178250046
647779152
270287300
2354916
-274181670
192495523
-203050575
-168837040
54986208
155403160
81465618
269656170
384571530
327665481
136806504
-83743776
150827400
143648586
275246840
456115644
-144352800
279596878
-189089712
118017746
95157062
-400447524
-401248064
-233066236
510215250
299026900
-163632960
-128497840
-345362913
-241216150
-59195751
184410576
64903680
-24244752
14399248
213916276
433803077
371718272
95346896
4557722
-130966704
-30112732
-417510099
-144369890
55666080
89865555
80358201
-271338197
80463600
308446665
368701128
-3524980
17272400
-23753124
413110321
-87709324
119070319
46283061
349909740
108452253
-154365000
-209079584
-6697854
-1725560
442944246
-10115091
69417165
-362336991
76008678
880346973
422159296
277684936
327269475
1040294448
106957120
-39318280
-12726525
-232523008
331728448
2474587
-918528520
119257060
684362880
343741020
492812430
-15012000
24508756
-469478358
-83687912
-3134592
-10396580
157038840
39097015
30140222
-8868554
-221418510
7981142
331780464
49571220
187109704
85769200
283073022
114085437
-5362176
48345858
-58625896
100138598
463632540
599604775
-548842400
-312545212
-82891484
136368828
184835328
-79914820
131360802
-81587072
-104171431
318883532
-230342772
253020600
-66523788
222610700
231004776
235461954
-114038784
-176344294
-295517250
49441568
432190458
-415146088
22515025
-589401174
611581816
63302837
-137108125
59024000
364331691
-6311200
-47818448
629341086
-180450087
-125482236
330120680
-278320308
580456099
-271043850
649555000
270570300
-2613000
364957440
-448262502
-671808800
106765980
-86599170
251884311
638295124
76998606
256435800
25231962
89347410
-83378064
-299681140
105810375
537437320
7437115
93634560
-289485819
-512665956
593517132
647184685
53751572
-79952970
-81638304
774626056
-628765560
46735704
-99956350
2940264
727063680
-681274677
-211310582
-51565879
634845195
289519064
-774066447
-49278720
314733072
65990001
-534411948
-28075856
428233725
-112555971
151969066
194516847
406536370
227141250
-151275627
308516706
-681329020
1020193630
-113159312
-410375140
36705922
-696099725
15108768
294646378
175585375
-372133254
-26888760
106135380
412865667
-346623788
479414237
-234918598
-94666968
307892715
-168216579
307563830
-354118150
-269920644
216270840
-490602464
35897400
-64615640
391382995
-677506680
-177924096
420139610
163870461
11208528
260790200
-504959931
63271482
-33645256
309428730
-138818302
200749428
-974509422
35520878
-623153424
-387203526
85179600
-79191532
-271525417
-27738984
-90524675
-149303232
213202295
322695368
-831724902
805256123
260787200
324825258
-36824400
-92024386
-301994715
-450553440
-70196564
434582400
-175175460
-508189656
685971187
-184660200
-61628248
-91316736
185923101
-59734980
-35336964
-280918528
-520614890
4955534
-472103014
-284494260
-248924412
28650104
519364485
224859534
-44246525
653028558
179634294
176938848
-267559978
298711668
718505040
19592160
-74453875
-94995288
21746680
-279986694
381018240
-714839840
63905463
45130528
-133287480
177697632
30286590
484410036
437025472
-533715966
7092970
327791064
-204668040
-328589126
88278180
-131109984
-478812985
56209524
-16438527
-327410892
362153542
250666677
104124669
-657427590
-48105288
372330
643416950
577110582
307226940
-124853216
-263584818
103927298
-8658888
-72009762
-95211792
-459531680
34406625
316667746
725566972
492335878
794582118
631260880
-857794575
-815805698
-107291550
-83447027
13680670
745005144
-596782010
199621448
-147862260
34493816
58817716
255280225
-897454740
-291018125
602430444
50999047
55955245
377427300
1167660
-522360020
-600964063
-73972668
456942345
-19995600
-367563000
-80239908
-60877161
-821851365
730027840
-12915665
-569740460
-542821680
-369974634
544591104
130766880
-223501392
102051135
190400290
-406206864
76907922
-147850560
13086270
80551672
-294314188
-137788690
-189735912
142261280
419637155
-77672434
-72427000
197109850
261411846
556734420
-53985636
-67533543
-678196236
-18870620
447625490
-431240676
159855740
-311454601
-17707096
-17539104
-162920232
-897930792
477828192
-160386324
-504817110
-140473896
-356256384
-26820225
237557397
196860976
384323709
8883579
-507892709
-49784350
2043366
30848112
-237021864
372997040
-152499572
482894752
-471713515
-232007228
-222349236
245639744
346369374
84771140
152702930
845000985
450742230
-177259736
-197453991
-473660110
-593392640
31724637
-45803680
92444664
-24982650
464538730
847678370
-296295132
-237051384
-282555630
344236992
2060973
-119539560
-103051014
23582490
-96645792
997061472
289097920
391710475
-390652312
259867440
28624362
6980904
-677302766
-264388892
-259661745
39552758
156614080
37416158
574924800
-265759800
-429176142
-80831376
-50732920
-431692352
-309491855
