1000
-312747701
41505972
-6196568
243031424
717543333
-42745545
-4228035
-35832788
-176431276
-458901234
-274405824
-456195520
4166649
-123505187
-393823108
-258087276
-656122089
335969634
-139959624
287972685
-876669392
-60030234
92332229
84544425
452985334
-29874460
-592664805
330113320
170573446
229500544
38941422
335449280
-343215595
-542255613
261526989
-267628837
-374532080
-120193488
-303351741
-48249189
-18749976
171562671
87414976
430377600
113844960
-216244376
-320692080
-283265920
212969328
-20536632
-421667136
-150691900
14836464
-117229183
27662085
-2167228
440612865
-511256728
-398859780
-89169414
-208892112
5853991
18131967
713297952
537115355
-195959530
45984960
-85749248
139304936
-571714028
-256237440
-1078550
-658485336
-7650552
-569625950
-89678664
37835655
771420672
65956077
-339046611
-125385072
72512040
-3012749
-155845443
-381059934
-357150820
141157587
-89845164
503678196
202223566
215787144
55358256
-54035644
-32744312
-48961250
3403660
33547044
-349478376
-830729835
-41398893
-293780498
-56919875
-103409470
-399913268
50043009
-110545344
149901543
-392150736
-724802472
-199255960
337755258
243274956
47394360
-19916673
-323558789
382760389
-339009720
62293077
245975688
-138738537
32453406
-827326050
935817714
-135994968
-541956950
-192465988
479192805
562527688
126418948
-761207185
-61140660
431577300
-453455724
34867448
-685737430
-167781760
6120576
-113402708
-18675384
415135395
368866575
-138829702
157323880
398490145
-206588151
74393680
-408682800
179394860
-34699806
-259345953
752918166
-411382699
140984638
68782654
-3351465
60225642
-439179768
-14806740
-228429240
-121968275
-123449612
-371454160
787788743
244755261
-858790920
-42380130
-123161576
-274960669
382005936
628222742
-45041361
-518337840
-126248445
5826750
159371025
-48177040
174288891
-93703263
242336134
-749890848
-711472845
8418548
70911610
458644680
-783988288
-128639306
51757640
831827941
-306785607
-370523904
228976650
82537413
-163520868
28798536
-56527750
-211521024
-2065950
-193836132
119917000
-208811876
641393305
-326161638
516354852
42991661
-35890042
731124736
-558598638
-715769108
-72297432
380160750
23641182
-723245748
-337496704
620016474
-4739280
809371940
615842535
-496129480
77973600
-59321718
108463080
284711917
-33108168
355780392
-342768888
234851175
-206160184
584073979
403154529
-654092136
-456979380
-324127610
-165605251
52337800
-4788900
221001596
-466182872
105343410
-13213813
167980130
-99476916
410698498
743377734
-252406968
155362746
211574988
259875456
122700456
74238801
-190867576
-846840159
35962272
-332094144
-58855056
-261230670
60667179
66866452
418451328
125643065
492368502
-901506321
401543365
243833770
-28059696
16920939
128200443
184017981
-60555524
247694062
118909050
117671541
213967626
-56551848
74913542
143675118
104511601
-95268075
-208497024
-113175920
128051124
-145935018
-385555986
-12131977
1662108
-345899813
-62864342
-254751120
779681496
86171079
-251925231
227453166
-66001129
97322400
-339788216
-289665124
667148075
-45834679
-74201670
-568290926
-946004899
244785312
-32983236
-201538890
167389662
171348166
-118325830
350460691
841540652
-40759565
560967096
119675777
-961995270
-134068964
-496345300
709106944
58151955
-169144042
-170704356
-22495488
-239244881
1512042
56095986
-579213252
358314546
284095062
529153391
89000465
-291123324
-21829938
-183672225
-343949716
-209210746
-3721158
9782400
724190852
143638502
381794880
-288100678
-755005275
479041680
-247306383
739058880
-123191186
-105011781
-187249440
225308790
635084816
-139314828
-292827552
-429377156
-33528250
-28728644
109509624
599560352
72918780
-223033920
423670743
307853136
100895301
740936460
2828340
-190803270
984206784
557108694
604960986
689703714
-62015625
-269032774
260177995
-144666888
-57565332
23443354
-561255870
629798665
-363703130
-186429683
62702186
646054790
592393875
-430956643
-125478360
107617576
95895439
-387960
-7349006
-157130160
461175885
251429208
238811852
11155905
-87123096
21224126
-17470425
469067244
198384991
179976249
295626456
345221562
-89624931
673656949
223915846
496635279
395968641
22102720
-225941220
-231206535
-3227392
-68407560
244766340
57744482
-300171528
-115571079
277969699
-66802562
383568765
-672580731
801777024
124436193
313368394
-5711985
-366679126
-64097677
-87833658
-77115820
-390674648
307189799
643632
146699850
188790657
-677890224
934267418
-323767843
736311126
-708846570
-529718670
3003156
159875670
156217126
-352399705
-22818852
166064843
661697900
-27940146
37438026
-76936121
-182061490
-455995144
24109459
-748223895
-46945668
-503199478
194819982
101190034
285390784
-72117230
-54353695
-355750122
-128940609
6415200
408180420
29012211
35635496
168950743
266478336
414340922
-260345634
-348957
244957370
-103968000
-437472223
-134143492
-267645020
-329148545
58731088
401563254
157658144
300258330
871205922
81424730
69694416
-388787616
-17581707
80190504
-408721464
-1493355
88097652
-97031076
81189636
-237130274
138812872
586615554
206593120
-416044594
-604116476
18779028
-315929208
-80223324
-7714560
-48995496
333022549
408718605
-88104720
-432284100
-139330760
655153053
-70669952
-543276875
136026312
373091222
185491182
-65242320
564248160
20210932
2340864
317878214
12366055
315981845
1869840
411732052
579144384
-634769817
-183877920
-92202350
66813600
-352278144
-234501480
-573629612
794513000
-209339724
547829856
6395820
-3622290
40594192
-138441520
213692724
401740196
-43976610
531927270
820054098
591023825
1032562675
-71360913
15379470
51412856
-989227539
-43879600
77883660
347885285
50379980
149371043
371871192
766891648
269744846
-607677798
-122410540
106662490
-12219516
554255568
-179665200
1397635
71678964
413313495
-224652995
-14937552
60903424
41409978
-399936645
-159335022
118169457
-504931175
-347353324
293241592
631765156
-199729492
398525400
-108335656
-192947968
-193601289
-513791259
-26816136
139965000
-496773200
-48707771
197535240
-416990483
-278772909
-779856606
185366624
71506402
259839952
136927032
-347309452
-676904640
416550848
-345858688
-629534213
528177888
-274873466
-319518984
536738865
212404010
117281402
-560762710
-19273512
-473446428
-574878383
-171668040
-257747466
211769397
75401222
-26098254
54218349
-282268525
64983700
882461600
-406702884
-15914448
830632374
-317982896
417999701
150751520
13216817
55190520
-50495872
-143258076
-33012860
-593013190
534435035
-31513923
13437237
-11624360
35248192
25355202
195601386
255527832
-17603058
93037905
-615103920
-812514612
-175344870
-42528330
-18120090
131021568
260438640
-81693702
109816736
-893982185
470517264
164878395
-291506292
-293227610
20500480
576038800
-290349540
-459171460
-202488960
311498996
516980904
359920780
759374815
232414465
19618240
148414400
-70717328
-129828524
-7914308
-319352328
-852668856
-212083461
566908200
-116073017
-318381675
-158584536
18141522
810404940
-33157230
102969090
278461328
-280624156
-1236309
-1059197138
-268741350
73196588
802380059
309164037
-230312913
-764817300
-392599887
-8192184
220136280
485966355
-112805368
-272261663
-214460404
-576363501
-484601292
-47451888
441094295
58599268
-163988248
-87764534
-430871103
35980524
-57658692
560660621
353341036
158493348
-27785219
52258380
-81550096
11455365
750208186
-14614236
-292884669
314740944
-65125438
-304936769
64221656
249170595
-588049428
-142924070
71447445
-465555840
-167113440
503118702
101660772
-38206598
384159924
-179126262
111669480
-87651252
26701675
22596546
-264872427
280521250
-803861630
-358878375
-603037740
-39501837
-556824567
340612736
217564416
13936896
-9158650
436109560
29485233
-104792556
-90168128
270940012
-56996370
-191853495
-209092575
229957285
-78695281
-51903600
312775615
472254864
-194503324
-1130350
12756800
-330695305
5643672
-113414980
92552845
-207574144
-115477648
-233563717
-11876312
-101339508
274109874
-112916650
530966464
11794556
104491134
317533458
58519055
32739840
101025990
439870050
614994642
-428669010
318226590
-110264040
653211200
302388147
-32190237
-110105379
-424630180
526910454
-494855517
-128805138
-335647184
-796460115
-103739152
704677710
-47574516
-510063968
33173520
164404072
164301968
433951154
342409798
259322976
95122281
27710199
204553404
98306084
6410151
387865772
201166719
78209100
30953472
-576458729
42387839
-481589680
16479540
475990428
-272935545
158401088
76886943
-399091174
-209792700
-300219745
604903188
-23696384
-100362125
264137787
-529956768
91289084
-328464945
-48945292
96690048
850885815
15384680
20323602
208377570
413018832
99471438
74725344
-17163489
-214569852
-222003432
-393138588
-668832670
-328498794
367869052
-141144514
-30131094
-244730397
-271444950
-192920500
-125518380
35476488
853740336
-104668806
-479226888
250345425
-97715800
185324072
24732576
-735057870
-581479084
241807748
379475206
2608604
-39470945
96183356
517968252
-196683936
-181748908
-253028282
260868062
191402750
118857741
-226424673
99660982
-517175
-271559925
-85320246
214475842
717734210
259471638
-516639200
-452167425
-21292932
-138000553
23778300
-647370070
155937782
-267753192
840009940
-617230929
411062277
143938632
-600717998
274753850
-510089760
325733813
-438448128
89752060
-389296764
253123200
280594418
-507620300
-989728278
342986480
7793550
608334784
111235320
107348625
449999838
-430930526
88845009
822652899
-696407883
191829891
89176500
89259416
-43596165
-38277856
-181934765
219872204
121653300
-8782923
5885804
-686669178
-199280541
-119946435
106460800
825323352
-148406592
883434412
447283080
542634015
603946008
-80204688
116429660
61801044
719495183
-705220302
-193314185
111707860
-2786125
285452244
-1024574015
115466110
272791431
194827191
777897504
388577448
818187297
-179808432
518684151
48529662
-408099825
101155257
241158675
159915168
-23731783
-631075320
700896180
-95653695
580753926
493960212
185272420
452528446
236220556
2282985
-341303888
-500782960
101601732
188996124
131640576
12559360
-336743960
-372925350
-65613252
-444452281
-887645670
-417370131
10351817
-3365280
-97372440
-161604888
35830652
258775600
456613865
-56735827
-232519236
-368070496
263398408
192090826
-249473496
133446472
66609585
393556272
421510782
-29856803
-500409217
609081060
