1000
-448120233
-101099304
231722631
108983463
487375408
-546939234
121104168
411941440
209764308
-405062244
32523876
72011698
-122004700
-367638498
-403522679
-350996890
421942053
-150494700
303629796
25722200
679546592
25293720
60166806
1010140472
-122895330
-438754680
613207896
-111961640
-421154816
-861028140
9639470
3255631
-24821698
-65334566
-467355123
-548100
61721682
-20199036
223691070
-232909952
-818697312
250084133
529020672
864992376
147324528
-162803248
-9217425
-151981401
-85151497
-65357382
-318939620
570321116
-107932928
282267856
908077950
371976104
-566916848
-74198124
81070580
268841222
-244881297
583500282
-248328756
-80235120
124924600
176542146
98142148
-305375293
-249167004
-57075120
448555140
84209912
-77400670
-36086248
-177255081
687807494
3733152
-4247007
-182220012
-120064784
-65270010
414006670
-64079017
-171589128
-254454758
25883574
279035663
-482088911
-251669679
19060509
116333550
-178482267
-259740240
-749859658
-516230570
-66036957
-28826681
-61139750
461444868
23148580
-274261526
-483086920
-404383668
-627354325
24581700
740294880
-432833625
204274827
-651230223
-360262716
148892800
-163887244
70317645
26020190
3185552
-447816117
-276732324
-140984298
-44196565
-208336275
152203900
301590250
-231948924
-941174838
-370377072
160729725
452352384
21542112
-843420906
-306845514
21601264
-12955904
-84713283
815845842
209295775
-23055725
-193773622
-402545829
423073432
539209380
-210983046
130424112
599959048
96012
-64499532
554293346
-733678660
-183536052
-737640420
242343426
448596096
-815520906
1669028
199970736
-394426702
-388532
536605050
189263686
290204148
-25801920
525753282
-455797989
261849864
-500925120
71386632
35276932
-265720472
134422682
-347459409
-258546825
-850500966
699056984
-416123314
-112659520
-3647290
972081790
-432605800
232590390
351678656
9862040
77761516
791777280
-393480626
-478813275
207933096
11008635
131037942
-43463376
-142389912
-32771651
355855032
86753614
-667410408
242570328
392383155
47018925
293619105
-262175211
439869761
-283533573
374940832
-208465405
-96550823
24644170
-817686186
311590160
412737724
-594690264
69176714
409955656
-9016920
104754062
-25696544
326194250
142528848
67277025
-139380033
-8086712
269901135
-30240400
527808015
-377613891
494085953
-278108130
-567746121
133537460
71062054
439652490
-355599666
65375625
-871003434
104951304
-7284192
-169070993
528276681
-4010853
-633299616
-14259978
-31257220
-601346466
-2292070
-17351664
-111792240
-91407052
344006352
131881750
110867309
613141153
-368649326
259250487
599472325
261174072
196188340
-481093600
94684674
234106183
526482730
546932442
353697597
-828104172
-33382405
329934708
-28050405
-48767125
-841068480
-362348469
353530056
-484432325
23443923
-13497351
97392803
863023329
-104557376
89339868
407552275
175656852
-135146990
-83575592
-189513144
-296778035
74799621
683103050
173399670
52423242
-154718064
-417381840
-562443550
-96099072
-308906190
644420958
248031824
-61344738
9088728
-475649889
-856334600
-868297202
292027311
430249312
-77666508
-501583050
-854406490
298608816
591628818
717407530
945436352
-177988148
-161043018
215265681
-184859150
94075186
-37718380
-477155268
-358809734
16446048
330239040
412988763
252740784
-81680376
-94469725
553795554
-401128812
744573180
173388936
-645248076
4072292
-32478840
-170374512
-648958282
242900240
567369879
31596404
67229888
144706653
-39015108
664769568
-165081237
165058304
35352586
180189360
-3359360
-25449584
8965407
-259318560
-195740888
-295032960
-409344320
-587985750
-826088760
15970500
-38841837
440526884
-13057473
167760725
-27940032
175442211
378968984
-476459904
-15132550
-33171017
-128006215
47964735
1317919
-4376328
95729304
18649995
-243839176
245406672
-533461775
493234920
1004590854
-629949672
250930337
617252100
407167306
617110425
-163033710
-52079244
728043560
17297200
-420479100
-181713426
40163148
-63903648
-505154910
30334340
212956645
155654100
3693792
-728282488
-26358120
-375920968
658220806
-10648776
-158978041
518580960
-624888972
316223250
853390440
570056426
-214384698
-145112792
-52573896
-486158362
-277913026
-708363018
-20295162
288851940
603533124
414634608
834322680
-828138883
36003924
662044075
313326790
160118536
24883369
265689531
-834246569
-283986990
653547030
801943840
78975040
-237993912
148685868
-100150616
424128460
119578944
329280534
312018502
35514240
66796960
-166879573
295433736
179435255
20658178
170044723
116904843
60896300
-45431890
-116445780
305299960
-247381760
60662925
-286158106
-77625600
223428510
230570850
260067561
-589267356
10787858
361117226
324355416
291668853
21789040
101705373
148024359
-170860460
205885980
-494636760
450464904
-542685594
-261825120
80579366
387699840
344434864
172198935
43809744
-216079542
-672687600
46433679
-150025874
10679536
-67593162
667572983
26942020
54787545
-71174320
60995076
-223371701
290060732
371725956
635317787
19460784
209516940
-110362638
-855717904
-961404408
244346720
526549264
14795362
547920648
-568337694
75173350
-882618965
-355253613
-275087823
-265840620
300140700
167223144
60479328
-217425348
321762400
7372305
-5769000
202246380
88157340
-96099360
38866540
-834266969
-648967554
-210950535
-49445186
134917548
-29419346
-412043408
30933578
-632424684
-347000906
203215004
797413104
-250854728
-270576625
93598312
96579593
-769156269
-16228449
261156720
48735968
-84880288
-21718281
-562286029
-13153685
-155904196
26786211
-71343185
72510311
124303914
667983688
-574731804
-529792320
-88732794
109549121
-222540300
50727843
-176930208
428528646
-378401824
604162640
-106557762
46999238
-624863377
263082024
116777465
-112957911
214989546
-149723145
174986034
-815586210
-489700058
-277259400
-65062834
353725235
-473910532
524153395
-129362304
-219587013
-141747336
-418187364
-393641880
-9759084
-686247488
489695940
180078312
305094474
-405877712
168796383
-351916940
210785312
-783511920
-125812539
609029960
-612955289
-62476008
-402062150
-14449935
-80886606
192623193
182276176
974302059
13632342
5670912
-330019474
706696140
200406528
196203390
-18533405
819721416
440001964
241269688
-132823859
118886184
684160013
-60353517
-100664071
-580796058
54750950
-639814330
-159673389
-32940905
26276096
675925236
-724603040
-76330162
-130664820
1502564
-376185992
315764036
-930042036
367135948
-13033470
114678759
725959467
227826503
-195817416
779555052
-444450632
202984590
-420317560
-190441707
396663712
123206502
-112170721
284047426
779554369
-336950064
77147368
139370340
-101060532
14450747
-220772635
301644000
-37766464
-440160804
-742406325
54181647
35227176
678272
186173655
-920088904
-834435404
1060316404
762531924
-171837870
-11720700
-349617840
-3203641
576206840
657827930
-214517912
488028970
64198395
68258372
74273491
-44059664
-388834125
511927128
435761592
158415000
233647403
412921116
-21668738
-821215012
427301086
500510250
286800480
54928146
-732522510
-486526727
485804160
-581737108
106024772
170832970
20404200
-119794432
-311721144
51618400
-767053770
813053984
-199418281
288084780
237893528
-602510733
85831422
537970032
244083888
19215168
295891392
63790376
564389316
-441340467
97274369
-175948866
138809664
-925596030
166189392
243582060
-112370160
334794740
-715502665
457536541
455289214
624083538
303613600
-415623278
423562811
-238044228
-269804260
278941324
-17239420
463699964
-147370342
302156808
378506277
-27562500
293745537
-601721120
412706875
527474488
-141202054
-125520544
-54821412
10077284
323564612
-479262924
-77779201
610454290
-26268366
172190584
142123600
-18496084
-195187475
-9839307
-443324926
-337663845
55063668
437071635
148249440
519704416
166295360
-371339104
-312941370
-77457600
-191171435
-830436210
-41495832
-260300224
51213344
-508405893
-73306812
-285966912
-312745440
-149406768
266698944
-282021958
-436130250
-5540010
936083465
-437216840
-194962992
420399063
-81907518
-13464888
-323694573
147677941
-218324700
114064298
-437435904
-19001840
-103494516
-78655780
9318848
-197426750
98567392
-9248616
112744172
31542733
-322052598
148633978
5918520
-86339700
-560459232
-29831634
-658517958
44967666
28860368
-502539684
208803894
201154172
-388245507
-538629040
-97447232
-491095026
191675520
422126700
136665100
-223853630
11101664
-450142490
-192795318
-78671166
204337212
-25050900
97346896
-192497056
583797840
584390586
159441920
109450620
78680152
379517400
-617605562
-3236801
26632170
434169911
-656648672
-997604
-282614715
852134368
-81915124
-532332304
-437447472
-7929584
302910608
-131785360
-1798283
-694644482
-85478624
-46769045
-419819448
318478296
127821629
137978212
-417889920
307264528
723868196
-420496776
-131571967
389341995
105222302
437836125
-275363284
359783697
236536443
473034744
-109674120
447332589
43090320
-434280636
-209722161
115029664
203127135
-87527348
-27473904
-168795601
81933408
158163121
61531602
-257540000
170283190
62019828
214197144
-12411243
-197130906
-5954148
3831674
147594242
-24313331
507456444
280243137
643249845
-59259345
-118621356
-21375900
-1935394
119465180
-30007663
87074550
98897895
290358198
565069680
187683678
-526850580
58071660
-24437028
-500052510
20371896
-673196130
-513134100
-40062472
205576650
265658096
446613375
-14502180
-741416800
-84212304
-101706567
300483834
-284573920
196343196
-230296956
-69256316
272604752
-63948472
-232734488
612860350
-270391146
406889016
-239963590
930076326
573939246
539907039
-239164352
-3990096
-542832528
118663302
-2059587
-305456697
252788505
27459300
-511640304
-440303028
-19018521
295172788
-629061306
-612478855
6209388
-29694144
-205619386
-218739969
-61519458
-297671680
-89339980
720443948
-170013662
117800820
-175111634
870930846
-29392014
158516952
-46458336
-474440148
-154962248
-346696848
339644400
14250071
-170543772
-114720624
49160130
-179275950
745701856
5310536
559670440
-56282438
1641875
131931261
501496545
-794911670
138199833
-333581507
94216752
-575057640
-7478758
19509732
-26584734
134368248
366012431
-801572097
316927131
-136896498
-6861660
23929476
-23406144
-423607536
20467755
706584228
524690523
-303606148
217277305
-186367345
255096156
7257045
401884164
983676148
-654464250
167004102
-31026720
-176271664
801461277
424162740
-191540700
