1000
-36303531
-10820810
327407225
36246120
643016960
317027898
-744945103
265484947
1036774376
-557242296
83167812
121306594
-87415640
-217944272
-98338032
-29434716
667964740
-148587142
-83647269
-225389514
-93086517
-218707776
-214130
357677752
-180021652
1117447
727506978
-582208877
-261091881
790200950
687596112
475449448
358717088
-95972190
2935168
-33858982
-186080067
376723374
161310380
5224905
537427971
31340970
282563733
-204306243
412390528
450924595
207980220
-731796656
-261736267
-158427478
-22931685
926434350
88897984
-22982526
205772875
225815346
-557416247
435219984
-132275135
112360055
-1001267641
172640160
491008336
424445406
105474407
-638505720
687511404
-391476600
221404634
-406879704
-351683855
-440470548
658036994
197244030
228992400
-25555824
-439233615
-285772470
249384568
-282155456
30148920
-396410490
114295272
-494152144
-115358112
426371960
-21569370
4888654
-13966095
-271411466
791813216
137548515
-29298120
255565652
-367750488
12815062
161925476
-35114363
133361856
-344449370
-367027848
-511074272
73668817
-84809768
-221956296
-300662028
-133962578
143774592
415220496
-244507846
67047539
-61224627
-662777095
82669718
38724210
-15592140
224540316
-470122240
451128904
-87387641
-388718670
137558682
-31659940
-268935203
339452256
-135246180
351557128
-424321301
211489970
34110272
112141764
45892300
606399156
-107462186
-158629108
322348800
515617920
55048290
68772935
382769347
81710240
-193544780
31695104
590117692
56055186
-60837062
-3952003
196254826
-213175512
509635100
-31850218
-182707800
435428364
65065680
-285705126
-135821210
-1323798
-258308472
-467319708
-476414900
-120845592
681430035
-216200592
689817772
87771098
759478965
111164784
-506519632
84650270
-698813696
208115919
-629065680
418382355
-105400932
40354250
79979100
-615768288
-69152745
178738957
-265239954
-608552350
614688840
445667959
887000
-769080000
444314853
102143979
-119110430
30880240
603960600
104549664
-273547191
204744475
102332868
-300449538
18402768
453159666
156226626
207408
450529398
-297540756
184782466
271019268
-59813856
-94427735
74757683
156204378
-27762513
-313197875
-596806452
-109003790
593977944
26988445
149913603
74731998
-628465935
691457481
-168995710
75500604
566410329
56146130
132572440
414870920
-360848683
-5908122
-380751610
162581980
626353791
-185137605
-437638432
202914414
-455266062
-128539008
-151840795
-217978068
-103365959
-57421392
701540920
-34557928
-118715366
-431786560
130335348
191539356
-703679130
30520644
-1586343
377958280
6752208
689868432
118033968
240594076
15631113
-557363180
-24442474
-231749661
-100632600
-389662770
19913600
-9236237
548302502
-367425544
126662648
129564471
321715650
-317560463
-40891769
-495322065
-170226732
85723334
-820191
6250292
26136458
-70020864
148155136
-396355618
869523012
-61646184
387741816
544080590
191591568
-25483500
181348516
679511250
345659524
344681120
254541712
-338764008
-62765551
179099878
414552776
51808563
10533931
380852043
-27120296
122618225
-160344396
562782649
512316912
16225716
-28464070
35339770
5608800
-291137000
82565838
-404079168
54450194
96245874
1038211446
73786944
267784594
500399960
508779008
175930944
-309627461
236662370
17160480
506004912
-204738912
-68906211
-211479246
-14814576
45985605
-610778895
-397518456
176806938
-312956712
92041560
389192003
132322040
359138340
-402726688
-304228078
168364860
336990672
357057792
-216003564
-56260116
-872904351
18262629
-594790083
550115280
294361944
-935703664
1004826794
196705737
402231596
-62618239
123098022
-689357305
-170410635
338576139
-57168415
-213575680
-93427842
-114627379
-103473048
-14500971
-72668448
-46570902
-542544660
199877184
-359399373
742481325
-144441738
4933089
-87762696
-163072275
-39563167
2016522
55258650
144189852
388552928
69930889
551282648
-428242101
-117414167
-333241820
500787840
-572180704
134328336
7478800
662777690
228700863
-191077744
-158923464
-235113570
-211589244
-199228020
-649570467
141427312
-196140532
-871354744
-2712273
305325020
-113292732
-225840412
668765448
-804145077
-287603074
9243555
103731785
31038942
-71028672
-551509749
72379922
-30514428
72267000
-294966830
29420567
337684984
-875246236
132351264
471057620
298527588
-193524461
47958054
-23439896
-318567995
-736130698
2876045
206734730
-144357660
167564116
32921490
-629246568
-217009440
-1060855641
-354968816
547391075
-209162849
154346742
-30141060
-316794709
8029645
-177668265
-47976612
290478420
-51586710
-367250070
-623443613
53359320
-13709225
-300528144
575654856
-140073115
170000943
-282247220
290925340
-221749132
33217596
-203807365
63562399
1017279576
-915804618
-141738417
-39182470
507038884
-82602235
285439424
-172434015
-356721504
-67484900
328473240
322964592
31231666
-471376496
696268937
437739684
-511435010
411342750
88622302
-214638164
-188148367
187750845
-305566965
41475456
-590248770
-10279234
298456137
-15003144
-68149396
-179102260
235418175
-317360875
-461863110
-572250120
-74206496
15772250
-148275558
18125576
-231480393
-393118142
-397078416
89798690
217646583
-101146444
-9300888
-148367520
89751242
81251541
788832
-1043793
528050880
74541168
-58951648
497878641
15002303
-214388694
236060016
-107252640
-43309318
-295377248
-75120936
-110605396
72628216
-140762442
112241768
-321090060
57518039
98308782
20379296
-921946926
134261235
75217916
885005910
428188434
-55437499
26432452
-632227229
-415167974
452493095
-223186138
-57539944
-77331236
-499425171
-642947352
-339470670
493839234
70237478
-106943998
-245103040
58781700
-571371105
171647056
-4209890
-597478696
-205711569
357543968
156998438
257579162
423332492
-475968360
-85020992
-894602370
-716945264
42328280
959169518
-111532850
-573162450
-472650570
-48375591
207143209
-35014410
-499516788
-179792112
740224953
-36633828
-275876922
329000884
-247112784
-176846320
54939648
226986033
-105276030
40823460
244023120
113019213
18427040
-791654400
1535040
48275721
-145611064
20087523
71750294
612679417
-336963765
-240818292
-605586629
53742021
85958510
91579455
32282250
-354405084
-598250205
-328094550
-270734982
-34062912
162018430
-223400858
-512938416
-556724014
-30818967
590283048
105789045
-168421016
54688354
25690864
-609573384
-773776099
-288572422
-162025210
-78402555
233547524
-373035355
787089312
-38067015
134929634
19604640
20089872
-411087402
-309108099
486354237
-302863515
-45379035
57755698
-521375393
404150025
-286768265
-26120952
64523151
-112969294
-402075352
-558555232
-108870750
286371870
-49146552
-170587936
195217992
314256505
-387846134
-576075852
-177622146
-42375696
492595748
492693516
-145934580
434233008
-339725628
-225915892
-136162416
254726496
128475884
-497133105
-636190640
140064960
-5069825
-320877975
-344009533
298301076
462493632
67304412
63308430
-375586080
344409196
266826458
530099577
96217422
-140427902
284827860
749190528
46125233
-169290008
98551572
67594059
-829779376
-84598416
-383968124
392222592
75932415
12048468
159591529
-273131118
91549446
27654552
-766209754
-205054728
-172266072
375514170
-174140380
1479060
260083032
227937664
-632148363
-493784301
444673853
17699665
128313592
-112011032
-701190624
817821185
-387714000
-28638630
44803552
-716817972
723259286
-209854135
-507463552
525788844
90260754
-68215774
-95048980
-593491965
16635104
5705000
2761186
-557511769
1006818660
-672070804
510127604
606426924
101605520
-19014198
-13814304
683102763
330936920
19095114
-45142144
-609904328
37412640
-418936320
560944224
-440433903
-97356803
71628892
-516812002
102491301
262273817
-39090524
-42610764
-233982900
70700414
17426907
447144104
26725845
32336813
-25879383
719022616
188362464
473804953
-157988514
175957155
-272483862
166219725
-29779563
56052215
372455545
637858818
7412598
-158986520
-43805913
-68248268
-112133970
277313010
-579849344
726527900
230242925
351483732
-352165464
-671159154
-94312485
2863360
429673251
-286163145
65859326
-428265711
-165424875
455473507
-556576668
-258661080
-351338625
35126184
561015736
-29994477
-794484102
548419500
614912542
373605057
666313642
15603006
353130336
40046034
392710098
-100397444
194980593
292796782
139545500
-165116586
574585698
179622088
-6181056
26579850
95393836
-62259792
-73646848
-833952
-230390280
77322750
15565680
67751136
-54429696
-24880044
-79569974
259922789
-231333102
-522897425
382808508
-70544056
-47425506
695378750
-508071104
95062548
-31466109
569346960
410594848
-292226202
411680535
-181067250
-219038400
-760048820
133262352
-16722000
-345937963
629989920
-158148710
-54305603
9355960
624646480
35713258
-70945000
-212703414
209425461
174505716
-561694776
226631490
-41718600
-142123989
522724377
85036182
608478624
-7461268
-222783075
-230940864
77602503
31433017
-812166954
-205061220
207117410
38908334
-583535523
693269856
-13974144
-311005500
-585430236
-55071900
-58962816
-280631560
44573753
-33128146
58570272
-43720785
-375517688
-95278400
7259850
-81125853
-87762794
-1044000
494862362
-110528799
16303595
-7204407
-824642070
-86289104
144755156
-70427805
-150088316
-541363368
-53295852
-419040459
31579632
-79730112
697412100
-299656897
-46759280
-177297215
278070130
30847520
-796467672
69623840
73727199
-78612072
-164380545
-95496622
493772672
-413049824
263199265
-179937905
-218508270
-624300196
-512216802
-103126030
353467536
-139787496
935646298
401660
11421592
-172903120
466383036
-494157576
-587903928
457943110
54833660
119546700
93545980
87272212
-6953709
97153442
51971100
-836022
-289451553
-234640710
89183094
172211160
-686529940
-313800858
22269340
-102631842
540474708
129632610
17257583
54846780
-348133500
282801180
-43692367
-265375110
-127663490
-614661278
-54529232
190055749
405306605
65744770
-139334000
-185867213
-421464732
202870074
25447685
318578612
85212663
-760834556
-8863895
355729660
394204976
-28360288
6036586
59576196
621931446
-199376174
237606785
477207500
70225400
-101971512
988703010
-213394896
-201491760
505047552
725890158
-599882975
29598570
-51014460
-171070038
686895132
-626782050
227445309
-563553900
351605430
-396075789
380252430
-161678261
-70809669
-297610312
-229557152
-128680672
627251705
834548864
-404507978
623586600
-202616020
89532936
364753734
-65232489
156158176
