1000
53980290
48797924
259049336
-845647974
67596000
-88386375
-604337351
-244522500
56862856
-41825799
-387249954
510867720
343318780
157259436
854745768
232883514
-773415324
362952954
438098514
232496960
344056415
-114472576
-3358460
406564008
-273378244
26173303
46076780
15629446
-321438432
26623632
24740284
-51694060
-628328772
58272825
71861244
-548511
503995986
230970984
-113666049
80150202
295809432
-326791156
66189061
856631448
-383368176
-135699462
274969975
52348584
-150285395
318981759
95070824
261418055
208236876
118971040
-42847500
239470908
-47885376
287835911
-72692802
-271945128
-63847800
-256477326
-455243692
249524967
129247931
-164406875
187384104
173560290
929069076
-238308804
274674560
255563910
252773472
14924432
742541640
-109237477
-872432748
136993446
269086588
-206729640
-52870059
-131655329
-666035775
-83562278
494951191
-211562685
791502192
-260701826
157992660
503803663
220454432
396871236
-482406627
317846500
-306967800
-50064885
-485425397
207991652
-259642054
4008714
4642500
-153297760
688103829
281630888
215472416
472152375
-222736800
400049028
289142270
17790976
19673200
-25368497
264753240
388248320
-82921839
-90909628
-416809239
-356294438
300044200
-117764794
-35463296
-281481116
312020548
86202211
690822106
19256546
575116200
-104329346
340120396
129669540
415681618
-34892670
-378642792
-758798750
-94328495
-55550328
-527245056
16843320
545718607
108508312
158652600
-10291686
-409421232
240185242
21041303
23175529
269643240
-242393697
232995386
1015554761
-91401384
212190156
-330728508
330876622
449013838
-26409828
-142486110
111443974
47672932
-357105163
-286083663
34096117
-243293760
56194280
205443120
235997125
436351342
247001490
316779344
24811166
-162776040
-89474000
-156758060
216927720
77590864
81694373
-53818142
-406839312
-174548472
-475379175
-234511560
506264533
305231500
231664680
51723282
95020425
-414742200
-64455040
-385860398
-68622160
66152548
-207785980
-353991864
-145471392
-141018689
248285340
-83218740
-63058904
-678105622
-7677241
-128335680
-626948100
373255839
-231172920
-134969604
-887512470
-181409418
53493696
122750982
191664900
67783335
100178958
165197470
113716590
-145334295
659397460
805866880
18684848
770333760
141095
-101442537
-458689946
582966204
28574258
-726006078
446653341
-214601820
-352601505
-176692671
383903455
16295400
-14572935
-11265074
-544149456
9529911
126807166
372489897
292674720
464258010
299811584
298999064
403361192
-114412512
104267448
77478996
-283577994
-4857447
42874650
109772666
-451423731
142424106
132209640
-287993538
329542263
43854994
-384691328
66788553
91161168
-355058144
122640724
-946287648
570326842
39990384
247912182
811792130
-239376612
-452671296
18379698
8239493
262587810
-299406734
-504966000
330818571
41514000
410245562
518299180
296020494
-381697344
700155621
-19142805
-313104000
-316148196
484005885
409885596
-520078500
-745803080
107044875
109883148
196943800
94570047
-14228430
-532365569
-540045616
18253681
-279736050
52935176
-32942180
377205850
-299203500
626209920
-238569152
94842440
33724216
219632320
-40409784
164983400
-212327280
178495346
-50849922
460104216
97120800
144360144
-215196846
-10042560
-15442002
-185191063
160138528
616758750
-383842472
155039535
-259807131
-58830408
855258219
550900727
-6396704
-107424765
-56922615
-355570320
-436270492
631168470
-646237764
11947264
-613456662
397647488
11211450
-101923928
-806410606
91284666
-11352971
48875544
-20385824
-365850954
607920
-551147379
-334333449
51168476
-116367680
-103963200
-323252314
489048030
111517560
-54658275
169356348
-28352880
385712028
-284031904
365108265
29474176
-332657766
-346895570
614662725
119071260
-71645704
-133157838
-27622840
-213818375
64063232
412313130
289569908
4908672
-624210149
15556644
-238725020
35110128
893456250
89159483
323817963
-285754050
96688368
-223360283
9112966
44611554
182843130
-191797230
97630531
-25044063
-45787315
774515924
-194204674
113604608
941912620
179110512
-328006164
684460997
-25021206
-412024634
463015255
-583051375
206497356
-243590599
-160471040
80480688
26593342
-766267179
650758634
536973701
-712180111
-105224380
338441110
-190297750
-2853654
-832712420
13632240
-351316845
484462854
-265219632
113691725
30490404
72945456
19011400
-8328176
134278040
478376248
349089375
-409232494
-37996336
197783388
-393570079
-398821700
-15064864
56535570
11603454
-59952790
-675807300
329300946
-36323328
148513272
462433896
-691915674
373587355
6433644
-126673492
800959236
-226307961
257801859
192584616
-5902610
-5588280
24599016
-347796592
-546598128
-84704400
-198846900
576488110
-321782461
-41077860
344847100
-789845904
3528448
-193156315
352344284
-803089728
-102524916
80383572
11773636
-239946750
-191711532
-398327230
84853440
-953000304
164667
1173084
-122602331
615149641
-16769583
-82299090
103100231
31184780
222452080
39687936
12040860
-423527454
145167432
14298252
-28737000
-505239592
-669734712
-370146996
-46309800
-237310997
445876023
-26786331
-210021663
225043848
-191368950
-623484009
-881867160
-190365390
409483096
-13871904
160533936
802254112
-199630074
-89069760
-16153124
-387077639
-430825500
-426069368
-724092912
-764977122
605687280
295510847
349586704
-89463330
144808216
169077368
-530304642
1331022
368817561
-1025640694
-12928320
48519817
103479000
412578612
-644188160
-247449270
509623618
-313652689
-111766060
-539064111
-137677459
683282469
119068516
23652112
89348352
-27966763
-609475680
-186634112
386970153
-989089140
67269440
251274812
966373650
413826882
409487920
200219580
472128948
-10663632
373746044
259448480
57971960
-65161300
266689236
-569934645
198199392
209168736
-251247955
-358479301
-26481510
-96091875
5366080
-294481188
242891661
445979778
-190723888
302905769
-355915833
662500929
50037225
23341019
-275874202
345558174
-554816885
-204361164
633437937
466191855
737225379
24105600
252434982
-2640711
-112583151
-8639742
-257894638
-89100627
-482680231
-401012505
-504742223
36132546
-99598940
-347822058
285890886
-523248916
-79215760
569847168
58179607
-87883670
-28661640
108142346
231867168
59841929
664832
-556975640
257785060
114179450
-315572840
560836526
94683656
736527076
50935248
437081995
1959600
668091008
957334080
-684803476
-666770952
-298005648
-666054313
92696170
-621134244
-126122592
37007190
-98824965
24089832
-345708768
-31358360
-603905588
-453362756
346324818
7627728
-333125670
434676034
-424959015
-120005237
-21261436
-265391430
140245308
-321018364
183757140
-544464770
24363829
29445480
2040555
467094927
70582344
121757468
81878706
26816076
-667188324
281311112
-835668750
159939720
-44073981
-976731952
377691975
-98981960
-632992752
516447325
440660550
13464222
312021720
700518681
839614689
214676326
-278833188
122698620
-502990294
-214476150
-164622213
-520392474
76139193
-309482397
414013536
239225350
334750311
71748105
424069063
177422929
361258166
249846600
-448629272
413791015
669848295
-421580757
-617047470
72134400
467387270
-90001494
1007742467
-460882695
-313375395
-373534276
-469897884
261789066
81430356
27585240
13297504
503480460
500667097
128366064
-30708450
-67975160
-68825981
306891900
-130117624
-59391800
-349899495
-275500638
-714555632
123123104
743107310
477702816
-2349513
363153024
21973476
-123082032
32058436
1011272136
8690668
-129607584
657309202
-749300796
-75432603
344356018
77214788
-436752787
25983216
803659551
679313602
185421600
108223920
403874033
255364494
291300412
199473532
-374518470
-138135868
75242496
33404427
16665110
-138522432
-416461779
951337986
-49820640
395506850
-92423754
-351345225
474750895
-375507080
153350940
478100
-217763820
-345100734
38487114
94736584
404551160
-502870280
-253033120
-25275240
-121592872
133458535
-33670472
684047595
35421156
-474827952
-461112806
-226627664
62203068
-26981976
253424289
-18578160
-201006274
-485293530
985025081
-193583390
-32408640
410654993
-133704501
90281400
606569110
-148494620
62694005
-195677208
-350347935
688234950
77710590
-20587906
-48834198
783932526
50332827
501686592
-423844506
67717908
-410077080
613817742
397887992
-529026273
-119931133
-8771328
184452132
-435392934
-88739739
13527330
177128773
-573329052
-399650576
186507360
32607284
-89998944
-47468993
329777360
-66032791
240078048
-285062442
3366510
372006598
-60321450
447756633
-75428137
-99219323
-103367465
609787467
-141011196
121420463
-639298660
240299830
-234984640
131424035
595040372
26029278
-585036840
-108114693
87502599
-163884906
114468585
906008456
-477574671
-472820154
106975995
-106449266
-597397504
584550252
-720329808
-104324890
-484947695
27511164
-146271360
549831828
58693245
-575203302
-736600406
-537837156
52109025
123502880
-89433000
-130006080
276336720
-160866945
-506314105
-478328799
-123491793
102128100
76123228
-35148435
529875736
-43381050
-263437350
-198053048
-615100296
-140501153
181447098
107290768
281211655
-441301694
5658641
-312955460
218978833
-512955675
-340339824
-223670180
-651848118
318158744
520363148
423546578
-151839270
173823650
150068919
111158252
-2471235
-232413896
-21384426
-224253018
307780074
-327740550
168212656
-90823080
-192790720
201220143
225908522
-385401339
-201509970
-368569656
-181356007
-175427216
99357882
12972720
-359470083
98892526
-549339492
-125268795
407527578
461139400
76698662
-465361632
-30007524
-60958064
140773325
466008000
-382241080
-20072780
238702176
116650286
106307268
-806277075
-101494500
-485621280
-535539781
-302778870
355725
-159345550
-234938625
-39202314
176587412
-618635349
180158855
47178438
-407010
-21684537
-430534690
212039388
48403985
548547500
-683994375
-44263639
147532096
124678320
-98882616
465371500
-597903904
-448954714
375131466
-27002466
300362958
-637115336
-141279984
62427680
786448920
231059192
-239857596
4327170
-13331084
280644000
138329100
-7684582
379172184
648213660
-684813960
370193234
-472069215
151901134
99628582
-422598225
-322478298
-6712376
63285182
-191393280
18594080
-36518076
219789872
-83588636
-307118084
107381802
627192166
-100128166
-178364553
-679818375
-196306880
-133339470
-97628790
627077781
832094343
247081215
-50442546
-28342314
-16731456
-294372092
396933390
-215716360
-127547380
290389122
-382484376
