1000
35351433
788489150
-55994757
-69029883
-59207216
212013552
-688240146
-219597652
330571020
-41085776
-170300625
-454539696
240518100
-412855030
-20088567
-232616132
484583520
258475840
66988194
-340285734
428856263
-218964221
693937104
41004714
330496667
-179132100
757139463
473493958
212678192
-17761077
-36020320
-52062729
-567023181
-77190372
237580959
-234693855
227709999
74484155
11913226
2890720
-163611834
-168538779
254234180
-47744443
-324511798
51202864
-432841374
-3956180
3048935
-32861130
1233924
-14460677
-304876000
-383451608
-915078970
164134114
-503772534
-172283488
-32869912
-156533754
370978496
-554479055
291062268
-231496832
690923442
-422992080
693997968
149388392
52824933
353536215
225134672
193614850
-108652640
-149431576
-536151925
70467576
251358312
84911625
-134346940
-666495882
-220858880
301000860
150795546
252678039
-21119700
4515045
-519566700
199192590
-410414932
57161172
-164822784
-425497590
-209147671
507260242
-168214068
171256260
65293644
25909856
-141254508
-65266536
-144552412
-51158920
-116078884
-12291460
-232477640
302197980
451160192
584692560
49084880
-7042581
641327135
-25407290
138732360
74599308
-267375525
121966563
10816779
-229289220
-9912858
446708563
235554172
-335626056
43509639
-46244885
704685535
-1199875
-45046110
19069845
-100194624
275561100
-133719606
-560467390
-41075826
72091430
-529495864
-228799032
288255465
-491113340
864638274
122482000
104194168
-682794112
414855684
-311625072
245702862
-244731558
-520904967
991736954
292196940
-264290125
459962727
-50177996
-645034368
129905702
-88581108
239528900
-501226725
102626271
-518571517
-313187096
3553912
526474085
-86630366
391046495
-361477608
48558222
-3007184
102776413
519805462
8466993
-131280310
-577533605
-446373988
409701266
-216881248
-4691308
-173613990
-77078478
834102126
-141667929
-66708125
-664274262
-68610300
267833500
528254140
-270282800
-182406195
136231893
-238607903
471715293
-91328274
145025205
535790073
568183302
-190855119
-137140830
172073269
69362529
-367620500
113652896
-600316020
-265349206
-298562926
-421408735
43398408
-565913891
374349855
-549436186
119626520
-486710973
20831304
-122578220
-11468051
-437583351
-497806188
-516888075
-78315028
-464282490
317630768
-644074182
-37706305
403428408
-52455902
-604900893
-570607250
-43982076
-365304456
616548540
215764204
-237074250
98089124
321853480
39891729
-282567995
-52137330
264578831
-748523723
-301157136
-291175089
439124268
192789097
263511841
647530845
-379659264
200260649
1784984
-868931163
-442407150
339114690
-177504760
527952320
499394028
-529714416
-680243088
-114593048
-194336982
-176338800
139658295
-11531568
-548944305
-105743200
589031336
588534680
119681880
14251528
29824989
-739142796
-62442240
35132826
-336679902
-183404460
521642187
-224203819
36446120
-263653128
-179136475
-225306748
-19335001
454544619
128801920
56279382
25494744
-778836312
297387760
178573152
3776668
-505196555
-113543750
-291321472
-219544599
-195898766
179245555
-194266200
-317171136
-86977407
784607219
-117836277
-750200
-670455799
55983954
367470272
-217580211
433401570
-673433120
-51139880
963739183
621185916
-588053922
-21828228
-23587060
-644807520
398054139
-1384656
-46987956
-59834858
-169664607
878854352
125770970
101255910
-240515288
309502200
154241868
500126627
-819717655
-53549524
-179267960
326738030
248454298
504826179
20774049
77141007
657358944
245302228
4817092
527558086
-178529920
-37593414
624353652
101392038
-68287118
-56785161
-87782656
261281483
-242032320
-115477120
40862016
-234161312
84923505
101181821
459713880
-48614811
-156879168
-204856317
-331285425
-307090000
290703762
-427554403
41029313
-145787543
239285776
180629856
-388715930
484309056
-363578030
127451236
-4522748
902989680
247979526
285458875
213603405
192893076
-226167648
-789656702
10137630
-122079159
-5450508
-287153384
-195734064
301400037
-222081696
-159789240
15809811
818341952
203283340
87818895
78440851
-578954888
-57348760
-7187733
-153503328
-115924380
36503250
-360327013
-646437990
944068563
12890094
-353570076
-634292670
718981570
140928000
242406550
-27610128
-4643584
132871816
119314932
-155140590
-476537187
124766791
6261120
-795066144
459527065
70777377
-832901328
-51703230
-108998798
-88841088
-45771023
742079136
5007825
17128535
718758951
365834322
396929028
71331948
46261886
-3611520
-136153406
-131232016
551083849
-44916801
24614895
-732525210
60523958
-738195124
78188448
472598349
550654960
426709608
51617566
299843893
244864210
431320260
-408486940
-378147770
-331838739
-284053300
-98152782
991972632
528448452
-111292360
510696351
909640170
-94650072
-116662272
188145584
-661815630
406615649
-176314710
3407460
426201050
-288790776
-151584048
-32042430
49126413
-494471302
277364010
113047250
492441936
-669510400
128957598
364785408
154923120
-411768966
-343293510
-35828408
578458912
237182480
432448020
491694518
553454572
-124577600
395206510
166376770
-328830726
51422736
93504806
40197026
-47758620
-277074352
-181633375
-106315208
394200499
-614211339
149212035
98584724
-257966814
-70229880
59418796
-434950425
-66609765
-176832168
-131430585
375855144
577262826
80340672
-132127734
-303440208
-132651384
433818801
147522536
637506732
-236600169
159951967
-542326500
225395482
121922860
318543472
256988424
43392499
-286244860
401298208
150179223
-919326330
-145786199
-339976425
139031658
30408912
-544188213
-14223610
91201152
-573559136
-163149408
-21161036
-814701888
487396954
414272772
-27852642
-16476408
84024795
-6235236
-261358123
-849467520
201046816
-478197092
-44748525
144941216
8470636
385440198
-113529600
-134417616
408693636
-56611456
357356286
493547847
-882973030
343630656
-129188298
149574762
350027274
-12789764
27443772
805304
840723944
107518492
-582781952
-367104692
-56221776
458035920
294378635
136815232
248085300
556025690
-33962856
581547538
83275506
272534576
172905001
486994764
-418248415
-257155290
681911267
-442114443
-208181024
218291943
-215255040
11188559
-421866120
-141930958
124909048
236506329
-59069120
-92890074
412720800
-73292131
-40449000
581937200
-434173924
637470624
-110591224
671460
-119650752
227717875
-14088684
-306550920
-634575680
146470932
-32957951
271672884
-236361153
361395781
-158821600
-181381060
70221635
-273191771
-385854909
490667552
-27952350
-13196108
-123985948
-5583480
601836918
-652310064
961639410
-193913368
34826778
-349839912
-19605260
-508743423
215109777
246491401
121454480
50469510
-802386416
511679168
-197030416
-119815492
-75210291
274212555
-422524674
-530300696
-246922830
120896188
-327792640
-75233654
-182830200
-3897360
202637469
300437298
-655284721
80185314
191075759
802388450
12895860
470444272
159111348
327503340
-739376480
-11829300
236295374
14813961
-18528048
-784317555
-6942182
5942100
-113589128
30495608
-68688640
330402723
-896022192
12061400
88255272
-165771616
-305374410
78283557
-220616880
-118152588
115990168
16220566
-261012235
200317104
135166608
3869625
229998577
325035640
-151719583
-44608447
122440503
-46498746
-97529850
686173257
238787529
730393113
62048436
220778646
59284044
-361765152
-729446480
43150230
-145500190
907220250
-286858567
-126074520
-838689968
191309154
470271204
-236631148
-528430170
397770313
138685480
-128931417
26275392
-88824676
-188730096
17835300
-121263972
-144253806
-782829564
93409650
150053184
78322698
-315493899
-135514390
-409156140
-111454658
230895615
-94140426
-49205618
176118624
647903352
-513269424
-49689504
-108661960
138723200
113485344
242124876
294996402
123781650
-794130792
586898976
16277866
-105381486
56277640
365751176
-860962304
-130447680
-52022355
949266612
-10704855
-263756694
69777045
91797132
150330214
-51350336
-257232834
4636440
67745964
746928384
-39705930
-22015005
-701874620
-688022998
760410
7680409
-147680199
19766388
649618106
-1004504307
267233200
168217556
-88975917
398092740
411252491
5275424
10150560
-225249816
-25115000
47569380
-130655574
64465342
-22140009
-176085444
-15776595
2003342
-533062200
226949022
140177880
581699591
-43219089
573840048
-633260914
273411653
-397399696
128173536
340258500
-413679016
-589591058
-36053182
289783688
-314778546
596073924
30136066
575781547
-21040648
143801145
12016725
-89851885
-11844485
-43646846
61883108
-38276784
266565750
62083945
61686625
40965890
-33127878
-532417184
-486031360
-34629603
-249700047
166127490
-321195820
20821320
393993904
461983500
36614662
51669592
230126316
-11448225
-45809114
-221025048
638363748
36494029
-477321299
-242131070
26293547
6047790
-434599980
823995480
-262053990
-315442637
168732831
380794700
-36768246
483912401
-40980347
481888308
70029364
347142510
802526940
41714101
-99812844
-239907926
-783582969
-516040000
306024140
133024587
-23187524
120393210
-71875188
263253186
-777573680
634521030
195901674
288876852
386445309
-862219585
231353160
20065500
146256220
-578488288
-226682442
-541797912
-349788505
-13865298
78517815
54985446
-364129245
64766790
-249280146
1668040
184761094
202397104
82706832
821428344
-455915295
-1011348
-296142350
-539793540
315127008
45806901
-284729380
190376175
340209800
-68882828
16467950
404128768
-535094153
-57566250
819695426
-200232756
-108177180
-44121616
706465632
-1631175
-53325837
-73998450
517793076
784461450
16526363
-526923254
60666720
-802162131
-667950507
-8583160
307776928
265037370
16165765
-167924460
-51390900
-144309310
465394195
-9979272
334872625
397319762
-165457674
-294150888
188002672
-346397961
-26361634
646503196
-527264894
-183953920
-844506574
-23291808
5066213
325203788
-261796170
-585064948
358852196
259479423
184757000
33595820
-61858615
-260086590
209839980
31766644
129656164
-304441005
388257480
-240636612
62916150
-21470400
-24507021
-15206568
175150465
188291184
243961224
-80335000
-232300096
99347040
582198861
640682826
470248668
-79326768
-456875500
459853604
-188557824
-294151176
8576793
12539025
-257529648
682908591
-193110544
218514901
-466937010
-93944292
72398172
241973536
-59894640
155086664
163138520
239199380
-77429355
-635181552
9192456
-258911382
-271656168
546979680
-717729320
46682
-371524948
-625679418
-42043040
81938558
29228240
279918210
-92956350
-370808726
163743643
15294156
