1000
-809725116
144417915
179118339
-671934628
227476938
58125
-208856284
-215840040
-124961296
54740672
238781223
-35413944
526470490
163832500
41027350
328285816
-409453452
337859514
658486360
90518271
-329285198
-106501092
-109377793
631504380
314347770
64498350
-65416600
971253920
-59994130
-199098768
484484190
607566960
222388458
445449932
-567638832
628526236
-49407498
39564800
-563969940
-453985122
-363573840
-97300602
475654892
-266505600
520293150
296801680
79365952
-565254624
-98135720
-275866816
250292289
3739344
-581784448
66463488
-415880724
739834158
-27635564
437088500
-15967070
12768720
-792485756
235937308
493710700
-386550
-26179200
101051496
94931200
345376455
-199043514
-5737116
48574500
56797962
-216026028
-450576425
594359630
-47463320
54841320
123986583
188143578
-28620042
42193172
37360926
-334903752
-6550408
-344465790
261292605
300921485
618582585
348270440
-570089166
108015804
277474054
-309429237
7561440
-74008200
75588864
-696864
-490497345
-339326312
-143593982
-136231410
238537991
-118301819
-18851000
-87751034
-102217814
-290905156
42684102
-488295852
-60830952
-378774704
-485001510
-867943782
24702808
199898120
-474647650
-557704840
846679372
-613705584
-319266954
661219749
-196040376
-18940446
24490110
269405892
261661638
-143607510
34588512
238422015
171041400
-38706460
291656008
413027223
-303092724
297195760
252585324
-58498784
12313536
204548463
155539615
-234701088
330228320
338480400
-139037252
-150406640
-48586200
-321325676
745278989
98412932
-279715392
343339572
-63054030
587668495
-243403620
-618143894
-296714260
-12650782
69340980
-445576290
8714020
-636075432
-31353566
-266787426
141757431
12853971
-118381140
-209808969
-43561935
478680576
-191691846
-393666178
21966205
-754544252
58627002
-578598600
543626425
450241210
812258424
628546908
2305773
-428170002
-2387520
-511198956
530933251
-56853036
-115947450
-122960655
-32118790
84690396
-398548518
-701745297
623250324
-75133044
437743524
-80320410
-472504480
-314118266
-935648000
329671380
328598928
-16415415
-313342752
345666860
18417368
-65484951
47098986
758424998
86275740
-391102668
13633537
355220328
-171101160
440284405
942473560
-213181958
423571275
-56321365
198660
-630601140
-682964725
42548850
158358585
-187378880
76848766
610006284
639191840
-445745525
-118661900
-666860898
204642288
400668165
-81011995
-68721865
156091568
-80734256
-702046960
13349952
353656482
-827549655
-306992039
-192796014
341515845
-741259478
-186684610
-371911568
188248932
440200010
-209125970
-90297792
237826897
-210797005
135339549
-170153908
248123381
66485432
100266834
-209556630
-97336335
-325025855
-464654550
-287636223
-424596216
67264720
708446784
488038864
-613632834
71183748
-316727796
-80451000
-356623672
-54525987
-15544566
24954655
-92011920
417377985
298825560
-448347570
188267122
388352610
-148580459
-811515232
-632579592
-241564896
758104510
496074631
278711034
121562973
553555860
-244252038
123833175
-95232930
496081288
-12644150
284250726
-590487810
-754522450
184761299
56443941
469162098
420606648
422559732
-477526175
-9159534
-271584566
108276740
-47983080
-43012004
-328767660
-103682796
480778320
553870
52764644
13323444
-24363290
371582470
-23536874
123975796
-499642464
-828873012
-6653502
209359568
495708387
641547610
7665219
-139544565
634625745
189097548
-182081830
77640896
-103170738
697209856
639155164
65372368
-19454630
313212480
-61362357
567893127
-254799580
319388816
-252299778
727916421
332348160
34453049
-110450895
-82213131
-408661245
-87723440
-268953774
-721776055
90111178
42257754
534108323
167068973
208606044
-409079896
197909233
391767844
-856241320
721429200
-10813064
-745381132
-240445179
-367264850
-26521359
873339360
-103866873
-3486728
739690621
-68583768
-13012714
36177900
505514288
-24948480
143819312
-230384182
180703341
400821606
-5812656
58997251
562659462
155363490
-745830804
-324268217
-78561172
5269994
-408418940
39093218
34795828
57749193
182432115
302856610
-250456878
4071821
-387584421
-97765920
-432047615
10513837
8779628
-6534576
-327319839
217079555
-840134372
-400641964
-232865668
18036282
-38250188
-250747712
30161664
635317571
-24478923
-324216141
41991839
-94680140
-419077764
-46495476
-529199931
-328745093
-645475613
-504571053
741882444
223465410
-44230287
-50436450
793627848
-477526385
316802304
152414724
256317152
-119531084
-91595700
-728443624
29543760
2968242
69273600
-57135368
251126865
-540773469
-396789330
250115517
439912880
-16883880
-106932182
-16675252
-603837058
-524785695
316029960
85330989
625644448
999643354
-181282684
-312555540
384690768
-32494446
-241294446
558977000
371682208
130378255
-145635520
-17551640
-70414009
157405350
176229592
404671869
113598742
-319328996
-33815503
-158250480
-134584441
-302482476
-351238923
-136344105
483097797
278177568
95411624
15895584
101882495
-314168500
854315280
663423027
419341020
58394358
-992124031
53592244
274177275
-242063289
-332573948
-309036
-28084122
-206516016
499275000
606486960
10237530
-220147472
33622136
-259822987
72521856
-457554051
147396
73433850
117832470
-301217107
-406630224
139602996
40869642
191545475
292578480
1797566
-22121473
15333444
159771458
2592648
-57502350
-579090402
339257380
107257120
813553110
-130206076
-37025376
163324593
-139385368
431866820
-70259556
-256254600
-142545783
288280635
-112252227
20665312
-3203550
-42577896
-286836542
-570023130
3776016
-179700021
21595140
464734578
128929680
-86463594
-44333065
-245656320
493193698
232809924
-199367272
31454624
-205242940
-651672093
389820993
266229788
923500380
147062006
285356736
447133440
261981824
-64528585
-6411832
-849906750
27417060
115698612
640097430
-35676642
147613720
144280652
-671638703
137098266
-398698508
281609223
-3198975
-650318133
677498865
204222018
-168061598
136089165
-224191458
-148485212
-262972089
480211680
-324915370
-524323611
744415070
81173210
-233135775
-592742112
614785531
-167049216
-136293824
130715470
174942432
699441870
-60181248
16220016
-400346784
-300005326
-684450000
-200018877
-852476158
-121825346
80620848
-270641000
-9923325
-612476685
-148031386
286925000
-50704654
282429175
317019600
-23915414
429870045
-779336592
-234558933
121606639
-638923720
202852426
-144054530
33150312
249707860
-77009290
515808237
-727084575
-30420887
-87284364
1795200
-50019354
-499252875
140702490
-390895736
74675339
-386329992
262657296
58815920
640757222
-362701209
-365646663
-547120665
-213755092
-2877300
-802163201
-59149386
6606648
-23140263
6000912
834252790
362353376
-14716282
-157889196
-189756350
-29069352
106930278
-177953100
542653110
90730959
-25043585
156222680
-135195570
455265916
-135731984
50735856
636751320
-180617526
20008483
-572808420
-502339239
142022283
591239156
-385606170
353412657
529803799
17962290
-447398820
52191045
17831456
112194843
128873104
-429800781
267997595
-358808795
251892520
143968320
-201041184
-40575939
-32393160
410693349
246441987
-381429300
-245733348
856514088
-755744688
138754560
424208140
460266598
-694473750
-34704949
-296711565
-47772080
257169760
-131192835
-416930959
831366900
538657585
323789840
142447500
52379948
203262080
44655072
83166993
110510532
-380219812
-54783960
-6984004
255958704
-172667550
507362848
285997188
257779663
393890774
238630404
-184151292
76675300
484691604
-22849190
480197755
-85525440
-470714832
-502325708
137254833
58198436
92769923
371214856
280415005
-534731522
-353797077
308959190
-412534208
-55795440
-26773043
-36162656
-224004105
-154161350
-21534000
430366145
22382324
-95721814
-215574000
407477499
420247610
338524536
-133630450
260541680
243032668
-359111837
180244046
218219028
895816338
-50856882
11328879
-816470700
209276700
463564615
88329267
316025744
388746246
-197297100
-840797901
-117599398
-219870000
1632748
669730422
-221218195
329527847
538411216
-4770404
375275500
-762577200
227182972
301169190
94816876
-131538250
669022216
-258865548
71908482
-158985540
664056522
320568168
86971227
-29085978
287562224
156037700
-444400043
-68315780
-243928256
-218019384
193269946
-753406680
482179928
-144479160
544335912
244968600
494977062
-686046829
639574175
247010850
-9580104
203215858
224437690
6537051
364650879
-27528378
-14076664
262039056
139596930
24066000
174851936
255049080
227633604
86265157
-240517200
41687995
33954930
184445130
-25599552
135479124
-117381824
420240144
-201214074
313505810
458136672
158157090
780714680
108830412
-154611600
272327176
839853878
37989764
-279246570
370386039
-178487448
295889526
-194882539
484648960
-29768796
-922795800
-589915585
-900192033
76439286
-831520674
-734821799
-253813356
136607700
-139453904
-26826708
-427617980
685543539
754531200
-15933510
179084272
24716556
-513913369
-181832885
-239719095
436450548
-28184905
-585719888
72062337
500214528
395916584
-417000672
-136563876
472512138
483271056
145967206
725992251
-30914030
827654828
-215788800
-235242938
-6258144
-249202962
-724272210
307595209
-149815910
25532480
688467003
-161940675
310697400
26615330
-374589153
100624530
421446336
-328409496
43219733
141068580
-144589044
-231390180
-134293722
200328926
-343454776
401447585
-242563950
143843596
176331825
130106900
-245733166
174738060
-267219810
339385123
-162205866
-74074410
423060648
530391537
-214656904
-598238165
-522392720
-45636755
-252042084
24164544
37442304
-325100412
-454365705
262115528
831353888
19210698
-212026500
-392238363
-392268102
-258482742
72326128
-29966776
371385575
421214500
2604000
3407400
33532886
570685410
22775060
610221796
-18225660
-311594780
-3919052
-558507150
430091025
397557050
88757056
-243574008
-312292080
-160299861
-757995252
-63083250
-187085292
542464846
-353875960
8051952
-552447000
161844260
-164605212
403587564
-170574096
133880104
298191180
-297104640
-123023748
-202221556
531796512
203421008
-132173242
-184008050
-141631040
-76278906
787455370
-11222757
148407640
382117740
167788894
513017011
391264148
402356670
-262418500
197147746
-350108800
-261848160
696348050
899002805
-497191631
-219305004
438800023
83652849
-837567318
33287292
317007720
757339308
30418716
-104096070
-84673323
60908640
-13099458
-276998547
-72880360
-459455430
109962912
126503569
-9739260
-243889648
39413520
