1000
20040943
348101776
-6097404
-95811562
-4679142
91671056
-187170366
130225471
-83005272
155376448
-181739754
-384446006
-738963456
-29443410
-420338892
-21871014
-213301000
560597778
280442660
-3204992
584037076
-1881717
-308064
927284820
335004124
-201799390
397338552
-952223691
-148228096
-232088736
82361657
-927182310
47579280
27985468
128509024
-314369679
35805634
-168083556
28676025
-89076240
4596
50709784
210575814
-283198410
253898200
-263517867
91602050
-603242134
-527615326
-377327895
-2977025
-291145536
-50019438
-129437244
-249550224
17636847
205372200
119470280
322679100
190088388
-23584540
-165988512
-164993652
-70143513
169293366
-291341685
-509846184
-647760000
179866780
95221760
-473160
-44853432
-378587159
266682125
-181922432
706529928
104715616
-323824099
62496382
595188000
12933536
402862336
-363374369
-302354010
739286688
-304411632
-71071520
250796665
-260163332
-46678968
-433341578
20443870
-185194231
75793830
-96015125
-208388180
-407350223
-564821603
210190040
-74885472
-595617957
-498880944
-530423486
438610296
-253464945
-3572658
409516606
-56890026
50519160
164664864
-558574944
-68783400
-838332
-127523088
-10022040
-650920480
-710176720
157822988
79753616
-352644994
186484515
-139775188
27436824
250408620
-328887104
-758699580
584944292
160280265
-247686384
-46295904
2787632
-25611487
-193182128
-604928808
-22434230
-68169552
163924605
60988018
751010000
-119436570
-6283845
-88751760
69530143
445654048
-112283232
-22760064
-284682168
-13185268
-515258894
-904278089
-334207680
-517596966
311702785
107239275
-286788252
-259240949
223893306
65268840
-392358064
84232652
-185439352
-17591663
-70237056
-38987556
631696313
8185320
-193340342
313377340
-322809802
-740303852
213807825
10362200
-506116656
-99633834
-356362844
-112312032
877027476
-203630592
-966885015
706328742
-285172884
-645922750
31466801
452807512
-130726365
-229513008
65384802
-615823390
-514613500
-373600692
-8202900
-518779191
-338964905
25531744
404501640
575734495
-392387984
-80101948
-12608880
-56025970
-406806120
331954007
625506560
112334355
208619060
-587932800
-64735276
77528866
2000775
-325624480
31852345
206272742
493552816
-307553280
-870044502
404576190
323623904
-19681038
155709376
257663878
294109344
-610948890
30978080
-6850859
615235236
-84560323
-318168644
374051024
-900666264
33467465
-387536292
206647875
112313141
341971867
909915184
-176213106
7548678
41497120
94056228
-137683000
147145625
-56454608
9519840
123369324
6083175
-577923010
174605090
-438127092
186832880
-327169726
-504914540
21866625
-150730635
193301154
123060645
138168564
-618771765
-47360104
88187340
351905312
-582172920
324227069
-456384789
-1046798936
-218074371
-154644939
61056306
-85430614
-382319424
-6506208
303410119
1031859
-15957344
259309544
-605879418
-13519120
-223608310
71596361
421084074
-18425562
-652270932
79942707
14168379
-439315472
-148097882
-641443920
13636480
366845094
90066678
-287442246
153876912
-125200320
-55815500
378602430
10766080
158009316
-250224940
152120916
769705912
-103393763
-154670040
-580932498
224950266
-15225000
433337223
24215240
667276148
-128746280
-314434302
333825088
-106619312
171390336
312132040
474603735
-193379760
146705484
-608059712
-207937915
702096990
-406594944
461172070
181561248
-68899147
-220653589
-717723101
-353137770
-13840632
-438815649
70981608
50628194
-229517473
397188032
76243030
-736739536
475688184
-243536070
318061288
194335400
296305186
326144000
168523512
282897890
-33295590
90573040
-644928185
634161231
60333845
-212462976
253930066
-193709406
403579033
85081040
135753408
-769371702
-424407115
470481775
296106140
224054802
18605337
-263340840
-4107591
966382926
234914545
10178838
136819200
-187343120
209167634
-339036750
-408556962
-73293324
-222706848
189434100
463945584
923941068
-6896345
140969360
-364902030
332533579
83486214
286465564
-322478678
37787904
97657234
-507515253
116323022
-16752680
-256249224
-88799355
-8302200
-328802880
-180451495
64615553
374608800
-130426200
-370309368
624418272
-72961530
247600
-220166076
-314088828
-25209386
528716160
-15860620
-254108505
-26858618
-148009390
21891420
235701760
-509921778
1035648900
-298612289
-174281990
165770212
-260966916
-265119071
-10083704
596255240
65126262
-30141172
-34961472
-40433126
-4037880
94075600
137625
2116704
-5405712
43838650
286413782
-5945576
-13118770
-8584200
199876321
-34948385
74722386
38586992
14756763
-393719799
368886672
364715772
61316629
-850688960
-43896625
-157003404
3451825
-318295285
4908411
334692605
-774439520
705240900
-76391175
-204867002
108510520
-416068224
-249358482
139789080
-166926108
85580704
-74037625
329809095
12417067
973003851
-22311562
164344020
111290790
182032
97802640
901119408
-143428310
251799078
-390485992
-483272020
35557632
233208960
3664740
-499274928
-493352218
-16552977
37534296
232226310
-593636285
27206985
-25771452
128029874
-22041344
-104104656
255123904
37225540
-363790280
258173600
-214967346
-705769492
201674264
211918278
-56370706
-260761060
-180080370
1020662342
-401282455
157762032
1837472
-184770356
-43971723
153761478
108856236
655407333
185316158
61446570
101717386
-524597955
-91750864
340166568
-602986032
347600388
-548948272
-362467161
4766784
-51721812
-568743240
16134624
229159235
-226731560
144721335
-6930315
25889808
82526773
87759140
-21863394
-105414331
347121164
-403779546
-234329616
604708736
-87975270
66519950
-142461252
5164687
382215179
493835760
-180310800
-60910621
-32580792
-24531080
-93684268
-35712175
536399640
87433305
89404752
-690484514
32466647
-445620156
21234690
525857211
-682546480
341994030
-126033783
-236127744
-59931648
-219808512
182283255
114165315
-146331129
-186642150
-603318817
-478153532
-130631610
-657828420
343633628
94805422
-490653855
568017712
-1576443
304626012
967685271
-82871465
250778661
-404918466
567024752
-131273301
-720278298
384792702
-46254187
-423422145
12969322
-145122637
-287102340
209084696
796488306
-142000664
-287530746
103953810
210135453
-427659050
-92550813
-161386608
230042880
69627140
-554109732
260294265
-14977680
-334608834
718044254
9674365
-294552489
200467330
-205703529
187940252
31107765
77723750
884739
-496759356
1814709
-342978090
223058744
80850269
-41028639
-727220895
571868670
-456392064
-683366103
-53567760
-145057302
432387515
-175538298
28712740
-427053979
-476084128
137375720
1595394
-937689645
602809800
-105708253
253349148
-156156960
-53913603
560366960
-275805680
350143246
-265499146
21212247
556722945
630317541
-496264968
-225777624
91417303
299868690
-154503811
-167084670
-10854756
411602829
-309058848
167096944
244873995
422893502
-151713064
-95962608
112322774
87934815
187909011
80701450
-122575936
316383844
29020278
-208951047
-6029562
755291515
-8473818
-496277940
453542386
116247855
-88539468
461220076
-168756945
87856272
-109310344
103248316
-66752455
-157589172
1009389051
91513550
-671458584
35289705
201151854
0
649015056
249807888
-321535236
164877908
61719656
842206519
-20174704
-618485979
202519245
-39962650
-261593213
-8375384
-52810670
-58365560
-233867034
-64736295
317013422
38565696
95246010
78411039
-559044486
621743200
219569208
-551592726
253159030
253369701
20323160
-45706060
-80161410
-219954177
-59706900
43527372
-534352203
49114894
-502023472
51382760
344942800
158496514
297086450
-109206300
-664133886
292395984
12777000
-17261937
495838665
71299129
110761062
187232612
-185354039
42042510
103001196
-77497845
58452030
-751978832
107209032
-181129039
165148326
171996720
209713440
-25218438
-235675664
-325841751
131520578
-1814516
-39605370
280244748
173628692
715319640
23343372
94596792
-127858311
177161964
-790414424
95861120
-50831085
-84376950
71556655
-367454745
633593744
193044570
-46324791
21351054
-381792840
187517050
52601260
639142272
-4217064
-31490371
-34224410
-23145888
-26714855
170202708
-430523128
-34137060
48631194
111275175
277627345
-23250595
449435819
-763608272
48005419
-65869524
-104308928
39406038
48253608
930037500
-552535600
482279400
-276616368
-47210724
-28907256
-31082103
-235042135
-254120748
523670882
848310150
-738773637
706814742
59489270
546317160
-693758373
117919810
18675951
313318194
-237234750
381527153
258284664
-426605660
-233303488
232179552
-705997630
257006491
384701953
765332
335348650
6870192
401350304
87222912
4909162
-172149125
40216000
-77681618
27182280
39622590
185699374
478289742
-950960824
-530935410
-216729058
-660589790
15180
890526848
155279740
54516000
199907500
-65084524
-271239345
8806236
-422091819
115064464
-130635540
-21653133
110479212
-64690846
-450627520
-65349705
-76672836
230279712
-113829654
-117230211
215941504
-117528570
-134830720
712618970
-11385036
422069154
25864270
398902416
90206648
-55782137
664314525
-3895344
-40640970
-218272550
406872270
32107590
913318880
-288357440
127067598
-28903072
298944002
-130523848
123201414
-619893794
-602990080
-156162425
-218047662
-768159180
-607665360
112418064
-179266887
24060123
299890162
-241506252
-788337645
13803662
-388051619
481477392
67367065
92088988
-296026965
100978164
-332929716
-841379746
40233328
556401917
-573567363
30600800
23626850
5539182
61653345
17328198
182610274
-763341030
-742224784
-18534465
-12739728
43814260
-297422246
791009354
-297039170
-435222585
72543184
-164833428
-31170607
190770774
-40634946
-283211520
-366238992
-11564660
24395025
409267638
-118354000
24712616
592351740
423744288
-42731549
213919428
-50266465
432442736
-381165655
424052431
-258650460
68999430
1004559828
-24264576
342985500
-298190984
-368656071
6730374
-58814316
-76380360
196706142
873999216
271536540
-870515448
17125350
-28453283
-178438536
241949922
154100070
86312412
45801640
613098036
327309720
-191106468
250416090
336648522
-152385051
-206370654
-176794846
-32975514
-388539090
-17891608
-318046788
547437773
-602499744
189462042
-326701683
135287058
36325282
25152876
213753399
-144552360
-125852580
-101175399
873392000
-550700526
9061080
-223961706
86430166
52778887
-379834416
677271328
311758016
-85628787
-31735326
-119679609
533182067
4751425
232696041
-379139930
-692968689
96534024
-4733211
-39274272
259255080
