1000
73277032
306339644
-142118616
-59406120
362584600
-405139664
-503566080
-445346770
-110742399
-265078944
-964583081
-35672436
69764196
-56339091
-17570250
-159599383
-288045200
-46541222
-688569952
-101292102
80584610
230500093
-435398410
713637240
-118629350
-39825890
264071332
17577856
182879268
126187943
-153835608
-290148390
5216172
183982874
14437694
88439949
201673982
-565087887
21443540
456854947
147727482
178249320
10979955
519738950
621603370
517774400
-119617888
-1518690
28837440
125074950
-63325480
316640540
294088020
191759624
-397627020
-9917460
5615896
416952690
-6728832
849844224
-647213340
102826240
-184996916
332407114
-277964900
1001980672
-118684800
301738388
-94980582
-144243687
-82512296
-81929397
487763346
-291612339
-142108335
535730688
78871086
31484484
296544056
-44690695
-252650820
369222196
529077270
-134978820
-19109097
-10721301
-219506715
-390803425
-42076428
-320442804
-717645070
-311609228
-903053846
94869312
231099109
157757946
-38315620
67762422
-342610436
-193056317
-31599100
12209400
-414070215
4022205
232688326
-799044840
364085010
-95410568
-80099907
595201068
-157200
-303387135
-244173360
171108905
-1000780715
-220079872
-332163153
-48567848
12178116
3314190
-265014765
-325790268
73648620
-23240952
303217257
904140688
-658101093
-224890620
-20872066
117645781
29987904
108649575
-794595720
-75367696
37888074
-647941503
-630162572
-158746235
-645622364
138591106
128850280
167860448
-293075446
-48980358
-72960525
899141454
698308325
4015000
40745408
-238357546
35844250
50368069
-288510570
724665333
-277964747
-173226528
-173394045
-78967404
66290886
-110142527
909890740
287743248
145734976
579844323
199158978
-455057928
231875811
-41749338
-102902595
367529338
345958816
-48384952
-61459174
-303372180
-2016738
310004690
-740404896
-294291095
-3897675
33412260
125488460
361628610
-507529798
-91560552
132949696
-458358250
-245036664
-87367896
-90911739
1001572128
-711503104
53897004
-508800690
593200095
-187644912
-428607432
74180568
-895951353
252350408
-333643068
-256399750
-313343186
-273913016
-48678684
-88381692
-615615538
7970930
795228128
-464971416
-503967672
-345087299
366781800
-53950150
741246470
466169766
51342200
38320291
-3980964
237065438
74038912
357593761
107719042
5240860
-6803786
-683944383
-106468476
104831806
-232586025
276905878
-232332870
19785097
-54084592
-184404662
-199385115
-250916991
309670872
-121085464
507977730
-165094125
556692840
-125014338
-103606053
123739770
-1795265
-64536528
-266297979
671949463
-712616184
505562230
-256277368
82993079
48918632
177594151
68348410
340012552
529895652
20560616
-906254664
-751777306
-92595984
61874574
79427360
-251699436
505501434
458252958
-351729584
-288744312
-227722995
-640682400
-20541280
-45764060
67829920
266482695
262912274
527808367
-36121200
364377464
-594339550
-9670512
-168665280
357425244
-723666091
-14057667
113813867
-100769160
323990770
162788781
37587157
113465580
-28361502
14702772
-86803600
-109915443
557329446
-601432056
50476587
-454813112
158659232
636714336
122012368
-149378768
-463419762
-41854568
-434031459
926789850
131811108
447856770
-149976840
25214400
15932578
-528774912
-27984960
80600052
-96458670
-82969000
383957834
47631768
-278925763
638020506
112986640
122805390
-436068360
74892480
231617178
774982022
-222066056
35309856
-122493319
110959975
178345170
300349401
51493780
521885070
-348814480
-374012492
-272387800
-80988412
94832991
302117574
-429122305
72653672
-339886638
-35271600
43203259
25615200
-200315665
-56218536
-740728303
-541067660
-109297854
155590750
-21985848
-29837836
-200258460
-394940472
246897729
274010276
126815393
-635540196
-5948128
787339394
7754136
-353922314
-22508850
764776500
289300816
-54770230
14596567
175847175
423955580
302435589
-441332
-44156420
80391080
-116607376
-147232711
-296322664
-156259840
118928820
-91826088
117032414
7814778
85227704
574188284
-128483048
-303385280
485552046
397887708
-83932724
36992890
107988732
302958180
-586197300
-230199321
164732975
636790584
-969461944
217874793
381691380
-215861256
10170810
-263851184
-468094236
-155429473
915048625
253018927
-93071264
86258622
-14089155
206394652
141283656
-263392974
57441018
-584169096
-17987037
-156420880
-763360219
-246158284
-642085540
422421240
-498986592
-632442352
267974691
-40721054
64579735
133575351
182845149
-18694912
-74069926
-177135462
210780800
468417781
-243110868
-259618440
-81298972
-294013602
-57391554
-1007376714
-201809952
242795928
158333802
92718759
-203615490
-806531796
6671450
-515806533
-118652688
-508621344
180798660
90947025
913780175
42933800
732473154
-349136976
-264008492
642242138
48246852
567144288
221700507
-367768420
-628146090
1035710
-207281835
136011837
655045488
-176847000
-371735379
-579902042
333196852
-109911808
357189120
137086425
-82881912
85084110
503126015
51924725
32918462
-446588972
401022283
-387784240
21260544
-78472932
6210
-157417530
160286480
-720206874
-168816818
263204251
-378571300
652408634
2373735
203875056
-130131974
-886852302
442540728
-80897572
-700011072
492717610
-497430430
-854488656
769889439
-522257826
-510352920
25874841
-202856400
199733988
-517913742
61211183
92304060
143371010
-74280444
-685561740
-89115968
-142951900
-566299097
-241746576
-18495865
-497030440
-516240690
73902476
863581050
-199806156
330179168
-141147333
326636888
-635201061
-356201873
203528797
-161540910
-838407262
-72402120
-336417250
527216118
38473416
488060736
-88344067
141375437
176226656
22250932
-14741391
-458413012
285136968
-715562615
31907232
5642780
70734224
15301638
-426300966
184503720
41120640
-273559152
7160571
430573800
-152813229
867456127
-261449252
-300471129
-81449776
-323463566
-101413776
-797616871
-228270134
126767164
-44896940
-91446180
133302056
-454117632
-1044104048
-12365032
-65919193
169076529
-583318350
-654538061
-316472240
32738160
233259900
-6031038
-80555270
-606237317
-21175445
706437912
88615483
-53197391
386941680
-402764565
-579282450
260107506
-82490422
-173324916
852043725
227218725
323577045
-258933105
50550458
148492410
609683290
-67802528
-69714999
696906412
204048432
-189604009
60870053
-6991380
230571504
432857951
-140689395
414398800
-124127640
33192432
-33343398
573877842
157013605
23141590
-298507560
-170634870
148400765
272641155
-548439848
258208792
171703856
109268440
-215505975
283687320
319339232
5768370
-65202819
283822752
225444276
78260017
86312954
122887341
112640668
467284010
-464156897
223091666
-181235264
89458930
-423021080
5656716
-11194479
-560188824
-231115072
480247246
14614704
242405540
8596728
545443416
220110856
933401699
-63105376
30844220
73637122
441093750
522989194
33036990
126054350
-67097910
222158567
413795085
-277760203
351170820
-747959940
7587202
39233955
62239384
46317821
-9696725
-11058671
574029304
-246765672
262112610
-254467075
-2425125
264827598
-196023604
-158158242
591713200
203193904
-249410763
-163400886
-350327835
78811530
602473778
551891712
-463371136
13043690
362642130
286109824
-139145322
573318200
81725120
-63956160
-41948210
-363117552
-275581642
230497974
118541385
45531041
263443656
571091224
-96879549
-16981180
340139520
-224461344
50923140
236330152
-389135846
-24644924
-44339008
-535421281
196404335
408613218
-674009718
-9570350
313222540
2319940
-396031086
-166447075
137299104
-262025990
49442118
-14031849
-256918571
653828760
-733854580
-68523744
54873852
-831530406
-812550420
-891790952
416287872
-28043862
-354099720
-131263048
14448130
465107840
-56647272
312624732
-199159928
107177826
66252330
-258799948
-101304604
-402389674
-322954016
280038220
-237891330
-9666537
671588284
27319000
-281511384
-204588132
406252710
251499240
-574489692
-355524832
-507040552
176347908
87949833
-263820282
331823165
54713060
-195634320
31351257
377138674
761234430
-505994142
-481487549
-73872576
525504
-519916320
-693028315
108716256
-714643190
-647796258
-430374168
471287808
-537093744
41219328
-260356376
-139378320
-414034140
-11815998
-385019063
1828809
129180064
98475075
-623571225
331219843
-35988480
105102680
-388024282
165967968
29290215
11816784
-33493590
397266261
225103277
98893300
466010757
-199161936
-156195288
-86580723
-145665538
-445591692
-156363298
64167155
9087731
-315482144
-635051434
665100554
-634018880
-734027007
-104293844
213441904
-19080927
-104615796
-7306200
221964300
143835020
-1353300
-459871757
-68860700
-469875573
-719680560
181747242
-399917045
822068835
553148760
27342287
-453382588
-66131272
-427746492
-597183224
15684799
86266235
-278836551
225537638
107543061
374880168
-362343600
110141640
-234472168
414348592
-438460280
-18325164
-79161940
-65262080
-815260410
161651281
198662695
-68458292
232252450
-564345
200741076
-715086414
-85296085
-216806625
238564440
-537895198
3186663
346010592
91167320
372522064
-593290440
-560229428
-179075052
-592833769
51143652
-427984512
92143758
-3099294
85291752
-194470704
-23305056
511176879
-49376110
-879207238
-5715633
-79753190
-688717056
-417766034
-229553856
163226400
201474000
-59230844
-81726514
221552730
-206182368
392569086
25286451
96339096
7217093
-97635370
-967129830
-344577185
-546881304
19111500
328986995
289344460
-427323219
-733008050
780655665
-752920597
73891232
312924355
-163775136
260490927
68171730
188771076
3752910
72710066
462835584
-6623032
-32607360
-569476382
-107113432
528233750
28307097
-451203456
929888824
617513344
-116834040
16756576
-2363443
681433167
-24922119
-745865120
-1567896
-325094638
-12036612
-454772970
-65659167
-143920330
84301371
447898354
476398852
-811446180
401047800
17281680
294190700
642883392
274171940
15276328
319241349
904538502
439729009
228168039
226836774
456809327
5392120
20194368
259301238
-38670450
-372992796
-454840716
401472
157262333
415246208
-426362464
-13301418
-39780508
282961188
433470450
-148984206
-233155374
-16223702
-89741000
-99154476
-482299494
-154223640
-306748797
-4892880
572517024
412404234
-40372860
442026468
-165793413
-63159947
-785845286
140717373
-107803744
-621796112
217806670
14132372
2422230
211837800
36484290
-463286948
756751998
903232280
-218184714
-561653501
586672500
-160134968
-575813670
74140704
541091385
-742469535
98423676
