1000
523550886
-53987528
-498896696
-62086750
5998575
-18560702
-268811181
-570552605
251053088
484058222
425983375
-163275684
-21360248
-122909021
-297379572
-10534761
94264809
-68988474
-13967030
251140320
-974834095
-537133730
-38919254
63198465
374214970
216248912
155596751
-173602208
213647640
-5939240
-183141
136725672
73065482
-295511520
167616540
115989328
296250175
11009856
-129664332
-262680810
-102752721
212190676
292716138
147285808
-303794400
-687846775
-142822680
577368608
-124291440
272833958
-274017350
-405468762
-44563664
-1001976871
-151694080
730725681
-6975346
-369992056
826646772
422367480
254792992
-161572482
-25140667
278239440
252793598
-201255945
323449569
212116140
53132241
298911879
-608059892
-287655813
433294240
10268859
-267531768
433506645
154922480
149241333
-287585766
1042678
250479684
-81107775
-69724452
-380597910
170428089
236566419
-733838456
202685211
-840563318
-456134760
498541968
-576215558
260118264
-740954296
-10571434
148812605
-29397897
-222163599
-383873379
-298192368
637773363
562472878
476715823
-369893871
-392523792
-120455079
-560080758
-117151794
324339298
-90230790
-224331420
-619812435
-36088416
-456564585
320142000
793263112
-180990856
149950248
401300402
-23093776
179817327
-861118416
25305114
131495614
-231276867
-634726860
502980551
65314250
-195026343
21731136
136169711
-188238399
161122005
-728172468
7439035
-4419765
490122801
-308809464
88888746
224185230
206565876
-334778045
36689120
-966210028
427404704
-69018240
335127870
338541570
-168512440
271615960
62332020
-232112624
5912130
16883990
290277540
134142798
-300454934
128345085
-32274132
416824108
-435991122
471604566
156839838
111847440
-337730124
-190325120
-646862733
-348185860
277046535
-614152315
107320975
842082016
154659296
-632676880
339146896
132442295
173703348
-394257185
46389889
101539420
272584772
104070211
-4607696
-7540366
169962156
-443828284
-108975944
-451862740
-88691397
-5139018
-206109270
-660942942
286331401
292853493
-639636608
-138815712
307711140
63842352
151876188
-295856082
20655419
-473279690
137279805
-66343680
121222245
-111563750
-36210954
151958475
450542768
-503050640
17144075
319044313
-469110847
-217446062
116084360
-184681710
-70712271
-509599020
-68570124
-664781811
280149528
88324416
-314042920
464963478
171148614
-404489708
-48003584
-203050796
-192654733
-119964546
-244466225
202626617
519779715
-832363042
179240690
-556082914
765331416
7022070
19675644
-343675338
-154150584
217397385
302976720
-6441996
-288326610
53487052
-247568625
19552141
656469429
-216810000
8506690
133199432
321487513
-72476758
-870291319
-169664302
432333584
418471304
70098420
719421384
-78948216
29526440
74584280
-180833640
-61455750
11766291
31233975
102140115
-346155537
-867338139
-79415490
-19343772
-886936830
194241640
-789499377
-137602878
278122686
-293829276
-289132392
338836589
407485897
694475496
-155554205
201691216
49391982
-411195972
-239763512
-310767994
571316836
504086414
-72979487
-6977241
-212987577
135829100
201252352
42595473
83466612
-316332
-495854688
2890800
-534850213
-513195426
193980240
-282214125
-521691093
1686720
-60739386
-403840080
-744262281
-212569707
145219223
429074766
-11370978
533234040
-21540060
565672960
149496660
101095104
-84601044
28074295
-116672562
-120520587
-94083792
248017980
-431081541
193846422
-7121188
569704575
-463735305
-283860006
276022635
115089920
26962910
-189731146
323543382
-106896058
-11221730
-311713336
77070595
-53794700
-777358192
791019504
24779300
374357430
-342397493
742148683
-481343720
-334124832
-100168288
-380199838
261375226
517400793
372283429
326480040
412838568
-160673422
51701148
-62098035
-710173300
-65714649
-949802462
-844896500
-2915268
306050208
644404956
297117686
-20904613
-18465840
603524800
230121510
-186209976
-168481404
787817825
-311241783
328323728
74114736
-322484608
-92567673
26890886
-156509340
197186928
-102042468
-13563125
-339302264
-56693945
-319560132
38822945
249667770
603172224
43520802
-328196193
-600986560
124531814
-774467302
177917502
-461082440
355049541
-134818002
-86119970
-8095941
-127880400
122232000
-12156344
-236115200
-421438862
410275736
469416402
40268376
338070876
395615340
-380887472
-15769908
34927700
-107867826
575026350
-366017682
-739124316
-14080507
-110848614
-30079159
105358088
33815250
728169750
354261090
-114118721
-701497076
139376805
-510285352
-57033795
31933608
-180820416
-244671570
444408444
203025676
-346000636
176831005
228898046
81963035
-86818641
181356080
330158592
2202702
-184433396
-145882718
-31821552
320732392
-700553385
51338392
352873328
15090586
-467108239
-133194588
-203045376
194568516
184544085
165900438
-262772856
151772823
-883123424
-92229016
95857146
491856495
-386845263
449408320
68016450
-18793761
40168680
45700333
449236152
307300489
-551152896
-582906548
7082478
491622285
-24356956
-196150248
-239666067
-62256249
150645768
139683206
-414521345
-536705930
-390365637
273912036
-92819606
692173581
-352336204
39968243
5968592
487304931
-155420736
-284175179
-131871266
663924707
5419375
-273115185
-15068916
-58163514
-186606810
59182060
102264625
-6135301
458134677
337514583
-427867356
-724472640
45974427
-392804944
543346200
-312705360
119376438
672170765
-79601138
-26565744
139789560
-151456572
-131479539
-640934700
24289160
167673387
-96781907
361246860
369446871
-197002954
11822235
-123455076
388800365
646925734
114432780
-41705838
-490526335
-195297516
319991810
691705260
-33852568
-723341465
-379109986
-699827320
374709944
-61842978
250084380
-59879199
-94387302
548261570
59931508
-453878816
73708999
-5509188
-22922938
-326140320
-183508731
-534675941
-364240800
-111697568
-256176336
15957800
192256428
186111164
-409412364
180544986
421889484
220545039
-9180070
-354749140
-126315219
777864879
91815724
-55411554
108677254
-111438063
-8893137
7512911
-593146528
-579231112
-256727310
-323028845
-636443027
88600568
-522509284
55255890
227910137
-410642214
455169888
655393446
36827307
364510080
-87679416
48051531
468818775
110077620
63972297
-77562993
-217850640
-981039492
64386100
-485290260
-321175072
195981352
-191480062
494583768
-32131242
-164749480
-55421931
17785349
616635300
19925360
-590232176
119222789
-193715265
646906372
669690623
168865872
-476358240
-934999506
-139378752
-52156708
16916200
169966976
138257110
3793965
-738512258
27144832
-809225474
-59821792
80245396
-210868000
403648577
124187867
-20228330
209251456
-133270650
77970750
150295155
-579414771
-49266253
531432878
204599296
-61380731
-22629048
-248615490
288312410
478411535
-564603678
-43726624
-455751989
-63434704
-144742000
15906800
336077560
-311716188
24073878
-516793797
-9463320
-566948919
-89430185
128307918
756009896
-267064336
-420972145
-98872608
189992421
-125576583
51512149
-320174624
-8995712
95836590
-788373696
-387562230
396936620
-109848219
37098126
175927206
-179594756
-18150399
110309680
-780437928
570590929
-45453510
27478451
-88516512
-70196638
140603904
-683963352
-51097106
412938160
38709606
461697220
116779108
-54646959
638357922
-234923850
-41216655
64025920
74195835
139216226
-83062910
399223900
-327148810
-31301696
-214280920
469991994
-36756912
-630295400
96141438
-108029340
590368675
103381810
-24777825
15354336
187862253
481783288
447512920
113904128
-135542320
352140749
-468370964
327474654
-259237160
470865240
-267510490
-136558413
-511765635
-291227477
243139358
167951580
276064558
800977584
346581472
118357200
-415343936
235777986
-411321919
122559452
788504780
-85835448
120399650
147243525
3382131
-205977404
-347593350
-119641214
80570539
192767890
24439800
18228000
83670004
-201141864
430688800
-12090870
-386164200
153456497
166488837
-228963520
-56351500
657813504
-44836752
-26422416
207152276
220877265
-36871504
-341744013
-562428034
-156339432
10767984
-107504980
-59987745
232103465
16114958
1468740
435295903
-90659868
652320921
-102767580
258276007
-842029020
-915213324
-301148331
146147936
940751
-121642788
-133660896
-144077969
5043681
-741585325
-173745151
798765768
558673200
1864800
-222963121
-491980885
-358549324
427088220
48082908
-344240
478093095
-197050374
650065698
723969636
277433255
-115061800
322441119
-297662024
-6917031
778884706
253753290
-888211800
-189055906
670038369
-533011108
188129735
111826433
-254540598
-363226365
167602500
91526016
-112280074
-281602819
-243885830
-183658016
-223495209
-24851820
2251587
-552323880
395401408
179272878
-72626994
-34326654
-35223058
500734269
43514328
-384215920
-359616160
-432782000
174750885
13397340
436128825
-83812365
-43557129
940886674
-105488364
-168690326
-627906498
-117025463
757082352
22209909
-121826016
-325904768
-433874652
-953820495
-268779161
-154934736
499877511
261229002
276548205
82020549
133781760
96223828
-156053735
-668722023
80804460
-86825322
-178893550
-66619800
271826849
5555418
581337849
9324926
9709686
-19677
0
-106967119
-81086665
853741946
119813128
686144954
-1005393410
-146375892
-290977573
-412382824
-606598720
24969740
-555210024
9971813
-2224390
250508555
247456466
-360888897
54329880
299691536
830385760
360363387
-245537490
56741900
16928968
735173156
9592638
12146508
-37233252
-242255772
4456494
-50143574
183815904
85867866
537733290
242441228
-494193404
526745986
36836950
58371676
-141420305
109198970
-678852336
10567943
347070492
-485524422
31238951
6931638
27717690
96001794
1023866775
181542017
-83831292
52113600
712934100
321246618
-726189408
204404128
-610891392
-243183546
53561320
-21293000
-438271480
-259744275
-21301917
-200726400
713929930
3399227
311429376
60464852
-272025897
331180575
-307070464
-796639248
-440871080
237982980
45415110
-352028275
-168806912
117821858
-5286435
649768306
-18954991
681523200
-6140914
-133944336
-274857649
-88457760
524189314
938465964
-63481327
-145041336
195890241
118126984
-132491436
230094320
65504230
-782380355
76463780
-414323736
494657046
89063884
680882640
983745432
714171850
-23974400
-193781440
-175400108
168569192
909967800
631463091
-334690620
825386400
-786598709
473876083
826829250
-471268125
117942010
34665840
47520009
-9002850
-144402328
437290938
-605559185
149401350
-767178060
-341113590
19286432
250250390
35333533
143182783
