1000
-50878040
687428685
-14945307
-64664908
291533418
161699648
67285513
-179576207
-45813446
-429798731
87450256
-79600875
164172624
-105653968
-81422556
-147404490
-313835013
-322801036
-121433634
127406234
688546040
-292176604
717654639
-353936254
-72261934
-384670118
371457636
-34820658
-633829944
179948235
-297692017
-700092538
-41329041
-89227369
157726116
-235080560
-328443576
-113666460
-330894900
-323292486
765344772
87132445
212868142
252882639
56467698
-31985235
65049972
415904244
-31879100
445940928
553242438
-60900743
-149331666
233166272
-61150160
-27243478
-442027143
1205080
211804190
24361744
21271010
9594690
153172690
-302103409
60258795
-85861842
-466538728
-239071599
321884904
85077432
-823821462
297669750
-603394272
79911356
-170563041
-92282190
-300920759
53300560
16397310
-117178830
-26191633
-138732286
285988766
241989026
1823493
-143198920
539889960
542695440
535300148
-190694178
5831100
-178855615
983668000
249865207
47514045
32777130
315341619
-802951039
-186413084
-171969570
123770655
469103695
273114608
46106779
543130328
148750932
-195958850
-134456700
-755616510
346843756
-327896052
336994525
199685035
1734208
66821815
-681565266
69518856
-198376880
-280913819
-12944670
-31015446
-80536883
-672562950
99359880
107345140
-230462394
11368250
92494650
383073678
-400348086
783575730
-72822288
-270763372
238448931
-30366354
-405201966
-322918214
-189201450
-174614000
59816436
-302854596
270965340
94658952
-257265149
-129019780
-167455512
-17536512
240076293
84943047
-44324055
183213450
35725260
-329675218
-234251840
169462399
30449890
704039760
719760411
734978880
-714900014
-614250351
-581315400
691584128
-78315300
285118378
-517523699
-222619012
-158615388
74452161
-102798405
332237583
-9980896
220072270
-60319320
-19546185
173370222
-65652504
18796272
-57656830
2734688
-88489989
726716637
-811678032
-391653040
719810728
4624032
-204210286
-42522515
-221113207
8084180
142406370
157554058
579648218
114618104
187780381
-26236925
506513942
62606963
546664664
264706387
-123328875
-530905428
241712224
429225090
331969914
-585979120
162253440
49112320
631482554
415258450
5694705
-378831045
-290330355
285139950
-19889888
-774231201
-63908099
-541717608
319217538
323765825
538866171
312220376
616792000
-239487552
-102538080
686147924
-548720744
113833876
-494295480
-212320878
439092090
19004733
195979044
90636840
-337875758
-360424566
750969228
-641675772
-16181892
47448800
502968902
-404493115
325867995
56873328
431358304
-371358510
253647632
64648518
-590588918
-26345486
-508249491
-868314492
-130233936
-147837104
-17022676
-267844176
35886785
-33976860
98396668
249848404
205439828
-382274262
-141921171
461354628
-30348808
-249612519
-626403206
870693450
-280269837
-269766085
-668255966
59309672
156494529
227172110
-174756814
284025250
-68985612
-92816721
74785698
-99785713
848999316
8950710
72481360
-97997344
-394951038
584501892
-40168704
407978412
-125985860
-37950288
-177970592
146634894
-94739535
-292197360
-105813015
15080754
435994424
-78983345
-129470192
-109184679
-562497708
-10404198
-3591365
-339931284
-103952760
-73357640
446764140
-456858053
-274714139
6248704
80807625
33932145
-612410563
-219860286
-285661401
58500266
-703980739
-613181646
132322176
-9938064
189478300
-590489676
54479425
-19978725
-377634432
819031974
487090329
-742399344
110613104
-748166004
275306640
-3310135
206885946
-317716554
-827557236
-267785809
-450627372
567240303
1176380
-158985060
-307641516
-67052988
-385174969
670046811
-152532068
745732030
1365616
-215878520
-100854253
-1276781
-2261120
476179648
-177854584
-593184680
-204372212
-153949752
-28200228
-106946217
4859820
70230024
83999988
113500577
568914754
130610180
133243240
39995478
-754131392
518545305
-265625692
720809350
-123043819
787297680
-15292803
479633700
-29653611
-109130112
44072028
-25429492
35319157
550475156
385720300
-416230425
-397441953
-394123996
9219224
325341255
53527492
359424450
118218750
-631607922
-221502741
-154556928
-352272224
-25689480
-502108896
-183339717
42819744
146200896
-34769336
672431036
168199020
497461360
-536928620
149507674
31817552
409820836
129868810
-359068232
141930646
-198396796
590571608
190295248
-56071200
188150500
746802135
199152072
-47101664
54736680
-180147616
-130037262
466768279
-358284570
-19921375
157691110
-656860026
-44817972
-94677961
-129674307
360122196
345121770
668769016
-256841498
211657992
765173433
34197676
-148843456
-93153144
-83818350
306032171
368136920
809939174
-13700698
-646545020
-782901860
105183078
-105533280
550060180
-110047787
329904000
898167092
346378240
-248365656
-2299550
16323428
28877588
485636550
223195245
82582584
-72005955
660678192
17554632
166530132
-114332400
-492488802
-481163410
708440784
-392498208
-179638134
579046300
-532874517
200525360
-96067642
-585160597
286224512
-626816183
-389792100
-50951692
-117675100
114154774
-212009560
43927884
-655102478
-170657916
437783356
-95049285
-100341175
-491068386
167935680
-248009850
-185491960
-181202605
121766967
-526016700
-738106680
19637584
-105839812
258460848
-394164585
-230591380
-26323800
-206219460
-62794050
-188349920
346590365
266213640
-656021333
-244934016
252722551
-24983210
-11966991
49391144
163370097
484430331
21895360
155590080
-1242500
313488840
614446754
-747664784
225988370
-280930320
-465696
-187180224
-152963460
-320293787
16120111
-245832425
-348642957
2897880
-421185492
78275808
-677857074
-153097200
386100540
390459008
106053725
-39934840
128563386
-172289608
467004144
-586673052
-7803605
134966761
-419914404
-63768054
418458678
242684180
718141330
182308425
241619064
62975184
-401920860
-238619772
-240541752
11666944
-109074420
-701310828
7666900
562282512
368727550
302424877
-102259266
106115802
-640686900
-259675632
573666912
45136356
89527724
192000159
-766271415
-126381957
6978604
15759360
404542830
62636046
8552544
-328761632
-187519368
106359744
-755431560
82697468
132907740
30038580
-117537456
-306641815
132651497
-10272009
-109004401
84229816
407380425
-84043648
-586955152
-279342816
108988568
-251217000
-52248842
-108548858
-485971234
-619024275
572118882
-858326192
866897400
220933056
-42831891
9433582
90812536
-518344772
113912194
8948660
374147792
-130628880
349864385
-176648888
-445766084
178589063
149994684
287075908
-766255416
116304760
-26213385
517117062
-1019706885
-174110178
242050920
-49013214
-410981760
-17720780
-445636146
169138140
127308518
-92462723
319527780
-146572376
10969924
729648291
-569306080
-688963590
-186727632
-5652706
-119825262
-453541436
-706916484
-156675721
-32841900
100658668
103921297
123825400
904578975
-103001112
-7678300
-840521216
-386759802
74276748
23613024
-511544085
-176804880
283839594
-226015328
-115776540
-355335995
-20278764
-922838202
354030724
708489328
811647090
218897112
-28712889
-188945295
-491180356
3438356
119792728
-103516592
-146843280
-370073336
80798080
7288470
-34722388
185497485
260791820
-182077108
537202403
319493295
-689396184
629503994
-29801720
-135723924
-519167971
407652972
-63441228
-118112310
233441960
-173611148
-130014095
-163415000
101776026
33325960
52030227
-13423433
-585089802
-16630872
83184537
396101930
1116916
-77337104
-131646324
933935574
-38651948
-290225155
-268627954
633451680
85400900
-392952300
84759186
-245197232
23480880
32890920
59293600
-223202610
-228044724
-298503296
-58729000
66906401
150538902
-375847540
1668200
-369551000
6536700
-31866984
396742480
396493662
-802492340
-292367521
234753620
-488541920
-252579096
-125958392
-141330636
-84927623
-158657661
-100098973
85117760
68284812
-83978405
-875265400
-570414130
-438096428
43572870
672649384
-238689007
291684755
88724127
-335346819
137610036
25862760
-208449430
87346740
245600796
80042780
-205545432
62241875
618485064
-40197990
136992336
-158796826
-105557760
-843218120
591173
232034296
-183170028
-111658908
-407890404
457867109
-178191255
-103348455
116479890
-40199384
-588403932
-146233200
-353477310
-751229696
752573430
48371810
50167629
55961238
-199195894
143406018
388137576
6732933
762353536
-85909404
5395390
-82528073
-39646125
347010818
410354451
-627375048
-614417430
-83403056
478534468
128022954
-7155400
-610904459
-133491171
-125351829
-67363248
164874292
-24292905
579775940
-337188988
560262906
29313661
-459272718
206489050
41327308
-408934524
-122810464
-203713560
-517798514
-708219828
-73509535
-2419362
-320310480
-389702880
-14369384
532571915
172516736
-15421170
116805744
29973020
-431039250
804704131
29676483
-191897522
354208218
-593811200
-428406786
516544441
108555060
797004534
-25876084
-75637982
-180486280
6997700
-848862330
122901194
-188882652
69760362
779898054
447408192
175016243
73760933
-84166075
188035320
-111687918
4933082
7081900
-837062244
-800800728
-239066604
34345272
-170632655
161150220
4503420
37480816
-801723104
397254869
-890771035
660375157
-435283128
27302928
-1005858
467476893
-697252707
-362075922
-264498560
-802967476
-31836280
-140090880
-1519020
244428975
-31693735
501336780
314890848
151099830
-168731290
-111293598
565867532
148383864
-96022386
187275330
-720003256
2980442
-438191631
25151078
598218411
474679590
-599128475
40313364
-328866
768459415
120194589
-143129008
-90837502
-75397166
-524819257
-551247728
-100734400
460848164
-2244627
293661476
142459164
-468624972
-3861207
516706880
-293766368
56865000
-3130712
20240880
370204645
-338557000
-114656430
73042398
578761947
-39019550
-197306820
-453075480
-238621131
36321950
-3224550
-73209840
-192959800
167714499
452647185
551583448
-498047908
37807734
481014000
258823068
570432512
195559860
61465042
-488828268
29051780
291826623
207079935
-177736800
10627584
-845781504
-332247393
-40370022
-17411184
-122787092
389348403
919481080
-167331255
-101376205
-268334376
419890996
-197295582
417289592
-394915185
259350840
-84806370
-439035870
176167362
68644654
-617219200
-31292495
-139154686
24294808
-479727759
-20589348
304471965
98848299
805274333
-183851910
-853952293
116705540
-258485764
416752875
-488710724
-76174080
-1040823
19767900
3560356
-55191162
-192432284
693419180
-4208932
400047424
431814027
-247973904
892355840
347859680
-951623552
-101561833
271521444
5840689
-689700
-215864871
