1000
-814178600
178322695
-51752684
-118773537
473830320
607441282
137753160
-756214646
5703316
206236342
-317975196
-357236500
126668418
-357141580
8809965
-13867878
247733710
117069570
-8925840
35481743
-199074348
-734364868
-5476764
-913471230
891341244
-321965072
236081739
351975288
-872246592
-634418932
-517591316
170287391
789833295
-93592646
92233410
116959428
300404606
897197568
-6724386
318891220
-54468308
40600968
419949180
10266080
99897159
63828560
25070775
-47673888
32852143
289067784
119185164
72519120
-67196556
-23250828
478291359
56761660
36781568
130358542
-535087872
-756738528
24140735
-37003964
557244
30681690
-267624860
-307388025
-268555196
-16824980
124724950
-295856600
855380890
-4962230
-456424160
10052477
30696170
-310694256
637291044
34382736
140562630
482549840
-449234622
-57914696
-182484848
257189826
-426215552
3244494
-164823399
181188256
240735930
159152928
758136335
234675980
293502672
248147900
-464385936
-20760280
855370273
-258244338
-481695479
17555373
77992365
435392480
-150907640
3468744
307279092
-308378070
-418842756
76311178
-520135220
-75322380
60772432
274400280
-285231472
-304299779
171878568
107676660
575596412
-2128532
105496951
-954284440
-738388095
163302624
227718540
-3047148
237087872
-471163110
480691127
98835048
-54768780
-5128608
24460185
283422590
-78650370
-194264784
-135070269
908523264
-253473639
356049360
243359933
-159986846
477320156
-66528315
9497852
183466800
-31841264
-40859100
-281594429
415664606
-81866220
222799871
185325530
-172161160
-615956464
23418120
-166508244
47870280
225448740
156094272
8529688
-95090804
8884645
-99975150
454532715
-111515272
50823528
598796240
-259807784
422077275
-408948192
537361636
262140067
65112306
-40676949
12034094
-779973723
165211764
43461484
39919334
-337144776
-123913002
39098367
610450476
483140
368129685
-326206150
651004893
451834858
-111777750
7836525
19624264
-29337685
-134955001
-82468464
41414802
173838714
52342436
-212259096
-213666432
538308094
269076608
70043120
80661504
-38725865
-176908375
-216106572
-254311340
814220136
-1401261
-117999600
-270207588
77468715
-14862626
-235455120
-701515776
208209144
-776549388
123670954
-265317884
-245366343
481025740
-183370643
795530625
-720912436
217077536
333983270
429968675
12321864
181899351
-42242530
-63028890
-33621280
-163242690
829984582
-84133920
-527283361
-161476647
-143513924
70109780
-202292968
76396716
832733376
-321248544
200629641
654644667
-39248289
-211524131
254093764
145170240
308065685
601621365
76177976
-33477125
310347564
-397146764
-127599825
216300478
-802360466
295276720
227658392
-305818240
-63287840
142073192
-610466508
-105255554
576866360
-420913480
292317652
439171254
-482217670
44825460
514875025
-410342660
-177034095
193533291
-80731431
28794799
-141448679
-86617244
6031992
-171062122
52936156
-252434336
898157750
-254522362
95071732
74323737
-32156410
-105000000
192880170
-86898304
-123622134
-36611328
-43623
174351243
-4937732
2396108
-270257478
-20633568
-364437024
-207329784
-145083810
139059372
-8518225
317831103
-587048661
-101323642
63390990
-143994309
-78047965
705206898
-849280850
3787128
-308876800
110568693
-817050472
135863476
-76368609
-414655894
368342240
-489488272
-253770939
929201565
-480635775
708075971
-116939907
686188575
681384340
699380514
75254152
182271969
58856328
-27328650
325886114
-4336200
136099686
-161575463
-8888592
-68559832
196504104
-247268329
148283168
131709920
309264336
-818159576
-641443200
107806830
8128112
617250788
-500735097
-167088537
317693957
641421570
891731672
103314760
-253964438
746253235
104218842
921239846
-282876948
-20383650
60735566
-523666221
-43311898
185949390
-106137419
634888889
115288944
356451745
105723071
-56701205
-734270492
146938272
-209071968
-18141024
64224368
218086560
472130208
-196014006
-46562964
-55382344
166700410
106767875
-579422286
18199935
-415294373
-208907016
-153105000
378287840
-88100120
-119484132
1089424
-697540338
-237371484
-745644922
-650880076
20139704
-4052
69117972
145196238
344898720
179468576
383463840
-220313132
-28219266
425208504
580443654
172797820
-49274481
-413785112
78679032
12137754
-2565042
98212140
25170963
99676116
-839728125
451201944
149806560
-14136339
543805239
-23548626
83423201
-142105425
-176825124
-15033798
32960719
-23140065
-117337734
-2682895
688735450
647728002
110505954
56890126
-32044437
281043425
27633060
122009440
-49261446
-192340368
-210661971
-9656640
39684198
9622816
176803591
-566186628
184988769
-6350553
54577842
402839191
27100412
121638572
88049017
-68165634
-249941650
142634800
-281781178
-100509708
-898725952
-241521160
-17075128
-241193927
-245131299
138050532
483219168
421689609
-136011588
-557601675
-691974800
547469945
-11740764
226004973
81908190
-436910053
85925332
-128817504
588233832
-276616360
-399306565
732605289
-22205262
58172448
723717421
772206916
146185977
-843301970
111073002
36244115
236414464
631013718
497349352
-17676360
276873457
-606653698
-75794400
778632150
-185940897
-159394848
-238470480
6782306
565773650
371649621
-32502360
105828885
96576746
-1013615939
-557152452
-282991152
82398098
1007785764
27635126
322820391
-796311036
22211448
322791840
-77119690
12623664
-90538869
352027925
127975588
-335494301
-274341173
35237552
250481208
166796385
45696800
-582328155
-669158573
-225426726
228117375
271536856
-284892520
-160037031
-19311812
275186460
893217284
-84956040
-3662807
226619316
439150712
-415579280
299839680
761325468
-239639386
-38144304
-29856848
13107864
70503839
804887775
190893472
-329394480
491243650
598862992
77692094
-108611595
100597902
224810113
-79157596
-26405878
222720960
122778290
-572435604
507694770
-56829198
39027123
93882656
-100986268
736498848
-244610180
-240410404
2284936
-412615440
-313060878
50941912
-238458825
-374665620
-251282486
216628335
170273038
-11991645
80305720
-374628555
158833806
70973266
-14924616
-193433312
290265525
-279831978
46367064
183546790
-383701795
-586121988
119831112
-29114343
252913428
-682739512
-249461760
-17474952
-182197386
117152070
102658250
-219742551
-310126952
-11450016
-10589136
-16738596
-70907688
-413250770
-247596814
-795261352
60081400
205523160
448958246
152315482
275089080
163446409
-319528642
242669116
121668162
82013499
82564062
3686794
361579045
111336315
-81077139
33895258
-243271458
-87438399
89268333
729855040
-224606745
-108758660
644383675
-79851456
10291050
92130394
-457496530
111585705
-224455560
-192537600
244805471
-49743054
-35845623
10839212
2103400
547432171
470621719
-156674448
-332659800
-437570580
102599970
-117924183
279032731
352957545
-68421990
-46836032
-136529920
-21403770
134082413
-138937940
-688251402
403761708
-319633125
-136927450
-337856900
-149941910
-283294712
174534840
-189677787
-364083690
-1008461682
400367670
-451138401
6401908
-9690328
253528026
-66528574
26479200
-59451780
-65984061
-870645570
455789610
-406843090
811207592
863824639
181859306
5978988
-347264610
-332615374
-185710332
29579316
111441755
-297618660
211833006
529836090
157089375
175778128
-505080
209162838
282793866
-92373424
684915216
479532003
3591756
8865298
-566713399
-107581954
14419392
-49327088
127309266
202150436
6246760
160942992
610808500
-388670704
501267907
49097828
-847367559
613137316
419210276
-430859293
225446100
732935238
163518374
274500675
-515296
757831200
-278351976
-622417166
-84186296
25001055
303249560
165474600
427245775
-756165960
-79439352
214796640
-435329289
-174242880
407933991
-340393222
-118530840
512976880
-276196960
76382768
60815610
-62048945
-260425836
593867040
314637596
-251834616
185084650
393086160
-71418513
-126808416
-173322408
653356605
-311501705
377023077
254993569
-4491264
177135224
85079808
208874526
809110863
442110468
-140256020
794443632
-317713212
15152390
-13466581
-310106252
62476348
2408750
280102251
-169331370
-129643808
-573545727
284017910
-523083072
-74034576
-217356210
672734534
404639057
-371333964
-52535943
-557007399
-242957572
-155659095
-312778440
104586264
392132594
-272269971
-43064682
407022126
-817302850
301716333
326197700
-890050832
-58749548
-98608228
-289538147
400898736
-455656083
104283348
-305543980
702136471
305852412
-336156800
-383818404
-711775350
-103047498
-86126320
-425696187
-595632428
-56928736
156518648
104016780
-59421183
-1132934
-41433574
199569036
322474213
-438982245
-91557524
-387258750
508736368
-295943040
442537405
-356056700
-150730086
-127248855
87241024
-151089750
-152101382
329286496
-337904918
86087124
-275078768
140223429
294970280
-425066319
-634377913
5676500
-310487226
-43863432
-893537492
-280328715
-128971115
-908575256
-198700747
441536160
353908977
284805612
290644574
-54005720
-929775028
427735997
-200289264
504146016
-173164726
353559657
445859280
225379635
383507388
818855700
219234312
245655100
861589980
78531017
113562592
268980480
160612848
-236227230
-572264436
604053776
1019689755
-44358357
-609887985
303160781
-465682108
-133851826
-157162995
439191900
544036350
175592000
-158936373
-387349760
232542926
556869492
-148048224
-130304070
-173186960
-281322594
320939306
292991853
-274950192
718798752
-89854576
300109750
160365210
981341820
41878970
342399620
-24557859
332111260
226316352
-253096410
727130232
-14707287
-63793750
288454708
-53620544
636463366
726634810
-408689400
264900038
9535740
-437500140
-25375350
-282573489
489185385
-308660
-589509760
32531520
-49010250
-346832640
568443960
559099824
664328841
-565184424
87537936
-17839241
-735302355
499952593
168110705
-4485950
-637308925
-31092876
-201338955
-523029348
113515521
116155640
-63501042
-990937756
-322122240
-231351336
-12069498
552440002
-762731424
-841886595
-276230738
388966176
-233215840
68019259
-98752392
216424450
-286142934
17112958
712694088
-134593678
166747220
96908360
8698785
367564008
113711100
-7882926
8401620
-749273024
314174420
-386475840
-487089200
161720580
-75186260
45642960
-44669273
24153228
233057561
326346204
-201247316
389971736
59523579
350882632
398782032
227042129
565193272
-42428300
97483104
-109122810
-361756304
421995900
11421180
-41483988
895652646
-280525520
-184665312
-34284951
-75075506
13764968
-122953518
-784062301
