1000
-458368419
74188629
-679508580
816639200
39900140
-261115607
140184788
390433602
490636094
390843510
-496781505
-191987208
165400630
-337480656
-44443618
83720025
-123177490
-133634826
-429851940
26936476
-219505923
671003300
-120565085
-117530670
-585116667
-72516535
367774480
-44871948
-518459877
-581259240
-522381600
165409040
-74842641
-589150900
145509300
-57657960
99957746
64186710
-839047560
-475819290
-41623890
-176090580
-329418168
-46056080
-553775508
595349838
57538398
-385935876
64084359
-49389318
674232368
47560686
-311886896
-91417062
49885922
423573449
-230350884
-155146248
68070342
-16859515
-290318760
-37582704
-21343388
-367445940
428506509
368245116
98216712
-97678520
-541248453
-173043702
84244923
445656870
-12416860
-430344972
-34539110
-130037718
-133509656
-402051753
-587852244
-623946920
161560809
351369039
-32415530
-136994277
220587644
39685450
-69901008
92075424
-6956656
-378956395
-46904364
-217984554
380109873
17872638
-18962172
302580850
-162712488
-113778560
152309305
228243240
-574529448
-335848296
-146077344
-586052184
110740736
-277671812
-22135635
646961700
-238947654
-173833560
317451121
61974038
-860491445
-39787044
250860524
-599048540
-401843040
-241401090
-56134010
-277902771
-23206785
111907856
307924736
537976651
-36616112
-206913690
-462036960
-69840352
-379532296
114559875
714477960
430388167
37418746
-418704268
-456283872
341644172
249165891
-255286444
202868433
48735600
643575946
-295938650
-135647344
777928528
542522734
-69936804
364489516
207898108
131930880
-732184680
31981150
-39840255
670242560
-501683175
-15738624
523843650
-601165200
208936209
-74373082
402869431
56403893
33722095
181544430
-62026404
16669132
112720374
26652528
-707393016
558164433
-189277780
141999746
76761230
166849251
-416974428
35019860
-134099790
483959318
-259990092
-896832000
229597169
-843528735
369814500
40350765
132459502
-380415453
-163409952
99418410
79061144
-52885274
245638341
-818805
-426089976
-495139351
-629981695
223230900
-307445880
-428662216
-590450924
598851123
166778695
-793890720
16716738
-325808564
-58543380
-229958228
31652457
129876156
-497164380
-420848064
886705975
970752879
-117099774
-39924500
-351033800
572580260
110247420
282805572
-648390176
104198790
-221606900
-292206242
23980320
440619162
11987766
-604560050
293564466
45934350
-1190343
-139597120
-258942736
422283784
-32111094
18555875
21990170
207564864
-397325214
-695622432
550345080
-75399176
185635428
262524040
328992003
-550668612
52234336
-320901912
-64389871
637734812
-60797508
12886272
353769084
-324821663
-509467845
-123774029
-743055876
-682306800
-142710425
416744370
552409108
-77743105
92217150
805726152
-39765704
602261130
-21989132
212435352
11650832
233063380
298145172
139730742
416078904
-637905828
656844232
-115715313
88012875
338025653
-23864988
84555768
-189263312
246505705
823542900
642294208
-261437524
-359526591
13578683
808512320
1211848
222597809
-990849030
-838561779
384126024
103044593
487418952
575093510
-165581986
169178012
-691308912
-169901040
-56060410
-485878752
20071926
902217792
124179264
-99479345
146619096
-598616844
140816927
31019780
46618378
-51430532
1703396
392908824
-205943045
360166012
-91093800
-49277800
-370490271
-410058000
-331044372
-227790531
198019057
485209132
-642662610
-178015968
63648410
-524931924
50551332
-696707706
-364997178
-78169260
10081476
-49717120
-126751865
-315735840
-89085528
101974650
17172628
-120867960
444121446
-252929033
-19650152
313912242
-214243118
-535872827
-334653354
849241928
264968536
-636860688
-297777692
-446849612
-526591190
257349120
306731425
90326880
-99698928
609181664
35688072
-303368416
-186338152
-217484898
52128153
-477139425
100214100
427292800
468897471
-115003539
38100026
541599534
71056941
-590088156
-620630505
-105504606
470928777
-754102069
595152159
600449325
-28503874
53131314
-214110819
-84390576
119760192
-368939740
-754088948
441453824
-413458218
7237168
-26247329
160167219
597643023
635762655
-495460052
401492574
2875740
136772038
147277110
219741872
-12621260
79238288
-32124430
-26297810
209489976
166860832
52528410
-40211780
-496414960
-345029105
117376194
193113524
-242238653
342857057
-349402394
91295372
-182849628
-18396330
57883566
473447040
-29565090
30411702
-6754320
-516450326
811114304
582187008
-13864500
-445129722
-197693636
381594556
-31186755
95229466
108522876
-319833486
-64980991
97348856
396863610
89323533
787038692
30468492
720690600
-62657575
-23896362
265260334
-105869092
625344566
-967813096
-13077609
62604170
-362369790
-19600498
630809964
508440855
-149787552
707406083
-802488927
679935636
6652245
579555504
-953341452
-137340975
321306298
-533512980
-11185650
13788138
-27906120
9057092
-157472726
336404043
622128159
43182084
-384185504
-64260261
-121605862
-180302850
-86871950
-256084875
50531734
437381825
270570470
-907279956
127834115
-178519950
145480060
143406095
-157126430
618181632
-130475763
-31360404
-205383120
-713621004
165089155
475139895
-822980969
-270008044
-31818409
-256443264
-367587012
-136323114
57294990
636422420
-129433995
438660090
-148488255
198515250
162236467
-967595273
87833005
-121754900
10633224
-442348165
-683100768
174481752
-112690431
-129456785
68348520
-161629965
-79200550
220384800
59077720
-192002798
-6159780
156120688
781230445
-13518820
-450505165
-256919322
48717692
80050194
-258429402
394944313
-64303656
-368670568
495803280
73468125
-508645081
30393420
-324852345
9563346
92252125
4182812
341208999
-187008870
835941405
-233526408
323348840
96250245
-772288587
-625980171
65530920
-9076652
-813282435
-8055362
-33449080
607954351
-620913104
65437056
-461836815
-683032470
168860184
87623628
-27968517
608358600
-131842101
375603968
-91259164
-590846103
166309668
-49007954
430837236
-18816960
630486339
297371505
124939269
-185414064
-302964178
240658643
697839492
-134541015
-601360980
-20808240
106890085
-198204072
72572120
415171407
45724996
-508668886
-262886918
176909972
493449803
341548311
14412284
-104654088
114550646
380564072
-577958835
-270891760
177046639
-112400500
-23930688
23075568
117800283
-112608782
492109678
-557244585
152688360
-242132440
639519378
-25003875
-111656090
16037919
167867424
-825889098
769478841
416564436
-644575750
697361140
21105240
-186781808
328351430
63195630
338777587
-153651862
-140268815
379860941
-461233352
-59014525
-346008728
-233333616
-190514674
-210068760
-439284195
15763764
85093250
903725500
676978203
-38108380
338348556
52624784
-22311636
38874320
79282725
210240152
-365810670
-231932544
-318945833
-558982224
52513830
-13449647
101761344
-429603336
48413976
166600800
167896312
483870196
-688994400
-248266040
42235034
660605536
-550750257
286157937
272548465
272659240
48876598
-178419427
41841600
13263682
-44447229
42213248
-201775860
59460456
-732171
27195828
169421694
403328808
-220952368
-36531624
-121927379
303220752
-242848126
-720201960
414582666
424425280
587531272
552517510
24830622
-20938979
495917166
-128679742
58757600
-554830485
-260899344
405817659
-254662601
89788262
139992456
-55485779
50226920
-100352230
544138880
108504942
589611748
-11915248
-173007975
-550855012
-6479116
-329966531
78723330
-203250000
-218728902
214822300
7364707
45807081
-109712343
987851599
-449848404
334854607
-2399070
-281247032
58187556
460640106
306550834
-418503464
382913890
-192034038
-38660174
-462300930
-438474803
-946780579
-86977440
414285340
160457948
-59130357
460059540
213466484
566779680
-108996509
32594196
420412171
41926056
-118706652
261315129
656886648
-169365280
-669967248
374993298
-49561896
611173135
122120497
7722000
91337340
106139076
213848808
477117828
9357400
-237636781
46320120
-272151300
19264846
419451732
749990324
11852500
-160544560
-36135804
-545945040
-243410460
141364768
510131580
628441194
142431338
18671106
-375676186
-225465225
560459942
-384663279
10188178
-51109266
-16276925
266839680
-75415420
-546505596
-83455905
-197087616
189498958
-366101904
-381031319
419954518
-58712892
-214872900
140817912
-91340406
387532152
174273264
304092888
392213250
-50723785
28463805
-34580040
-475211060
-10366692
499332136
309329424
396351900
-28863516
281344032
-658647360
688267440
-726502302
389395660
-640652208
-913904440
-29393
-876290196
-36607542
-184137360
83568384
-751632963
287121759
384577732
-159304014
-283595445
42216260
-431105607
31160952
417563937
469384800
-171522277
35419054
-61844118
-660386268
4924688
339852525
-211211943
623348666
152308240
459442088
837665241
93379440
226045668
-60559576
-198461840
-2267457
-26731080
47760410
-582660540
239249500
-532748460
-83992849
932292376
-260714466
-574679819
4573536
-290577260
-205487700
-175705416
-193664730
602506785
62265872
-220542970
205168518
168408786
838949984
-521818909
281190546
-615012689
212014820
-410433507
894092715
-42934272
437101080
584498448
-380785380
341765130
-261476592
-234012675
250795592
-619769430
-279281646
395473968
716003992
38001216
-538869552
196378764
-889869927
-680598600
315160384
233202120
99062656
99915112
224699890
6264720
-31000688
278597620
454621612
-68963007
-227279052
-456507252
-108810744
-46020744
-429840082
-75594882
16442245
-99385230
873996024
-448734375
112360500
591287676
38021394
35012019
-701089494
-285973386
-288516275
619119532
-70676712
262051790
-786358844
56474820
730739603
-1012697316
111157434
391819410
-465982407
-425094320
-476692881
337572423
212450625
772499953
-71675604
-332197513
24445656
-115225695
-698070792
647873478
-420503993
-525896224
138445731
672364595
304176834
-210378984
3652110
626166318
739997218
-745340722
478460430
68850648
-88881850
-32222980
-29302435
-128836916
672423213
-193461114
49736960
219282784
3885740
395622400
276725280
667986
-14432880
-239859246
71754190
-142891970
-24042900
-319275904
156933288
161033339
-62642600
-19546848
-29365095
-229485312
157376232
-298530258
403219692
-160525026
-20703992
611843029
164743318
12051008
167030218
-92598120
-229219025
-181123193
-333792153
-73883648
-67136226
599703906
-312571786
3492378
868671384
386658168
-874160958
-507921190
240451486
60449948
-597829593
613524820
-896792106
-14374320
28806280
21640000
28462158
-182124125
-87441110
-142848346
475019030
83249262
