1000
377876752
144408880
832999543
268497364
299755890
-472477230
254114686
76619212
-30051490
-323006976
-122325108
637221676
525255801
347144511
361456017
76726734
680512
281921563
-109017728
366379620
33412640
-394218990
229534505
-871385268
1853200
4310131
310659995
-58046976
215697930
-238607431
310389200
-9851204
-27273894
-163319649
-392696526
7064180
168004818
89835150
85566390
7144830
-767276070
-38466206
-425105280
-82404240
258512431
-581778375
343748736
469631464
7166040
179789832
-28528752
357361221
226973856
-641492958
1001649600
-889771448
178498538
212869647
175393048
7149856
585460400
99606468
344435719
14684796
-114074148
376269597
-295924134
28677550
-132517363
25321572
-22652696
-73389636
-290645212
-11774290
492698028
-644875050
-545617600
296518818
40699560
-631696114
-196252312
-438134775
-457184242
42175734
572488050
-173701780
343894630
-258309254
544318512
-11167210
-770153608
363176016
-190237344
-204860320
687153138
145238048
23867085
-155713233
-432829299
-512180340
697181364
-101668000
-19139728
-57087316
696170740
429282259
814781190
3655017
-928068720
-168247062
-27693688
41791320
55817586
556358782
-48795426
-323322570
664841559
-126465200
-38038869
-156023926
78590270
496771146
-410970368
9697896
-70395703
-208982360
808726056
287474000
16306202
-657230850
-9521652
-340583739
546764589
295607630
737514030
-409878222
-833042820
-102491351
403642645
-110997666
-172063347
-570900525
-152796440
-138028302
122921820
-222264537
126398580
-271905900
54081005
-200204544
74915904
182721228
-350109186
279511008
9457320
-6100640
603010
206468297
607434254
8751400
83949969
-664802523
-590868663
17722712
-280359599
315017570
33052215
-156221648
-798982596
-126920239
42360108
489320865
208576514
-59699305
228615147
-369505908
505719124
435925560
-18717740
214874715
-42564750
220977666
-59180706
-617353176
42259588
38867400
238734576
-156654960
92305698
-183208864
71199100
-174430620
-278820090
-45936216
80406640
157180240
-17635560
-306667536
595556020
433706496
158157844
441769275
216804200
-415240492
247533838
64171884
172801440
749942478
-753915190
216918315
455176670
60240
100479192
7597867
147396440
116179392
143299368
-290063870
44157256
-549089648
-125184610
49257923
-5698480
-133252833
653660256
-218628085
14198130
-402506688
-284305776
-463003160
-521081424
-5630850
21283268
-83025212
-573408044
45611571
-317850848
-715079670
-340544741
-101505550
-72763200
-177456162
-19335696
-110952207
245795215
663166
-786734464
197887087
-584817728
344970816
104953140
-401343183
441438570
-232735259
-27322466
409149441
-626109750
-62784260
-181188720
295987046
639931683
163231212
-465978702
10175150
10750314
-34280697
226827664
-282585996
-478691956
391170822
-380456715
185127138
102903669
167534400
-452547360
99258340
-515803739
122093310
-739626669
-86667360
-606203902
75432380
222327084
-543398138
132602480
-222562066
301488640
283646649
10364985
-386370000
921940
-476038654
-311542456
73984509
265826900
16286990
-572126770
-19441581
-694005165
91583328
-4466688
623867376
218579760
-147915208
-35546275
-80796078
32749040
-263898414
-578288256
-126757750
-77428867
-91252850
-101370511
-740690304
-323051850
-128587500
188183050
-117307710
-471196600
-307494950
-246801381
65661568
-327985338
-170410184
38956162
807181842
-441347836
96583715
209644450
279201762
711046792
-16087005
-452498826
29992340
58416930
715231726
-281550108
568126335
26979225
263660144
22081748
95505660
-920786948
142731306
2018246
524647667
96421800
-163811700
18331760
472520328
556622220
-285955946
609444
-268921788
193221733
31256080
488361512
-437157666
478424385
-347040540
46313137
69557040
853839250
218102835
-491088220
-454108848
-145282158
-399514139
455290576
586367296
-442649624
-131389288
337873655
862379060
-49189416
92205800
-282027520
13311400
-24468918
293272668
846689379
-270907000
300799380
61412996
-27311996
134442828
50932065
-111517754
-50185840
-451602008
-970250752
302763255
-38430700
140920852
-21344664
-126131461
17897858
-373848376
371081400
-657230055
-267044484
89430000
444573648
180352832
-786946507
312405648
-598801132
12890340
24839856
291489400
17024490
801450700
-87086818
224850171
-86991740
461306198
428886172
303124098
-114382944
3179644
555087875
-341648299
139274928
-165221663
-35797509
430276509
-156904460
476944520
-420305952
172557264
32072583
-7260594
-61653225
237038139
11999909
-428233032
-57900690
-44574990
319954640
99989229
-522805200
-64116588
308106144
85331316
203264974
75409722
-550933852
-698259562
-201189344
-95323203
7872760
391579738
107419586
-315990090
1559510
-330097313
-453079115
-147021619
-133748256
106167152
740545546
42892576
366863196
-240911484
377332450
373087407
-190604799
86703804
173382594
539624673
104783796
-361276010
452206556
81445680
-9351650
-509652558
730702861
338882198
-316182648
155866680
167521001
-765417224
-106203134
-199710656
-305665382
-39150272
292787688
105673472
14469420
-14548065
-167820653
-374391285
-184529936
-134162298
365272880
67358760
-159715976
-2516323
-47461680
-321279048
552191224
-274760990
-913399586
78248765
-55438020
217359740
-307141871
-53508189
342872607
-40228119
-44823616
-44604270
562420608
8557128
219974139
289771248
17655276
-563637942
15186593
458915940
308693136
-397375782
-41840352
-155969408
-128790038
487914112
146226906
55844649
194891472
-73444215
133560724
146525015
-114126165
-183331988
301221737
-270747108
202020920
-114711104
68287394
272899725
242693025
197770560
490350670
685292468
178625848
45963080
833706070
-103256101
-691610850
386810816
276412158
-96682627
633099176
866274614
143140265
91264032
325514096
-23308075
-189696816
-368872000
524657000
-4470155
-601676016
235414620
-74792652
-19414476
-226691865
367432436
-358139405
38053312
-622408365
732868526
479810154
51423039
30536116
-200247479
-203013289
59291512
-299359434
-354342192
-85677576
215153928
603204657
-369228194
5199135
-169084116
405588320
520513616
78326613
-364717311
-814065157
-15569887
472195155
57328447
-259998000
-131746110
318021792
73694874
-460306419
-265099380
321870938
-229759431
-320942325
-410828670
-290579304
197131212
-48693960
247817760
-155374131
206146155
907956808
229114160
-652755858
38808544
-8803085
96099367
-1015295600
-14811328
40525608
38624512
-128173881
168517398
5911022
177935170
630910337
-109625296
-90388344
-1002205
-137743374
-553315840
-53476676
414994174
-589709407
75174120
7358252
197999500
50720943
-79363488
54416241
-63741450
515009803
-113074884
-50913072
355552725
-617418180
195693432
-290234736
62775167
549912538
8501812
77392692
-198879625
221067042
280546688
-106651359
197343040
-53682276
-817279569
20559420
117316589
-39104112
-131900717
136209024
47256876
-21762720
262149359
5719634
1003132569
-251084700
373392528
-945130753
40848600
-150373431
109120589
26973720
-318907768
80511639
-4581360
176393700
-367948490
-255105070
-278385324
84506224
-110096090
193608795
86276817
-119432840
328482550
152276480
-365560850
-29159400
298583776
72451930
-424848096
13645900
763892820
-104157114
663679600
-197224660
-239360000
-613862712
-234836072
430169955
34477608
-88540634
-161804759
370295712
-771200280
-72992634
209381184
-53001945
11163390
-549882243
80164915
-219042207
-59824868
-16364537
-40476150
242782423
299911455
-426888524
65464451
-58354749
-46470375
-654157580
-145256368
-122227753
146055050
239636025
81144000
7706712
43269650
-38466274
-314033650
106923310
-72097436
-6138132
271192092
-61099500
294252742
301061874
9101456
-67928500
-142665909
-53487280
-673944480
-251445660
-11549250
-9979884
-92536682
200448822
-14113029
34942076
118373360
-333747550
-149481068
-75115904
272662017
-418284360
-10344296
61781836
553647248
202930205
-14195088
-83255847
-518732262
232239972
-173115360
-405542457
-413966201
-45596080
486801420
108184268
69928472
167829984
-137235504
324220090
-144587338
779374056
-24456192
68646172
27028794
-83034104
48428816
-239864688
608669928
492493904
-44850736
712744882
3983864
270414733
-812973280
-14001183
-509759946
318002998
1017290449
-200634279
206285286
309830080
301973364
-138957560
177636744
-190748866
10042272
652663440
-90070650
9783942
-36150192
354226994
-28255920
-571297260
-151024137
-5251200
-252731200
-10642086
-159248430
36088623
-17075520
330014336
-575184780
-119228320
-581582760
825289696
142847820
617396208
-635074816
-525113820
-101975760
31704816
-19722670
70220289
295357192
-59921442
172930896
-378567014
948837492
64516452
291287420
418161908
-730953685
-60512644
511300608
-17777760
-294208863
162628650
150506050
-33560954
837831995
-625546881
100087575
-40014800
-159744960
624626688
136056024
-64579480
150532668
92916263
-225900572
60229673
78172080
605313000
-16811960
65775625
-289770675
-517863566
65766132
-12240368
190411561
101253034
-489450218
301840974
-18811302
450161010
-99228302
-593578095
-1001138
-55343470
33985224
259537428
6080114
526388445
279551636
66923010
38167519
263328228
13162660
393824010
-270700391
265691309
-202650912
500042174
150534675
-382496712
-645633345
2148188
-292351696
-96577497
-105218675
7848425
77325003
-37604640
-158326385
115989140
94736620
191869600
53191650
-237448392
398505950
-893743200
59195895
448797549
436469067
-301428060
587673492
-295301952
7902300
292156920
-484603208
227553500
10081716
48729960
-282191760
256929546
-317171757
-23848840
-78771021
-374095114
50245640
-432462562
-15586083
443201265
44655440
60762267
537797962
92482047
97708897
-319298798
-214439667
-118345554
77044560
-234809030
-131674788
-453932280
685125196
353251857
-70812712
111131007
-405389160
160387968
-491867488
-428971349
-192518832
6107180
-102503200
-31879476
85190541
-700390824
52935064
275751438
-178737405
-260228403
-23244916
416831976
142660815
465404668
105585744
-15659325
196269308
22696355
-188006358
-423302374
243325533
-495931413
517991520
8526882
-192196546
-145056716
-299049975
122570048
-165366747
-331897930
-9660640
-50360448
-803596392
76860084
-479019213
-150580689
53740597
-181592355
-160455600
-148305036
855456694
-47466040
517422240
54252594
213467480
36083644
886654496
295557920
261492750
