1000
-408091563
-154483353
-168105870
3404592
617607307
121269185
-382435256
154932815
249936687
27311350
-46707522
443752512
-297130437
-639000414
-527419900
-186041160
-715940040
-171866744
-39328553
-73977930
-274582623
-103364624
-648209745
236311200
-183978216
-197036037
576271287
413245665
54757768
6282792
123483420
-28479420
336594324
137468976
555721920
-212282178
-318243024
248159295
25167240
219998926
88003840
-619719126
-60911199
855628210
-491543010
-131767272
380848768
397037536
-280369998
269100978
222144253
213256304
512140717
-11655625
-805551240
234880767
-98784288
57422950
-805347978
476140512
-138364992
-195767439
-441061402
11125192
14594112
-87781824
210933736
-17941480
-411134331
102867780
450546948
-1027024575
419401542
200860340
-341455367
214317618
-701620530
-329535297
-810356944
185328315
-23001840
-306886307
-235056334
-294329880
178062944
237988149
17120080
87276130
537280512
73476216
-22503272
42986764
67345055
21799331
-114159060
-631081539
-404962832
161577420
-426567705
-13386621
-104906167
-535963317
-301961776
474324140
-463682518
-69361305
16912350
33231270
-188727517
644596032
-685883184
642073068
-299009876
-169001148
613546984
651699469
428152560
-121862862
-90628670
117201172
-79086048
115874528
504658686
-125162450
308902872
-310237772
373325622
44092448
89367075
481102776
-505869084
173220180
-705843110
148922414
236946
-271613268
-130536295
72463623
58941619
15470884
-730150674
69194367
220417062
128718590
-20538366
-22313775
44829281
163426032
-549821005
28402704
775427616
-347752350
-280162388
-27601945
-406804628
-157694282
-418926210
959821628
353110644
16762944
431268849
-355561760
-230848420
14796690
10328328
-73971675
-36836762
-1888560
-230332842
166560992
-6378282
-280595941
534187782
-91665552
71493372
-349501770
-233051598
2479158
-757768545
-719566448
591021354
129127656
-223427100
122316490
78725780
159065685
-300185428
-641602957
-281976344
-195046348
-58553262
-148199864
-251671700
822336240
14972816
-16731000
-150881388
-1288600
155054572
517356801
480638634
-696756683
-384302412
-184544264
157978382
-811340280
67067769
74525352
-275165865
-402288405
134839848
-225134072
-849196024
1166616
67791980
-428085043
-47602500
3444089
61376076
-57320586
158630808
674453824
-637087050
-167520415
586718515
8401393
435127070
-222541050
396346248
199845472
494766727
284076258
57963570
372360348
-73142300
-169839124
-235103654
-50953995
-639255330
-45320925
-50124984
104617180
-3170956
171705828
54205564
-118089690
139865556
666005320
513982590
42417240
341106833
566897724
-30157095
223315863
454069512
57390018
976577447
-298324101
-197359340
345515960
122703282
-234301491
-707764173
-84070035
-500017072
412274672
35500500
291265254
-13103478
257093739
-309948048
111955392
-16733450
698951048
20320512
23271168
103915322
292404476
370378140
-486836504
542433978
-75998408
-34726360
72955330
286959906
-157085350
-888966756
349453775
-185573582
-274475009
-95520719
221213297
-53637750
231072127
-268138806
-84820960
117147996
481123188
296153794
709962942
-557168535
-180870500
185299893
292078791
-55657152
-152550400
58432066
250333524
721758232
-258935397
-40936951
7997273
673312880
-783442195
755081580
-336741384
-32564373
26993424
-398728302
-101250600
62657900
-426605688
-659041922
-230820000
8376324
48565440
-836818983
-216987932
817854480
-238850625
-324762830
-23304610
418775157
-181189168
-290970666
424731471
374344960
-63398776
-422103770
513040856
60171760
-845766399
48770316
120543753
69270516
-111562250
-91623677
-19013542
-109028523
738995400
-86883420
259125408
1097822
-86363970
588643885
445685926
37661190
338078524
-657593150
-51451312
170158638
87010760
-269199359
-366363312
-70956135
194999497
144927720
337335009
-464523111
-388812456
24625000
-119917876
-105810120
154934755
240751673
-378512150
-570761467
118731825
516229116
291949599
-942657705
-335439585
-341999116
-19107864
-79536875
473052570
88933383
-439270310
-210204666
616910720
185215067
1042074650
-664930780
299386360
590562960
20039176
1043035200
53091544
-76070310
-291780792
-12033840
559050390
-536857005
-596575344
314753376
-444725490
142765295
16945578
-20456093
-78466360
534174816
116774475
-293572100
-42142020
-30706335
-44463762
-388662903
-196505344
-232533969
201474247
15405256
509673255
222928662
-184037668
-180798870
-224455550
-310594560
525329016
-95951375
265354320
902469520
-104622492
126340578
28030212
120802382
-221278415
-243876528
402140697
-171383128
-425470194
-26442200
-620535804
67776170
-3961480
-192032520
638726400
498938782
-222086420
-17865396
-277465920
-413592601
-38136990
-378267750
-821811453
-148861080
307104455
276996398
162694120
-549182988
-338215702
-221555019
421998572
100639557
493419120
257476373
178611248
13353219
-48861010
362054370
133052244
880602686
-610077312
409541663
-332172630
63645304
842449722
77946360
778541445
-467443028
-777713716
369667890
-68963787
-107006442
45358870
-632434425
-581575215
87709700
200347434
-209273328
280657278
304256745
11690910
-373606464
-886224448
-164533527
101269222
27228960
306508488
-980326065
-533711464
138070324
148752300
-63565531
298730375
-676939872
310543233
232546469
-127832902
-18509733
253944705
-7151508
-63198336
-344954804
491018508
-267658248
-376108573
-540272192
-25384900
-984648324
763374942
-276131400
35722750
180708560
-768269400
-268553950
19803168
-373524690
-536161886
-191795524
15259410
-249343724
124767428
148583092
-51559749
120227235
492680930
446284171
161279335
-670122240
104720819
-118597440
161115136
41160720
-34205670
476472766
-30814080
-455882580
245955271
-679435196
437610679
-41136750
-343330054
105370176
-375598155
59501118
515655783
21215220
303708990
630265044
-123811362
142217187
-843233708
-128625226
137710880
-70134120
304652948
541648954
419451102
-3383289
603191484
-231822500
-177989436
-290175696
-117565650
112332631
-257280489
-788582655
-386715807
20551596
-134771949
19820192
-69976796
169823354
457037440
-224270358
18745984
487469712
-116004232
-249215328
44046846
124899696
836667987
-617370201
57071754
-967947024
371233156
86843625
-34329984
-128348344
6951168
-489641256
-122976
462484823
146887032
-35576055
-573895151
-425930040
505674057
78911508
388166040
-306105824
-167533000
-167604657
-16258509
88832394
-109636806
-293360700
619488
135645792
128108190
450888738
-134790500
137486731
-79511652
66920886
516521880
-114415296
812723508
-582630373
-70058016
-930045312
-98014293
-54640278
826898350
84875862
-793537108
-394954916
53197515
-162260357
180271656
141602000
-548523976
19702218
1810470
34423860
-455169990
498194548
-404221952
640651800
-562392368
-286339900
-75294560
88214680
281314161
-265149052
60244600
-170884408
579092080
285364416
-714921742
319933908
-53442078
-553095654
8699346
14624190
6309066
414139174
106032371
145799849
-51122716
-22666644
-212673714
-218459528
52340727
-289826772
132728589
153598536
59397027
259278576
14140044
419747142
304988611
-240204972
888580560
553913600
-8770450
297034924
14765660
37204128
501033400
290669148
-202786677
189383634
576155344
-384364294
-274516525
142730190
42837948
-222947502
-275454003
-222684475
-25902800
-166100641
137693472
-230632557
-153668541
326792420
-86724
181207692
-34769746
288922626
354665824
308058016
-656060616
-71487156
797841456
29011037
-347606523
-290583033
132825160
-238143633
55267482
17773216
192448221
191945374
-1690416
389517144
-5881791
45383778
-98016404
221508812
-759194752
-532043512
144462158
-22416266
-659049534
350684580
-235055996
-26491592
-256109400
535925082
665429592
-332593126
-624325911
4466292
57422280
-11789634
-110563950
223718060
-4530775
200322681
562161748
-457211174
-83064960
112653562
129100346
32635491
-109075890
515799380
-181875525
-142348920
91858050
94405825
64156869
18202140
103771126
-626349345
303524596
-710130324
-100892132
589952392
61341870
-966071898
448494816
-417109248
-472455846
723115928
49512736
-688405990
571172742
-157256208
793101330
223703050
80674330
-305689680
-351586070
94235380
-26301422
-349719750
-299780713
-332138708
1285780
-188068517
139825500
54019008
-403022400
200209095
16334530
2729925
-353961180
342486501
-845181103
-176704074
35385642
-641417404
-176048775
136073420
111055494
325147686
248242909
129921030
70491136
-410473245
-277329108
-665316480
-261705200
332395126
-34771464
-1202488
477355360
133582680
355166103
367296250
-109290584
18908802
-199194570
-452220890
-922249284
-735972976
4354128
223648678
-217976024
-209560000
-863867224
339996411
306755041
-120371220
-18471622
-161848568
279474589
-397273227
228998874
312249234
-32650800
208909560
-56378861
-160140900
49641975
506619349
43227934
-159555537
-7664265
-762975290
-87659154
-248779584
96640320
-4194057
979596576
135028660
85999155
-35475667
-381036118
-100660580
166853821
11266700
108170439
-16888344
752954500
526138184
273564964
575344250
-150086500
-1925784
428231023
-255562560
-240013907
544227177
-162182252
-261110150
-89328000
274834685
-140978565
-294797246
-50730012
-42153750
762436072
591007616
154411558
-106301580
231203570
11878572
601523478
93610720
471725530
520139081
504300560
671836964
166198392
7143530
-536190
379156172
215846400
99838206
470389556
-1016011890
-107323648
938274792
-669027448
819351760
-122376480
-608285152
-33626022
-129954776
-129492220
-7626744
92988252
-55286112
37156234
188155765
-7399377
-81661920
34838804
-250569940
51843890
71808000
645490222
776313449
108707898
25614872
20561094
76008510
-295470136
104760
278260575
-62788455
-389709900
10315722
-557905348
-54772200
22561379
159137136
558773542
165829930
660896777
-587925790
324248802
-333901966
-432056632
-429499488
229393248
266871645
-420888555
-318707400
-427593882
-736173816
-373183665
-417837190
608556834
-324040464
336155320
-576778540
-82459036
137233011
-210303996
298739155
-31069872
-960313095
282034368
-89227560
-136873392
697269311
695233735
-226359484
7659300
52361925
342472912
377021580
-641981250
124442623
406288993
175492792
-96697248
-384835443
492840225
-274639648
103429309
-24091587
-255492081
-109479444
-269435920
-56521418
9356930
-156682215
444330648
212362776
-115841313
-356204995
2127870
-8952660
-518871325
