1000
-870242782
132082140
312810467
-680679808
47139456
-140046650
20164404
189407148
-589951908
-455477837
-922978368
-346960120
-706214612
-8393436
-311832972
-103381794
31578030
-432923480
-419347002
-449724330
-52902348
-52152248
518353188
-26630435
-195143220
-18322108
113757674
143165124
-74082808
328650098
-1061910
32495320
-6009347
50046570
-271570676
-191241498
600930572
-150637620
-181559346
-280453652
-129748640
11020026
-226592800
-47196180
-809489730
-322409556
486775382
-559550481
-714858690
-10873404
27786447
141881024
-39134474
-705237247
-78995411
155683150
8237564
-74260664
-210174822
800743418
-275341554
129789550
956868990
361226432
491173360
25335882
-106732248
-559440440
177315654
-635585370
-162022436
601459716
282370422
-49962423
-810970700
-215409912
-531011597
172865700
390728592
149751294
-228749096
-382861483
38055368
-47293625
-445684024
-274548240
-746171514
-392193230
-883976553
46908953
-119866790
359937447
454653471
2567460
-530270796
106505894
-487946130
9691887
5316112
-297961836
401740080
145404626
663159690
-749109165
131305252
-294793968
424010015
129888582
180936450
-488138784
-185154344
277210500
-809204319
813031092
-903158200
169594992
434440152
461303480
-29746946
296994360
-81980938
-311090402
-226933164
442623800
160729266
-856605267
-946570116
86998925
-105807170
353823114
-21164255
-280560270
-277105875
23766220
63962790
324824608
837868315
205533008
215839544
809217108
-80780895
-377813471
-382500725
-218326929
-71606120
106163486
-250863705
-271571718
-149706438
-41371988
-301777464
15551880
89679012
-600544320
-23046749
-96464704
172423557
15377656
-177824823
168146484
-448154108
776216385
-254749709
-274850900
186294752
147429082
-476888489
-104657640
-357639873
-97985664
-162487500
439781520
-5679189
-266005728
462302688
-835318095
601945927
466461807
571967464
551472480
46029552
35602314
-190020975
54724176
-72656300
253098283
-22693671
-520945425
-29746780
-452824120
-551361825
38052652
-642913650
112708050
-106966125
-432488565
-95864896
129169995
-55284680
25554672
-724003077
-225664369
156237480
508676415
13691900
421508484
-31981809
31335768
-179710165
-106449294
52751115
-51613127
-540492146
-170256735
-551041120
205162027
-139109129
-250652738
55029052
-216223995
219845286
-1036281378
-118763962
74013060
-137425715
-224920192
516901482
-86556781
-483674
182274537
-187194544
-528782056
-164780730
-214365622
-23573866
209860770
24444420
-515327600
-425670144
22864413
39397776
81554496
86721045
-214998141
-124430068
-823285790
444152296
-494310756
62115840
420967104
110221200
-276141120
-153794472
-77777928
39672532
165550816
-10292670
-30886327
-16144998
8402178
-445264620
-531087546
1146004
-89925792
562974185
138360762
369011006
148292500
219871197
-146978284
37874406
-59892700
486790850
321797817
-584658543
98082928
-319975098
123951913
-118239757
-48384000
-470025815
-265570770
918764
487383074
133916778
686004400
126850176
-297775610
-14204044
-452017860
-315974288
116301744
-211836548
5678919
-629339040
105969738
126146762
946058978
127980040
113887528
-341732340
-91905825
173144640
419933184
-154236852
36958440
-302687895
-20307189
79138584
-674730720
415477084
-53628190
-56402320
-223403728
30068004
623746384
781329454
-22448859
-9307245
-108006880
-46430640
-374763752
-12771948
-227420424
367606204
-549221486
755355041
-263523744
839077470
38024700
-659973048
-140520840
171794730
-20728120
674655610
-353814210
117326748
-155834140
842252490
-489384000
-20642050
-623746068
-718618304
-225240720
98021551
-29051586
429052802
105793541
17173178
-200034240
718507944
29763930
-171451485
-723724320
11707261
-518115700
-295719704
-40323906
-12492480
593296460
-235456036
-39312000
174530790
-479853848
-563099172
142607610
117988416
154578114
26111207
-367481472
-79211154
9181074
19199320
-239647520
227470320
-129174323
26508420
-366487200
-427362040
80541216
116438916
-611935702
-534057480
154732732
-170457826
47275969
149400
134832255
362835792
230575518
-381958391
75181084
-8536712
29712909
-109212826
-330740496
-37373270
-92654662
78217492
-639923367
-124345104
-338004950
33951540
338831395
-72406125
43553070
176615508
-112348852
68106182
-317124187
-518494289
-807737076
-73619280
403845504
111654200
-319686457
-116355812
-5958429
-179754120
6783192
126218250
-60179966
32620824
-113653280
90130950
431308366
47408333
165617190
-166303220
-687599250
-76568333
578355728
-424781920
-759724075
-175848824
144221175
-572747802
-326107824
157305648
-195433556
-879572846
55295764
741088377
-1289860
615504648
-370024200
19105050
-106349436
-807150400
959763105
-1284840
-125377067
-181607022
762229195
177983043
260157522
-340484017
72316854
85908120
201535952
-522738599
-102990274
-122508164
-270970505
-261127482
-244030083
-183887200
-699923904
-181222050
-397177040
2771604
-10575306
818372100
230701878
-64361250
22537896
4911696
3913868
142542451
31738293
-382859176
-218631653
-111603588
814602342
480449928
144002688
100721632
-468475623
-617976051
-56095298
-24450081
-283193125
-474782517
146620269
346690090
465882241
-186570258
639321975
17104430
-2818193
-887140420
-242432840
1500896
-77454465
343437312
209753648
-9286389
602035940
-793042120
402003394
751829432
526781163
-558538649
-133786620
512238780
-289628910
621737380
67224000
-708574376
-59518512
-88552464
885687908
-81101590
-322298175
68335446
-228199356
-659584345
138885098
-202967424
-235128370
164688876
-244835500
58723968
-526600466
438715503
459897036
-204412978
-31535672
108901786
-897134863
-465447826
30813480
514815708
47184180
691913940
27324054
-29759700
-10176416
-368673382
-27861397
-7345872
316545640
-23316849
127874238
-102216048
954415000
-696161200
132256488
16987386
-226378425
-54626449
22034430
159613834
-61442668
-620682780
44993520
367463741
371006458
-336591900
5525888
46965344
-282922542
-140797288
-17582708
605132304
445895880
-153527312
-321312900
-257558004
132618409
131548395
544682390
85256436
-357398181
-127487682
-718731896
-42069666
-477612603
-161277375
11550520
123317720
-720538
545902619
-57545997
-350200404
-12395324
519497485
-13636692
-151626580
-53525296
-380747040
87543406
-184186500
401246868
210829450
55747120
332622277
396315780
122629728
-124941600
-159500530
-708798935
-276797196
-45737800
176556688
69598869
-37013309
143030750
-68173965
-221991040
459883295
-200486202
-195972070
555683772
-100241415
-279894970
-234434774
-457625616
-82451524
-419949582
684830734
-134180856
41911782
188221165
-199354678
-379826596
-38016139
86851622
-3739806
325679211
144316760
-248664495
155495040
21237516
-89683660
-283752726
-138659535
-50128816
561322551
-306573992
350379788
57960540
64842752
318315300
-51261476
87420684
161872706
76153275
221135454
-485500
-162611520
-72718236
-7164473
88171011
285057906
-20839923
-266482413
102584286
402932948
610795928
319722000
146202499
315005229
233585624
-14351931
14867575
-215742432
100220248
414407532
219631968
9047868
27144600
-412021115
-8195632
-12404038
-194080590
-251801406
-346817155
-96723627
-3175134
75625248
-124621288
-122290300
226992100
652014830
600763098
537510795
-47895042
323998448
-812188324
1013526442
326379174
-5225103
50249808
451126991
-259988230
-51164910
-170557926
-161839744
555007827
66298232
-19541145
-315776221
-264375500
236971746
120148080
-484600248
149641677
-489942726
-45802559
2825490
686330825
-144390830
-34764940
168685662
-92861372
46297456
-405282096
-149510130
-27395024
225230
187146777
-96782770
-27907552
88351998
102818700
-162213871
-458707119
221856143
237202979
51469884
134396988
-310304995
-131766658
84807808
15929892
-77885157
-320267584
1407132
-154926118
-60726016
69965421
423397938
-330261420
257061564
252462444
-155455980
157554822
-592635252
-644857551
-428672060
-354778431
-715693575
-225539862
223835920
263723355
118226855
-198983694
-245954100
176987710
23016417
-230092989
-99140235
-5516612
-510070176
-162976
-16900433
273986655
5477955
593597025
303201658
-50251650
299647855
20504638
-29376585
81028438
358128936
122616978
3521275
78050687
-678097600
200355490
-108929268
-38420648
-50337588
23748100
37748588
122888988
-189898368
519136089
-397084704
-295871316
902995774
-472520565
23485099
-117205400
-260667594
-472571772
-681971034
36666270
-52624377
-244155123
-509755608
209430508
-935322696
75912004
-149603376
-160676917
-57864660
430396582
-828052428
269263368
-84094608
-269290917
453101708
5911308
-331649030
-205319415
-23047392
194870720
-194120130
-70810412
46179231
-13410243
13140
150343154
84654126
638914178
-474326033
336010272
-764167250
-112411632
98159377
295449770
-240900608
271893648
200869430
236569450
-630271356
-719551807
-133065343
-238452415
-113858577
-203323264
-346946240
413163205
361225800
-376265778
581587172
126580755
101324210
-341918794
-301559526
-70117775
361488816
-236495805
85812675
321865635
41683993
-286787370
-1116545
12219339
-35361948
-42530770
-193737786
102999975
203439357
-404116526
-664420782
433727154
65870700
-87517002
-110444880
-266549898
-31582359
26432600
659323104
-648679424
204057567
63905270
259521360
801159940
-37525851
373010976
-414267180
83477790
611409546
352234528
-193712800
-21708456
760306992
275688860
64173375
-586061944
896000592
-706475676
-280708997
-323186262
166053100
229030920
4137542
32041056
413270836
281604180
-142635333
164957702
290372957
378228736
541967220
48430180
608999308
-521733608
-906399585
-162667845
-633757535
81160104
86474728
1000125200
-526203345
-333015888
-338241753
-93032850
-266446096
464012338
32129978
-188133612
-440141940
7306575
-58782618
423394000
-176840790
120199069
-169888782
413826080
-6518208
95823630
-55395725
-50213038
388007776
522837659
-617512632
-151012576
-681522936
-255336592
-3832480
89187491
-172604808
208964076
203596112
-482178920
-40029390
-233142987
-730590919
31544433
-70141466
-593726708
-85605759
476885880
-361006889
-658478535
447000738
601319645
456759637
805492857
-121477230
78074272
491187744
176624812
408129540
-116395209
-9307308
-417382436
261130248
-413309335
182513304
635378239
-63521640
234465971
-14567965
453918748
-72810192
30255695
26084898
-578797080
-30494533
99648035
-10668427
-767537015
3685905
-715947316
