1000
-107324460
-9440640
-242839833
61737148
22583574
-377382171
-116421120
-981129704
-54227448
42625824
-268036705
-314192112
-112416976
104869068
171317867
-206386155
-262351243
72424933
111514480
-136772559
-138269110
-611842028
-681204952
-82864925
-290655537
-113211204
678587378
57828506
-787483892
-668987032
-9880638
-92024229
225669150
334213032
-291822321
464027935
-53877563
-2553894
169825838
-226530880
147165445
98428528
973376872
-246262949
-30260982
-515677848
-55811613
-336975271
665132770
22497280
-62279910
-281063200
-109528740
455643421
89216400
110139232
-651593384
-151992800
120768786
-849873412
-406050295
8903180
114453755
-414879797
-17064944
-193177301
645227800
1113378
-482097864
251668260
227415864
107782026
-334847298
20585624
-445172226
-112063824
-271264768
114119428
117970496
-743550444
98547696
89718168
-88195832
-108839538
408876260
484674580
955496802
-55387956
58054104
-14049045
539978010
-94456102
92821800
234926230
-127422672
4989272
-377210457
-93303593
-120100316
123860430
-196885260
-97366010
-194705764
605040420
-721899978
775525980
101046922
219428106
31165506
75671010
-35921340
-220410495
207677600
371452767
112363684
-65595680
-216422250
-157248135
33745390
405086396
-185419350
90901712
788403863
273964653
59913377
-171807375
815314825
-428113757
200728970
-110710845
-177669779
389517700
-21431956
169813686
526525230
-346181602
74219676
15598942
-4579974
261044696
-108949120
71208000
207606408
40095825
-681410049
-584756728
590860203
-159622100
279429083
-2352759
35760393
-16336560
-183112545
182904150
274656600
639937788
-715916136
243407505
-299812836
72610752
-292188792
-4361985
570075897
-51310965
-407242650
-44849596
-177538602
-35153576
-44185844
-195294288
-70249960
-36298990
549835284
13208756
281135205
448811409
-145426596
260892819
650504141
205389738
336944342
-249405360
59269728
171833155
198348608
387660
177208589
-32585054
-262636965
30474550
-630309125
-15890309
-970432188
-134301765
110373738
-660612501
583823703
-691353075
375738071
886433625
-41986200
177961074
395061671
19265850
-336471120
-750300258
-664272738
-79992375
34503525
517902064
574166664
133683588
-39163750
-136192840
-113095220
-90903888
-41483400
872918560
177808180
-31965804
1041305378
-2844345
-787795888
-197803044
74614683
1030801902
-239526254
-276084900
-36381352
9385418
23347688
179276400
312088680
-47860050
-130643220
217308833
-209007228
843730524
-201498
-65792010
-391074420
402446786
36992050
886524639
255084032
-13900722
-440070165
20575500
-404862848
553826910
123851688
-563278950
836995446
-144006048
-135046946
-421773848
34569216
264545235
68667408
81248820
193923693
-4825246
254754890
-294739557
307388900
731942904
168609672
-5075640
-65808612
63324635
-586596150
-788435248
-127303330
-338105676
-449025984
-783201120
136156800
-595649717
1185954
-475287993
271949205
-698513722
131489543
97388118
-125594244
-107614380
-181245313
-534581619
751013995
1033100939
-760336626
381542200
262353055
-83839080
757831368
-65122811
226675722
802207340
-12830400
348436369
71401776
104917164
171743273
-15600780
-306661638
24875550
733099920
-15701250
-244195968
473286176
-209955366
-792663652
507135024
769962909
84714630
157924730
-159997176
-116234046
-83506144
634676216
-295184250
-711780897
453206720
-430991904
3830220
4254936
577143268
-51957828
-143220264
-165175470
-119461164
-231141156
-44890020
-338937480
441275514
84027510
497925750
699720312
-113667511
236580058
239554399
777573984
404481658
2811753
111373103
-98050953
-298146096
200766168
243468252
69534642
-389256274
483984416
-17648934
188867314
345467452
380084652
118540668
73794244
224328648
-671448141
314125128
33151891
173722624
97523543
210640815
146105238
-26816856
-76989008
200701560
-944576820
69665637
-10274688
-56879360
246015000
18180176
628766569
-34843850
1165056
520187148
672400608
433187893
138162490
80854485
195082371
-273569440
71367450
-68964952
222860968
-30905284
-972762700
336865212
210879012
31680656
295468899
101705560
-612472952
-54383982
14960411
-94596180
624039876
-167785184
568105507
709026398
354553849
-153917008
47474694
-375266869
237563754
374714370
206988815
127670766
7141486
-170557140
-354494358
-165936840
95763100
537675490
430368428
355524064
-50824128
126457008
-57252965
-333224901
-285190075
-44283118
175592846
423368008
558671274
-980350410
193455724
127969209
-472740360
302433310
731661696
-8427788
455124352
-653508553
-479104860
-508281283
-775574244
401948352
-136976036
-82928530
70541976
-735388992
-884803920
167582816
436733304
-146749122
-148168993
126310610
381442865
-587064933
-452745329
7551190
196857738
-422265072
-101747241
-322879005
-84985325
-117673270
530190151
-233530425
342405987
20304980
630292270
-824233760
-31789674
-6028256
364846545
-99563662
44716903
-364134870
748066392
-83032156
36938590
-100406628
547121520
-285047505
467154042
317646641
-37497747
51222900
-124788105
385590852
-230886300
-117891592
-454572360
-409512480
196759607
-286073008
53372919
-580232100
-599754325
-7936666
-672728490
-846643446
-313923754
-582999858
191281662
631416654
59742900
-476197250
177815115
-31709930
125139616
-344874766
-750240159
633906434
-811608025
-235288818
-241551680
-560561275
-20870640
55552497
13755064
89920975
110106920
360230416
-90556452
752042746
502187980
8738328
-807719805
590946626
192615846
75008960
-138763799
317426824
655484589
-987904125
-773426227
-91674448
125526636
-4271960
-313352237
-405613761
212398452
322599186
-57954806
-65488812
-53437120
546805632
-768975208
306700080
-671648418
383032000
-338071384
161554099
491888511
461103027
-16892098
201686634
-317161960
160497532
-470818608
-36884927
347473176
71535656
-380752217
173396640
69507985
-1589700
346987200
760969886
-7360570
329883503
-494081775
314556072
-41397098
-216237168
-30422445
91726635
3193650
385603722
248577603
-542706528
-614089006
618863370
679991306
-733231748
-219313710
-170729028
-242571417
103214632
58191168
-95567264
10104264
470169743
268383186
25919655
-6728810
-942883077
504953280
992453958
74885430
299588751
29478400
-175310280
-438897792
634581780
140876120
788815708
253488768
-593358260
-394091379
400589388
-411253712
163608902
84318960
613347112
-144767076
-5257626
122015788
-783357120
79401276
-601610425
53976150
216065970
-487444621
230263488
40494532
77339010
257767722
66194072
555552736
125596310
-636811383
25084609
-314991636
352109826
-596284776
10946736
229879584
-565143910
99783376
-527540889
77217373
272058588
167187132
227897552
-272236296
244462367
-164942208
-49327434
263207950
-688356704
438105738
-159756408
36600232
21471749
-200200176
794586177
-336098908
56483055
21262850
-889142436
-835141896
-621891654
128491440
251995952
-49103970
-28285705
368220656
-723349068
628946880
696806786
-821298256
-128225207
-3430431
-889919412
-359572861
348927312
298361735
423030204
600600480
15298496
-173571532
-236199700
-45608796
-297979791
-115027220
-215817264
-164835616
56616120
-484895805
-74987570
-19645602
-972274142
-216268296
507038280
-101096148
-100342060
-143562160
86141825
-396588520
-260053226
24410691
-580381844
-335605998
-890244805
27323205
-530754170
12230100
-28888914
-106919640
-185264758
-313472150
894035880
-18028472
126840060
-502671248
211711566
153122965
-25804452
17105936
234384864
-140633280
-534457966
-13688664
-236132224
25701480
706740776
-75806000
200951092
129699070
-698036455
-58096440
-214939370
-111723500
83358948
100759630
39486720
-5173056
651438266
-707419860
-130097004
-963315064
19824498
-629518986
91293174
-205383708
877208500
141276740
298317060
206261280
969337410
728286760
-215296356
-620323537
429693232
799283859
-152300680
-281348970
-26668303
674624424
-114302016
-128895354
-137993284
-585943782
25305446
-26569620
-711174751
-89126792
-400738876
-206626437
-23424336
279577864
90286797
49590290
-417311204
586693590
165945984
-40806552
-612925803
143379151
497322760
942964773
-6573312
69730913
524029471
291860334
-563158250
469721525
736249076
-574272
-205958193
244129568
18245643
-303711232
-477442980
-321815593
307198840
58629153
948881996
-257092604
681993720
17365722
152549840
-60686415
-31902840
-3142862
100688480
501375360
-295013959
401422950
266852105
268737549
-125288793
-161739840
-820402218
-118828824
250180650
-430703163
84950688
319655235
112075720
651414834
568696200
-286564614
119255168
-392052862
-86142312
216801970
-20952760
-471041046
-44648208
297840
584354680
354517371
-6903050
-43524572
-8707368
-829438515
365925904
-310753032
287956896
-31674560
-308087584
971642580
-53674392
-68867150
219113356
-367278604
561955818
-514769280
240685296
880628472
145707515
-4155488
-450366228
-24017046
115461588
-590054199
-924272713
686847329
18755958
-281029230
-697561920
-303362977
60359574
-61538160
-248738595
154992704
-341908638
-76765688
-142455137
-250439840
-133943412
-302400578
353599680
-145551340
351827970
-218204996
504173964
-632897760
264397318
-30289500
-541924674
-70237610
-276935568
510321574
550504435
-436931990
-72243966
441291324
-182681544
29796732
16097706
35827848
-267423660
136725975
237542445
154424953
-132985660
438048225
-99007015
48427390
-150182400
-204431016
525202986
-101280528
804675246
496894683
-332872833
795757023
-612654796
-277534560
71205376
-387061920
-414593998
75537855
452740014
689738575
-39490710
202273857
-51737553
424551474
132736565
375488098
263026754
-7570740
413376444
-301736748
-26717700
456464965
16545518
-429161760
-492992918
-15559453
-500354135
-205959908
128539376
151713264
-32207830
-705082042
-48081500
-727228044
164020213
-48150329
-195916721
163951392
-390166300
-647400156
-57710316
-151241721
-108016690
286059540
79740111
-458620818
-85499532
-956989788
113284080
293931870
156881081
77653998
973086732
41346396
-74010224
-295187822
-747656468
-185425014
-190989414
649436752
-51568000
-236544167
-126195306
85811238
-244992798
-494950425
-439790739
-65138910
294369200
191523288
-538736940
247453596
88048002
90569470
11805960
595740860
112703885
897372071
600020280
277968411
-386150900
-100647640
-309421022
56577015
-332482464
-93379828
-38868767
250246086
-69422759
205192308
-8521324
172552602
-131302280
10244972
-211493016
-143919360
