1000
-142876400
318761316
-2851524
53500080
660720135
410604366
-965100735
742653336
-256186413
-136716210
-96211908
101512761
-365384918
494296322
634652652
-493248528
-168652664
-3598101
293056980
44339400
58329810
255970335
501906078
22385344
303060604
386829927
440444030
-577485753
369976644
-14929216
-436409974
541333080
-41876361
-121183574
548426564
-4418113
561100560
-422799128
-554297274
3284232
-338751162
-191197916
10036800
-236851523
200202240
496887160
-483959928
-51710000
333279876
708558592
-849352410
-339843232
218426369
-779042286
-160944517
-232170785
857740920
476932028
38072670
-27566728
-10128550
98277476
-832096845
320144705
289716700
341829358
-734374996
337812288
-25599561
-98193528
458672436
263526584
67208400
-555924968
-263266280
189611939
175202222
240505254
411125915
-592862112
-100115280
353526449
669492864
3096360
154709568
198878535
-72554743
-20973055
221825450
-132639910
-9370080
-18914100
-522130401
-148721889
52420383
-365115495
-1001463405
-274589441
525822212
-43693300
-456179586
-144669067
-9859200
494214210
-65925293
336356498
208952500
-22762179
261361264
60429750
-2358610
-1015368727
-5909268
356956050
-62566715
-608766985
785877525
-431664324
-370942690
690889248
-21173944
107684192
54422830
-202940239
-181934320
-12726704
35412135
-61649022
465063228
19931975
-161039451
88170488
67530789
-182963214
530427036
458972752
1030630716
-144767997
286397748
74290510
62117380
-142995056
110380048
5199018
260394750
-157983584
15064368
129790689
-3719680
-2285807
-93518092
226152068
237771485
286575616
-149207936
122805839
62358468
446708940
-720660600
254646244
-895424
402844012
-690185210
-6626312
785052585
145741500
-158621820
431111632
688622998
-150856731
-207623601
-288826087
-406229600
173281761
8500872
-102381123
-281268400
-71139952
-310859925
-316403900
218286
-263786409
-54955200
-212567930
-102384763
139649515
206336325
696339968
-360389120
340326976
-18882730
-17990399
13899061
-416486400
179958696
604488640
292087620
-223006041
-194131736
-93742088
670435456
54129396
-526853327
-420744588
72423119
66395550
-77972976
177907873
-19491654
-37441800
-41166727
501568935
-89544884
-5742693
192761686
-84708884
355900992
-211780233
59602798
184635898
473437704
23288015
-704289930
245565392
-10242260
85339950
-319717104
-197297240
39164400
-60230648
175403394
511815408
673006866
-645457472
600689808
462527802
-133553700
283984932
-267643750
183170067
194099589
-736604463
45348993
-532908493
-56923316
419573075
-304042572
-148645908
-66328125
67883258
-63282
-119651188
-137174128
222299990
-55034408
311985069
63751644
57063576
79061778
5291994
-212032544
-130742230
456683448
-11065830
-621600444
-2354380
-79709574
-69986114
-279687600
-264626930
-68382738
-27590562
-89050080
8668275
32296617
16538445
-165674688
392835627
-592617540
-53005140
42261776
164359006
-227833585
-28623132
-507145068
-229361200
-423990105
437852150
345298800
343732315
-186230410
-114662342
78210378
94998669
550911465
-453215442
-735688274
-39395125
-13172054
-392700630
-91598385
18618696
269599380
-117131849
427776440
248505111
-110534706
-815958270
-92532374
28120608
677924793
-247583469
-102726544
-1429317
147564563
472535602
-80085462
84426100
-379892892
94091328
697814765
-38156115
-147122248
279591814
93813869
-411654600
10351926
365127312
348371478
149331732
212258319
291999792
-492855264
-47378286
757930252
82415788
503996076
188027835
50214717
-462653424
197426432
757622376
38130729
-177823620
271780
231159710
-71637467
125779695
512633540
322961408
563656725
312193050
-381624966
-346676616
260336172
15885870
-21438236
-99079101
1572825
667471890
-63538592
-399927906
62614370
442495312
51050432
-236289402
-27685044
594781835
442022759
-263343444
-134623206
42052365
26777529
-425955143
-57467895
-270409464
-20723099
-25649500
-192638898
-176900784
320133330
349490206
429282540
1010608500
-125409416
-144117039
106643793
-351627349
-60253632
-783045552
-547128237
-40102944
601356615
-243080274
-287929668
157233476
410049108
-464857824
441041250
-35601027
96115032
290142468
220074400
478741706
43390040
365433524
-150224640
-396374328
86278178
-506919234
607232538
423890240
-222629520
10936592
-272367936
163678515
428877108
-238029750
111719750
-711012900
514177812
-55580994
393377096
72055509
-209423940
213875516
97666432
251146222
271756011
162933816
-108870048
-102583818
-437129574
50933713
92737694
-235733198
-115086066
-25449200
-246863460
-3265470
535122874
96100
85014432
101299268
-43234560
-776823232
825253884
-11575368
-137588980
-961534824
-108021141
227289460
336998144
211186480
-636625756
-11194128
131548890
-295610723
294940818
-40160849
-804453430
-80894534
504629000
108677283
157496514
40875190
241493121
-204452248
-14231504
-705852640
-149378990
51555135
328382040
1585230
-336054758
-951799040
112529615
-727683496
207731600
-238941425
-441397299
485160963
-227096550
248052466
-134026000
-204064074
318942225
-583424875
7731892
560891736
-543113270
-417480780
-104504708
-73900541
-902194032
-244705242
-342499595
-136432675
446403558
660592520
-925058586
144943110
-96311601
200381550
-171874368
-17637060
143326575
308364882
362778300
-815667528
-263963232
-590581360
-63797492
-512221730
138298986
-326566528
-558079659
-70950383
-770818244
-162620800
496890843
20173755
-37230390
-433310655
-39960622
-518740558
-330450414
568777986
160731792
-765372880
430965606
399724616
-78730212
-717506871
-82145826
-114195834
-62215971
9665621
-373473920
-133192668
377915440
-257211075
-14468181
-179078656
-90031032
-34617994
881900094
-252747411
331672075
-212149182
-366667820
-381501524
-263009344
-84412076
108420424
-202601490
-246051494
-463674456
-413178835
71919826
-168856650
-402588520
-100626344
819859386
300092850
901838700
693518085
-544950153
741190780
-260036
2282120
336046256
-6422194
374568012
-49585991
53704080
-593077464
-208498274
-67022054
-389010775
162935476
207446184
87376718
-383557912
-373641450
324290509
-8642907
-300681680
771244457
724776708
-115582282
37992416
584302950
128277856
-43970199
18575730
-459214804
157374347
-146218654
35018712
-122115588
731371875
491815089
-61100550
6138433
-1093488
-166476192
10046833
-226962504
-18080254
231103124
-887848652
162080704
-4120794
524402952
-680119872
278997336
694263180
114969525
-287608160
-3232
156767876
-73708572
-11396730
-195191634
-376155882
664340585
112542049
-375081016
126006972
782166560
42957670
-55266488
-831634908
40026600
415475268
-18761220
625601970
-528068364
-560696598
-16960520
-192145680
58958856
-309419990
-210217270
16668080
232949998
-166473047
-221746872
-150720192
-354329374
313957248
262723806
244987470
-143514658
234925256
391115166
-145060656
197867055
82412204
650416910
-503380030
-114969552
-524023680
504092010
-737480184
449242235
102824900
610015872
235443848
95213028
221151168
-394273953
73242055
-294152000
-553249820
236031000
58931775
334014528
-344948392
-21062457
112979548
-158200692
65915712
40703454
168019968
613422864
-585629772
-113626863
-115834004
229750290
383711838
412024160
44422662
439276032
-47031358
-873990
-380914354
236101797
-536558260
84004522
-630416952
37312650
-97167020
-552212187
74728311
-42706495
-187747794
-466583880
109992652
-644233122
-30319212
433986261
-263017796
-49762404
466903008
45364649
858479668
34256772
-837832320
164097300
606183769
-119277620
507110292
606407285
661545045
286337885
137148437
-606321996
84038642
-812671951
122192928
55243920
148455492
-508350354
-153154638
-186116866
640995536
47342336
-156064200
100878629
-671334000
-646970080
54219784
-455866168
-135893520
-72948224
-134998982
521754573
556779072
-625579110
-141515228
-320823780
501211127
-551213975
20213388
-121869720
802450873
-559616100
-164619294
-122949828
-40598036
-229330935
205430664
-2105552
-496694678
84344940
-363772824
-23773500
-403586604
-10626992
-192960074
465407640
34528075
339072832
171789930
-20929356
420943689
-91154622
-626287749
-143667810
-456900102
112765672
-82117393
344082040
253344120
233472039
411846656
638731137
316023603
-178760275
247270725
-59314378
132547155
405681286
-71709975
33306396
-103211695
-36634134
-217314552
509605020
33006384
-449703384
-28513525
333193817
83804136
-1025468040
-326271996
30068070
-7766676
-136753741
-68259141
513538526
-27376596
476052226
291146400
-153242706
334296571
213614610
445237860
-678445272
-34065235
-2358760
-677908085
-6338649
-37662582
581809935
-25240034
-4933467
-316813041
-47578674
381876998
-337896230
173669340
18405720
228559662
-664948902
33491770
26492604
-270476665
-24372952
-245677607
-28477254
212350320
-154986190
833017360
-41045700
117822744
-353938662
-15008960
123375136
-157686485
-223996168
1990488
-338889600
347055280
399867096
-125913964
794905760
345820548
36700304
146376195
3692862
-69735120
-144158112
-284913348
7064748
215030382
-204090204
-318585575
620872280
708908072
-503637240
-777272760
-149783830
-605541750
-130247381
-95316910
-681240213
-441942330
-123133760
-111240724
-237386496
-141207525
-79799082
788724860
384194715
-166016034
-154089900
506353920
-205919160
13510710
419297472
-233165625
418422004
-398051811
65166740
173913250
-1008780
676724874
623477646
-130892400
-284435235
383704684
23878461
67864116
-55320138
-529580240
167919040
65749904
-470430208
207635520
108552112
-413229960
-455371875
-49171588
-63833640
124220220
-44714650
226684524
-111819168
-265809316
-98476320
12110840
21692289
168085168
294695232
-249347790
970640388
-139991592
89814864
-138600
811879706
-77120748
-54613845
-689746890
-31567674
14647050
-337222704
11928882
-404969878
677317195
-862169175
-469657573
293709924
11320881
319026080
426182276
-473100245
-106577541
-858418450
-101863146
145886334
-293214012
404775206
-444787200
150621678
136498940
578507270
-351135514
567822588
-406093926
-79457700
695092002
-83881260
-150978750
-107636592
-72675252
357404850
377756114
-29592090
-279311430
-187283720
513121920
-136962740
-525288176
-592542356
84951090
206114136
-12340188
741958140
15783686
2353451
-13024824
-83237463
-250084352
121530848
-366708225
-316467827
-304974246
293136722
720570180
-72635584
666307104
53506206
455811435
-164671299
-502130008
-10629378
-54236672
