1000
-349648635
-118536428
-3070815
45129402
-1010667512
34214612
196057125
279473558
-859824345
-601450071
160985530
14553392
-52791272
189574073
-496309786
112013950
151850061
152887855
11747296
586472256
-432962504
-314386314
-679392590
43344851
11338250
550663168
545179932
-105080418
-721172158
170329816
251402712
-31699493
252897855
-901907544
-114156696
-9611700
58014924
655957852
559987336
-231221250
292689600
-36649728
-513985752
-147549459
545267590
834794496
-319411150
-167437512
15495768
-283313443
120743979
-243491304
-146835164
539285880
262544590
-142611090
-414621354
582522
-23013744
-13336427
-56473068
73485252
532480156
18394622
8254935
-47404570
13760152
646376176
-68106544
-280822776
469020369
-126736618
2683812
-753105600
-325453850
-39433240
660424968
-608387948
-587330712
-70403040
178075548
-124686007
310116952
-247832445
-118087255
152908880
-118290865
557029175
365204064
717298
50194168
479940975
-72232992
28221345
96945956
-4911952
67999614
273958903
460775072
-711633970
122901136
471924225
256091374
225734040
-110218300
875640108
45523468
-730895326
-184216845
-94734860
-692510178
118565667
146982708
-210949515
90226920
180592167
23271864
290422080
221916513
-72906525
-114296568
-136043094
-121428688
360350224
-84472830
-327691672
-40997376
1701546
-75498992
8496128
-128463256
-200879022
64213656
-387885771
-45306401
47628000
510448960
-14672568
97309089
304645143
-376989228
-431951616
213352269
92277932
891325380
48669452
732319749
-48037860
-515799270
-165164637
-69706164
599430725
770793192
-76231546
30015664
-83562570
21183342
-58533756
53514005
-97191528
-126218000
221086936
-72296235
855806120
102743784
-149245416
-348989005
-489581170
-225394862
-109727728
-32364243
153383550
1026636552
-155322750
-63090416
-31697895
54539212
-275117245
-41417492
-202945079
460612203
151231665
-296076708
-15541967
-62530944
-467087074
-314023311
25599000
-218682849
647541888
-212885241
-121397075
607971860
18596944
-854567805
487189927
181559694
295738248
684480
-84227220
416402244
-167773983
676080933
56984562
-9817104
106459101
305821675
19305301
-119113104
-24542545
-81605865
19686375
48315860
159463638
-100110192
-28517412
-535349164
5505890
-268948671
-130336442
611127676
-28359395
143516913
-28169440
-16820337
-807453018
-14623675
-122687098
-483606140
144225639
-76193856
361741795
-34642290
3991464
371931709
-287895315
-773912245
-79831850
-12762562
-371051703
-243974440
-645980410
283788700
543220548
-438647534
95557088
-294120120
162202800
-27263275
-201818950
-501242520
-562696064
159875430
29206516
-104915207
-785012817
-385069284
-699592215
-403414503
-86437000
79273290
391230008
690154729
-186078770
-77224254
20734215
118293110
-15469569
425787
1002190992
-125847616
-189925884
-8744624
55395395
-57576844
-73667988
-156579495
-82436260
-243405729
-18775064
258525150
-266372737
-285831098
12586512
75887735
161562325
-21646444
2235169
-14918214
-405979392
37419670
-57675255
-599610246
-47967717
-79834865
73488870
-3491829
237638130
-33458433
-118401601
271778016
-9962080
788981760
-483090608
97910960
350779284
-171639594
-6590724
27133139
-347166316
44105060
84349786
533901550
104620500
-13065248
-52118118
51954180
226983680
321720048
69486244
-57683208
84082068
-84589819
320714212
-426194230
351056160
-393758488
-26816573
905976918
-100438904
316812168
-124458576
-506721152
-4466526
195352440
-348633615
-17183000
73457640
-13333268
-152404700
-354216440
-158923067
203679525
79738911
-772177972
-357423400
292141878
467628903
61223074
-295141704
264969096
-840712833
-823998708
655124613
51881322
403775154
-178331372
248233348
469912470
47307651
42720496
265325988
179254098
-19417195
98918124
36976638
255283560
-121544973
57615777
-411139872
6340761
-44574764
796394848
-39812229
-574073220
-568600215
626450220
201440288
388281696
-78984675
-303064242
254125849
52676169
-465800
-76856780
34911336
-698802480
154861096
-538207032
-18642657
32012988
-55671960
-165899536
117930267
43262316
-122457152
-86813400
-597360814
347525672
-1533168
-132728332
48671938
-3247043
-285132330
-113842800
-416909130
498214288
-105782940
235286232
81727014
-363598592
-511015296
181174779
126273357
43962537
111916650
-644097426
130735670
-576835133
10123103
-192911908
-4985938
67394702
180965336
47391648
-237519117
-902183728
98063864
826526757
-23453064
1498314
-181817766
788130902
325465452
-830033344
-132726590
-154900002
16569178
-197241726
21613540
-90245307
-656978399
423834444
966647781
7960517
79557180
-139816662
160943293
-239698670
-54888600
462969408
442037196
422340849
-284152042
-39789312
-285961868
28325134
-67272192
-379381770
264864
353346296
-623282384
-286683325
-108197760
-339076059
543230868
-395133805
-521012056
-145737360
-665121969
45305676
-93593808
29181120
776923262
225001534
-16535298
116775516
153145210
-197540484
-736702323
-197590344
-147687795
283022460
519005104
-92183748
-45713192
-373595178
-502321966
-471172944
-223601796
528725825
97141856
263384800
200409460
15032010
-976587486
432049275
-384186033
103188608
-61867832
-83924250
720791931
122460429
669294
98142840
245449310
885758541
937297274
70204088
-25377523
29121984
24312078
-308829294
-288387947
-223479495
78890838
-879378122
349944646
65760100
533548700
4421052
-313410447
-46941981
-304037682
71156322
-199714700
3236436
92609468
-122115840
4274640
120629641
-122285700
275980662
76343663
-450757296
473146479
684517600
-2009637
290980800
443952675
85842405
-4458594
-767197960
-619291452
-89609289
163141920
361087426
236778399
177176452
-855646825
163660640
-631881472
602405030
158731776
653467140
-31172832
497401079
-121014864
16361595
326603745
78028944
13668160
-146011488
-60804095
906511580
-309090572
-446897175
510312572
640167112
277405050
730539348
-50317077
-103005918
-841397440
150538374
515507580
228402912
-362522820
5845560
94867536
-264699462
-173633940
-361991760
148127304
-126557820
-68040750
-419315376
164596650
-273163209
-87886066
-371534660
-397883290
-158181433
-907153755
-6231260
-401027429
75469524
147236250
-126451569
566698047
746758560
-116347112
170304378
-92818135
77820238
-373794934
374746212
-99988682
-48875400
-76644100
432570660
-599598400
-691648944
-26767441
-28493820
629259522
196483382
-73967586
-397518450
186005072
-88943547
-78147110
321235250
-57402216
-181279280
95757750
-96800132
723963394
-46434752
-510825276
601336428
302756096
-10528100
-26384918
538071912
144146714
134689708
-470794500
-361156250
54990192
-201408480
166647082
-186490492
-43837200
73154400
-59972524
326807068
-730158055
161273792
-369379546
6344566
-244628384
394706152
832264532
100156144
343108089
-106269453
30254796
-42557130
625055900
-475524924
-534943860
755370751
127175037
406005278
61912374
104666880
60344433
-679345604
-203000550
-268177640
-353957688
379693391
-77310180
196948504
112645830
-201599761
34084985
-97439747
-37285794
-173089835
186420598
-19057428
-119629062
9401826
602181814
576523701
185242670
11111852
816542480
-35175080
-342344376
-795853212
-363679092
-113505048
476330360
230373945
-193666733
895709784
120553402
-389261912
40044600
-215680515
840516390
99334512
27807696
395078541
336621037
175577691
245797136
-37010765
-93193448
9584645
512454680
131502000
253991313
431274051
-187220176
582277224
-172764606
2526590
-212334129
113981600
-434329115
164666199
-681361623
329893356
-366934400
-140251904
-100819225
130506912
327708606
197026775
625546385
-396416266
16533174
206184895
463631292
862421728
-51550843
244138272
-114428750
-325119072
-452716284
-190506862
7882904
-65274000
-274511041
-213035508
-589744800
551883804
431039301
-18708440
-232402350
-30425120
24966564
-109139137
21304178
-194743519
77114990
7688093
-57928797
585574847
-759655638
76745504
60500290
-258598530
147184900
-550880
-478563564
-688288095
-359244212
438081840
26881568
-218972248
339876746
-136447311
10041135
-109845811
128371320
-174478322
174751536
186531742
-585289840
239768018
-396061356
624413790
39507072
573143832
586613181
40446329
-3757824
-6953982
424395440
-196614276
-7849584
-104140504
-145359223
455498239
320887512
21298732
34264503
-390856608
530134920
210673584
38448566
-654742008
-10590562
-84089063
-121618275
6283696
-140169619
143227066
-44065952
-217709856
-88984530
195168712
-184276644
-53574262
-157278682
-632096500
2259120
-2128030
-750950344
-113431850
-196415406
293398882
-517588522
768523316
-469117131
-61463759
-442323865
-162083820
324898385
319397031
-31363360
740727372
40555830
322886603
196512362
-121511775
-320665410
184793697
839111650
968558
-235086762
12540564
-131865132
-1000231988
284903134
-57014872
10514336
-543729494
503555338
-271257582
13923063
-478002430
-784559419
1855652
-12082070
54739724
364514368
84936534
-162575454
-328969524
-16612536
-112980
-33629337
-6032348
-480662908
-110245590
-405863028
75845490
-124000533
463491326
-28921584
273382172
-352416827
-487047040
-71964662
66145065
600812820
490451960
-63553182
-699462200
-582422764
-322199570
17611968
-72199881
188302158
-62980288
-763571848
414161208
-183032826
-45491468
301572736
-147457296
78680160
-87384780
16712196
-157400943
-468253263
-200723355
28202922
41239831
435501990
-40944501
138159850
556029257
-460402240
427766108
-94966560
40678008
160648394
724773945
-168412417
-787870149
576860976
35310616
-125262720
547809470
-567116262
-765978936
402293614
229699530
-71728070
544090275
243797115
-375717361
-62282088
-624197968
-34923196
602395892
318416462
-125925184
-615375838
221730810
461234124
-38805836
-97639534
196053642
161532232
-9214080
-829265360
-220730510
-286121935
-169445760
74610849
65322170
136676298
-401061646
-94699605
357774690
-84906460
-204757476
35475920
349918944
57212792
-3027559
-795224007
1105263
-70630924
-68699052
187392039
5494720
206978374
159444054
11691444
-16778184
70548126
229203744
282233029
-8381546
-513564287
-110428160
-566029710
243359872
834834768
739044780
-330754344
-222870428
266099180
-9802630
-721181700
419920596
-369204800
132402949
236739870
-186130777
253601231
-427093789
542288442
74959780
9991873
-491215137
-77711378
273370112
312495425
-58956414
-276175713
