1000
-196513000
-71554714
76380489
18370975
-119106637
1632816
752819957
-272299050
9700640
2740888
100511840
-523853277
439862720
-188776980
-619120880
-503882280
356508784
-430214400
-9072615
772654726
71914462
151038348
-45860773
-704794090
147665140
-131469072
234966102
-427073336
363380496
-560078980
-578551200
-22307040
-948116166
-38176576
884184969
246169000
-170872911
129332311
-183004318
49345240
-234089807
212543907
-122678907
115285653
320013856
-302472768
-19044876
269765496
-819097290
480324168
198004054
56492320
31039263
-122251818
98045552
-68189376
-275033765
70744718
-434338478
-204580200
-148933631
487833168
-352582230
-577852351
502847709
233937025
342721960
-72153602
-556298250
123733071
-83822682
220763466
624754130
288806714
-9373335
328280920
65765934
-205413633
335887476
8365950
-590764460
-200137626
459636758
787830835
626865363
36139092
651145544
16887312
-778429710
34878516
112411563
263153592
-248189244
4570950
764243478
394039674
448108710
-362785093
75838389
432815289
-49246704
585004310
-232111778
-726974919
166490316
-70374913
196829276
-264120724
-309694990
137328616
-62773230
49016832
489273028
-98511530
-262003905
-282033400
930017190
332366192
78470802
-66036960
-66708481
246541680
-218111750
628981000
45820348
128196416
957528195
-945645932
726469002
-311142993
2953652
-638532114
-12188149
218344412
-14986361
-101092552
172027704
41435080
91109970
-106411064
-150200100
-254171040
150286978
357461388
107400771
-879564168
-102164700
-29073340
-18141200
-46147112
-117502728
72321600
5163330
-164962668
707580198
-630768783
79490201
12622842
102459408
191138458
-126600144
36061692
672475244
65545864
87610936
195482898
119316030
-529210932
-543343635
581055807
-254431333
31837428
306558720
342597578
-920164068
-345523776
74903016
980261497
-38007088
-919274202
89476394
361900594
-5279340
369907617
-63370832
91840166
16794371
410722175
-148020224
-59428908
-64207099
20208837
56322318
-23944120
-21367548
-425023098
-107718556
-209648311
136107496
-129474709
-177823966
-328463765
4430475
-295787947
325603285
518811150
511237104
-185979729
-89505500
-225823940
-371014336
-141359862
-130766363
-640519260
345406140
-233802426
63703082
196025718
583542625
34720288
-341073776
254810514
-34262910
103100730
1873212
-26683799
97174032
9813436
-130028637
-432170045
-876573477
30975717
136404160
108239016
147317340
119893636
45545544
102718056
588451760
544465852
590297565
-214883156
-374760087
-40429567
-139476376
-403727941
-276652736
-458337937
-9753777
28660542
242932788
-18600033
191697630
-90761452
151162000
120713602
-397705938
-641477620
-114323734
-70159936
32063018
-127954911
245412105
-719680315
-60149364
177557638
-179633524
366174802
364831236
-39178917
80540376
644901830
370468908
552735
13916625
-39360128
-322294476
-391940169
633762194
1220348
278493525
-663179079
564914970
689275251
-658983240
-9007726
-257745384
4154916
-455031198
321349041
115707746
105955318
245714807
-277420598
-84145888
-199744080
-91753386
299564811
-43874796
-790811465
215862780
-426001704
2944128
-154790240
-39388356
-21211125
-736207915
-50418362
-7501900
-430676400
-572743465
141110970
-8781426
-629158096
-354372546
-197451927
-71128080
373064880
251511666
595003310
-332713520
-171116627
320882631
-403023684
-496981784
248840455
-266537050
-394091178
176216744
-69666800
-561689667
1462164
-176179200
168995229
457850535
-751048170
-561644343
-256293656
98985859
472174360
-76946514
229730520
12570048
-121001344
5093296
-288678810
-697742136
500086564
-122310748
-280362096
-14168440
293021073
285432840
-339189600
-313303158
14223408
-41370867
-650419584
526342520
-680806800
-141204483
617844612
-296871268
-715496744
92790233
39799776
48437369
310491992
-33266961
-115859700
-73998484
177500432
68625750
12727467
49727940
-606875247
-600543629
606956922
40627062
-21938040
-85679904
289486404
390900246
-564611614
87632131
48124248
-30875488
436238037
128280816
-57271005
188202189
47749392
-326428200
797053476
-614986746
175129878
-157242421
-459798675
-635548970
-362556555
486260232
103409691
-218819139
42795996
-403337568
138035835
932217984
-292395812
167065192
-435408816
269941020
558354823
-93284227
260225613
42987234
-926189802
71233890
-586238510
-160123725
-406674925
592839676
-271887980
8440935
-187429026
317481450
-334670027
489506886
-81008928
-20898251
265944558
-146152085
317407662
280672224
-125652989
280060200
-612290274
-83890408
84715350
33212320
-110470224
-43115706
-187474023
105278720
-538634270
33591657
447102775
535796430
28513650
-22589600
-401110460
-311918757
333641800
-57867711
1846467
326753010
59063272
-535782250
592123875
473554860
-304373909
-210048696
-192690846
10470240
149373056
159404840
-956733068
213011334
-443325375
12874555
-53041827
70006902
26993516
-306915888
-1708348
-740382740
-590920056
-36296955
-218567244
159750993
-198534412
-82153392
-320317440
-945053280
653914899
-43332990
-339444807
814963599
144429120
1742200
-739850835
410323875
162781890
-543596675
-191012388
-643961280
509447090
-194982489
1944384
-525243176
620740863
171950550
39074368
51245490
-48386184
-702092940
284101804
-78170307
35488388
389195484
124360278
569477700
24657548
-139228506
342939020
746849642
-886436716
-20729047
949536552
738067578
-19436193
636479046
-402920539
345447888
-181755876
-3069528
-304793500
-232895520
520817904
-150944120
-353101318
513178770
23136434
-191444088
6882290
-111135564
749934579
266928338
-36355479
760271514
-813218
258998148
-355062624
180467161
-576081008
888512338
-221100357
11663568
-59315720
4766968
217664040
-41867314
-517950984
81939616
227747515
42176877
-201795818
208241195
20124405
169172640
186224974
-134203100
48076308
164489655
-298016514
-351930920
160209468
442771876
-901501280
313157799
-199256064
84530520
-376757700
319173411
-630772494
-75958029
79319736
29208164
-208266940
193053606
-276052856
-422502540
8263095
7678320
-607478760
185823410
409054164
-31599628
475848900
-477766030
-80807934
83990925
-244678148
448003697
-158180244
-205430336
215648176
152300742
181772552
-238343112
-83914628
-9375723
394292934
242605719
12652548
-178406088
765444498
1349824
27185158
295967007
125250629
100273948
346359258
181330128
-93791472
-105371838
-345778747
-382083062
-112815297
-50115780
29305250
-63612240
-818178942
120046277
52120664
68716317
-61737825
-305407368
684385254
204507072
-112983864
280304874
140104860
18928266
-137208064
400159236
44147820
-623503920
-598144518
-691932982
-314010165
-34314489
-73463726
253638515
13971888
-4170390
109849792
668226792
18841878
412443486
2008434
404021591
-64696160
-349365222
-243291168
31929978
-275193225
-429346101
-357896484
247119730
-140264010
-278532126
-285054762
-115077092
-61838777
317334611
-281095248
53447238
-734326380
36233120
37770715
340316769
-64020500
-231394677
117609000
-350083215
648147612
-36120000
185974964
499489852
525448378
-303030222
-85548919
-144050683
-138140808
-167728275
470150916
95875260
-668239794
24161175
-234220118
-271680930
355085400
-492294092
-340820158
-680282215
415541924
32915520
-22587024
-147909432
-30283092
-132223540
-22414914
-352539690
-456974250
250284346
673159293
-80199804
54968796
-135307326
386574255
-396060690
5493744
1430650
249760768
277903236
-108188784
-9404388
-580783450
58162026
98890944
122329020
-448423066
50815300
-195751820
671653894
-149564855
37327950
451003500
134237304
198453970
-313483041
-167693280
-84461270
90982089
287502432
-502083643
-340487961
-590878827
85611040
508662063
700326374
-420374500
-455813050
29345685
-534296565
-79595112
-48788750
400892198
8122961
197614690
-924470336
145633476
129316096
493301395
-69312186
10487799
575656050
19847447
326343696
-17092080
36153832
-244191970
-211611669
25936064
-285006945
248344725
8630160
-11605110
-414757800
316573430
-136263215
6104272
395826048
201344150
-862835012
350239840
215174814
-33799072
-237793953
557465138
-437617096
28286480
-367289280
-19521330
-522944569
482374078
-258414608
-32800599
-219792393
-347176312
327820296
-509484265
69654498
-115819404
335989734
90998337
-530116839
-253669850
381166240
-7596895
-41592948
333641025
472772181
217785194
-5571852
-651232490
-109197756
70525576
-413808732
212046476
-456521532
545139900
84711102
439258534
4212187
-206141850
-193513290
474764360
-399218963
115769728
595887576
368350335
460062315
163882755
186613168
448636573
-95493578
280391948
425949552
-747431720
1158248
-114509228
-46252976
-226551906
-173413800
-123204015
-422949056
-519308895
-99392404
169432524
622143600
427079888
-694975356
2584827
1674715
-560040188
812509286
434956640
529498272
58973420
-44940070
18575293
4034030
-533680560
-124488300
173171832
167122625
-8242528
626833872
1052456
187264060
-744881704
36410460
663841167
-57941184
582750407
-92217792
-33736731
63685188
-415936001
464388575
-599902264
-803614158
-58895056
-347299101
46867898
144549528
154077777
-121634721
533136
-578318337
123899520
-374875788
-489760270
592998783
-309673677
43312210
587892532
502013400
-135939784
-21356430
216042993
271038108
-387829795
-409693595
-435835960
-579074552
-878760546
-204377251
-401104800
979293920
259516352
-243001564
510790921
379645394
789960600
-177990708
684959814
763840
-53232960
48177136
259398360
-71634759
-193949756
332506928
723174372
521808384
441425586
66056925
565237932
272100579
-46806261
45882276
539788176
-49840032
235230460
-263094720
92038170
-362919826
-547698686
-83536154
-43487850
-206766976
-267253202
117235750
-795520140
-72971250
-50940435
-225737993
337438236
-26936868
-286977375
185314797
73144596
131728116
232465656
530115252
295764755
98016595
-324962456
-92790338
-322044940
501832806
24934241
-2517765
-201860397
-107286350
-326462012
338230864
63078862
-70651315
161441784
-130734782
54863620
-142863188
171265259
-33345840
-179159602
211997054
-273300104
-26327860
141137914
165720210
22499360
240909312
-679132755
-22737415
-765317777
-992249608
-31235645
-585594432
-29142540
-541814724
93093000
-2762747
-64963781
533991040
-828843088
-205408952
-115427018
-9281856
-638461056
-143382330
-267570485
-38489930
142789680
128574968
193103846
790986040
143815959
