1000
508109932
164298744
-852078291
124737738
733891620
-217537881
100938960
11578168
-83440192
-18603508
610836
13471191
219512775
636292416
476394586
499729032
-398048132
404340726
720051983
88636856
-331845098
241936640
113857500
695487884
57052512
-560093205
197737373
490763097
-48393024
204624004
-524020240
-3949763
564584586
-82528985
776438784
-258123546
-122626656
752434110
-45443840
29803248
102580798
-213540236
-961967393
-17199792
231621500
35852160
395920000
-401651432
-125835073
781319520
-421915560
182824382
217043806
418133716
12203271
-469579022
422828180
-8782089
398681088
-6634420
-106795157
113138784
-839243345
-39167994
337400854
22841850
279337180
-463754994
-75043802
-48629280
126655372
485432064
234085495
-693184458
-116492166
-600324288
-276358226
-214990680
-339385056
640012732
551006712
-70656250
84849600
-484011595
155836881
388450080
144682118
558932292
-611283960
137565042
162496110
31933234
153817400
56200224
901991948
-572111594
-39264375
392300139
-185804101
253467678
551550762
115239552
-465561802
-60895966
384751626
406108065
-519449800
-513162012
159496344
316078520
-21828150
143922513
-415103624
83357232
943568535
64625675
-28135332
-652083534
-106565775
189760725
218955104
-2789510
-710169120
-114063920
-802147690
-257433635
117128214
-652242565
-739510700
-177061605
163478527
-411655615
317486589
10038640
315576130
-8305185
-528782410
-257527402
-356259904
-7394760
-407151359
-531552
339168122
-293096188
87762532
21720648
613838185
279597708
-347713060
247875860
-527455600
22973412
54664882
-128913235
350263446
29645952
-230918517
-114648325
-32029413
270547485
352254996
213360224
67435266
325555650
97986622
48728888
680939140
301830698
615648341
-428856610
-546298211
-250591131
-200829168
-32375925
-213253792
-4660329
-534907321
277316300
36186000
-30921945
234288696
-393933570
198376500
104976868
-147707556
-42702022
-250915836
-36028668
371553380
-584012475
665300921
-704018671
-716129226
69797976
-40852554
1299956
62600890
-366867389
341979480
29429400
573716832
230847675
54969681
-30037240
-3509154
-213180009
374774972
227036622
142967285
-18982131
763825132
172663751
-31261824
-206036724
-505330826
22806960
-229558224
64710689
48558504
273206832
197155171
-144985388
-341855910
-74186640
-28252392
82445391
-842196450
-185656433
367369818
-175929840
594621750
-223059138
-406382386
-728693861
-11791
-86286600
-67539466
-391577572
-298080345
204743552
-878594752
-6673442
-349947044
-177700275
-130334544
506680720
110236620
153401796
-215414640
-105784343
901078035
-4528256
-3091110
478506275
-433706836
-42389412
40122418
-85873674
-26743575
132475230
-67149964
1525029
537482659
-167372900
-328127219
-241810960
297444455
441310734
-90098328
409738770
387020970
-71279268
46384280
-841458640
-278232344
607728050
-28428510
-390494104
-115392074
27504105
135067640
-611653980
-139312032
832243794
-78911175
-190654380
558729304
-588748440
-428754519
16684656
-629360814
-793405746
157279185
520961196
66242385
29667792
-739769177
-305199952
-45527040
175917280
858265380
219332559
144778928
-236074923
-451536357
7286892
70640820
-207221352
-380960250
858756190
61534772
-112253648
161539015
578993560
-3289596
25353445
7799736
-33307365
89869885
216770266
-350629482
76965922
-595512912
21699900
-497206133
-382980631
-463366024
-627754319
51814010
152528463
-81899015
273728702
-296427966
1719903
85426250
-336688794
27529062
-222575622
616022374
414273603
-400153175
49811125
231687960
-642032880
213248052
-183837220
-102781125
-419390509
252586698
-14335958
117681395
-442666744
151285632
-223513183
66689024
-150982626
-467879823
167868480
-32223477
14299240
28363790
-6823845
823882752
-354773328
-687803072
86122764
476258332
-658277126
-86057736
-701469283
65511524
-75511800
463834681
77544115
50944176
71135652
-550465568
-298912614
-396630605
145536
-328364715
799091335
167921772
47944518
-199110672
59741495
35694478
-57874797
-518840158
-369930456
478756102
29812536
2406674
-153094698
861643860
-168484875
20929839
-21470695
283177076
166071170
-347206596
-335826162
-42704640
-5975194
-1039186239
-206111982
420189201
-335877152
-485147460
-651522960
-65707152
341767335
-211645272
-101100131
2029275
399270060
397656138
-55874247
161085015
590161580
-499059207
-77923218
-470293916
279295696
-30438993
78493488
-420369768
111220443
660048524
11923902
500472312
-196104954
-450105138
231405910
-53685527
568079616
355212118
44812360
298188522
81184416
-326388720
426752960
31605000
-548886206
-108788515
158742320
130977400
-507196305
424420328
-435642287
4091220
-219308672
-164923776
-127401824
-169309532
21594686
-148145106
-311702076
456906132
374289080
-918556498
97959132
-261860202
419794407
82969920
-376472755
641213316
-702924480
82493226
-165602512
150884017
-87339648
189924044
-460696797
599350050
-322144768
21086362
179342352
-143348536
-358578192
222004216
195486991
504906405
-11161588
161385695
351554725
375925048
17698804
-238233150
81041558
84289347
-31218596
-20293520
28166656
531022574
-283953686
14015475
-157369680
282024050
-10842480
57768823
-71670256
-372025117
118162330
258563696
-327584
403921188
-52552346
-109017376
216180691
396577566
-222101880
304664316
359659190
-174916290
386537850
-90464684
-108973620
87085125
-322920330
97247633
-205526160
-195709228
98016448
29806084
440525280
-325943744
-37091166
-368739999
256376456
335313859
339538800
-279390402
82759032
60666312
222524912
132141003
474244797
42781830
571658092
517099854
-556061922
-42722680
-6121375
-197464792
-162350865
-167894550
666349696
-406150740
-7238616
133881869
365230248
1483213
-1616953
-33062666
95973948
624179412
-447789394
211190180
3323290
193924692
-117932100
136502946
266022374
-414393874
-15063972
-79447472
-202658501
-334921065
-214065144
538424391
713662040
-521812824
201635740
282212570
205278532
94935252
95890032
106344131
-55437480
-1637760
-306311160
393201480
-57303537
-262055349
-402547376
16568608
-198712320
-81832040
-11316096
-53913610
-366890625
354246151
-183278384
241687824
-784830720
687022604
74097375
564869505
-19306560
-122822997
409034422
-897072763
72520800
-723045420
25304832
135157950
832992264
-28338012
-199119555
-13173087
-138323762
-27955031
337537904
95106112
-392710872
29878851
-651328028
-21854404
258343234
-12545120
-400158124
-227711539
273663090
116046452
-398545714
-98619696
-357102702
-101498880
-281103372
-949344540
-438559176
379370640
33813381
-431947710
51435200
-226633752
133253403
-66565032
32032260
280399560
4235460
175851952
-247886872
-33302082
-172167612
151402472
475161516
855348614
-499596516
116071984
-659675674
205255512
-308030931
143993844
178537056
27636376
61004020
-41290689
-75017736
-104509884
51901905
285387634
-595512207
-724399185
-224247583
50288842
422595675
143803900
-273559680
-438441136
45448069
-328412221
-455400
-449257120
83623436
208033905
232554036
-409565172
1174242
174805118
184313767
-205843320
840858723
62552280
51350835
40925018
-56847630
79146728
-235518000
-281335869
209645550
-39918049
254981125
78858234
-52575632
-208699056
294417172
-799543195
262158600
411351980
331542316
-663745810
1238690
34397788
-50634396
-160045353
66026520
-23888690
406677082
-208920058
-587305800
-6786225
43474932
-98499510
-207149491
-521538273
-301941080
269816400
-297462033
35241336
-686558682
75329976
112616569
-56555811
-119441980
198423498
-85636155
-498559824
804884305
358985045
111308144
-415473376
-194567516
-107337760
82950056
-501687424
319648590
-206351360
144303574
367300
312289560
345515775
-294688212
-700422728
12169616
-238236439
378312420
141283170
30137195
393315999
483965495
25424704
17053925
-100824544
118179360
50529960
-2902794
429864702
-13607330
-133515170
-378694988
-137058018
-444983755
-455823914
-125897163
-51242694
109092608
400576842
57104814
-109970514
152292367
186321967
-122888450
309994704
746057286
510784554
64704806
-302750360
154810845
27864564
-182901000
-425040450
101868888
407173865
-57107112
409734936
564762536
921834688
-936123430
260628766
361224027
-103161410
326640083
-720583692
-869401551
568523494
-300761937
703651755
-758257290
-357024240
-113482196
-152934325
241193916
398722080
5492289
-634183209
89397000
-15822057
14402340
-55812282
-607817500
126550059
-136809261
70450040
329458694
61915266
-117605208
-69489256
197535489
553400150
-9265895
-188554575
-247851120
-67526082
-108685424
-330902375
-665586006
120615276
319688402
-465418758
216144305
21174860
245218050
-425216390
422748792
263735472
-77228358
164454180
789102384
-317938179
-215101530
122692272
734470394
643203120
307156500
281154709
65896974
176502951
-8267013
562109886
88521830
-308936520
139190754
-215777946
287548092
-194067900
-1037740
-308643868
-22562404
-98375940
-506691592
694719008
-6625818
-813827380
-168906855
-115718265
17821950
-42927650
-220479915
417444197
571081462
668990850
724634078
28237494
253747431
95996615
-508047520
-25537120
-319723330
232985680
149522425
-518765
-50870325
-448009212
-660228352
19928880
75661872
-64808919
54050840
-20370980
643051786
-824622570
543776079
-319607218
-197274196
68043588
-455587312
-216855674
421043240
636595920
73612840
824437656
-597115335
-199030563
-969126081
-215133178
-62457693
-669832812
-106482366
-448670794
12080880
-30153375
-569520405
531072420
-775783860
-755766200
-67875208
-46830784
-34738398
-277817904
-120313125
-239630700
167413158
574689904
154642312
444663360
46121955
-81128271
13548363
-77372337
-22973727
-65081524
-440760684
48262702
229226592
-127967840
80806324
-313460280
-54899347
1823310
-273150969
384635104
-428476160
183287214
-521674777
-228007584
-220041915
-99173989
-153243564
612949452
-271931024
-151593324
-61556905
-315252567
-8563038
-153548030
-52289598
-332421432
981914271
-277102350
-294454200
359774023
-113193900
-162486990
38274639
262529113
-140808452
367638678
462260240
-84981421
255807602
-282447440
9629496
-153581018
145205632
180844218
-65557285
-169606008
-34279790
288898220
-129367875
-123749330
7404966
-178706400
-122772300
-186489964
23967950
-212359290
38025351
-409931770
-227260634
-242015775
-86410632
-72521456
-559417500
635165289
725438703
-442357344
25737626
