1000
-138544416
-319314765
245576755
15062404
75696250
7524152
503304408
74259936
-517241506
-631090976
-65433654
139292190
-313234776
125297112
-403384826
-128132584
4357554
-28349930
556276240
368509805
7364115
436406265
-4414520
-297926400
222477948
187239164
566659200
48168513
82595754
346837482
-45795696
-32741604
79576864
-233400552
321397880
-673876458
-67324432
9105100
-5069796
243825070
-189650823
136438016
329533272
-56649294
48658848
152021212
-307154980
47550000
29463520
-64664431
-3381056
189530406
411326586
-316453492
-77500672
307791050
116180992
108205272
-123217241
-626552430
23830506
-357516
203685143
102040344
-66331394
-34880000
11400092
-159725834
283015836
-248319018
-732646212
-111088004
-515112480
335269988
-56784900
95903676
-273257019
-166274980
29569904
239892440
-823819934
216346473
347682440
79277388
81824882
-112615208
415345056
-5016725
57993120
575986094
-357798171
-334688458
221696388
-237015547
372566340
-339056529
290027177
41327520
-338801061
48860100
-6229548
84006104
-492986312
-75794940
-714197568
46888175
393588080
-361811256
-125433270
29027808
114264228
319312845
-109882372
131260855
-51414399
-328371152
-526822060
91698930
583086966
-407998200
-254258848
-260375400
-440574494
282257031
-485617752
-167898402
130440728
546566776
-41033216
201032442
90014933
-110919060
-117983216
392037536
-480694312
866036096
-25736711
45156675
-360472002
903664632
348026770
-919872
-15555250
302875188
-245490972
-303163380
29492190
-673110693
-109840479
250348077
-98819336
-272224110
-254812256
175839510
60218640
-296730672
85670620
363678640
419553843
127235346
299654208
489298796
24006752
-348936084
-65589516
-136798766
-87184024
580928756
-469731457
-344784759
255907728
-20322054
-460256944
-682093099
316275672
17638020
25237408
48015621
-318674004
621600
-73856594
481382415
-251028219
-63713755
-36846024
-10172166
144235737
495476478
-167620000
-536901111
424520076
-384706464
-155665504
-91569690
-315677992
587438128
-548198610
-138875594
639841268
-188695458
12110957
-88669675
2430792
-196348560
-907007170
-102626391
275770262
117667807
217706144
-543888636
363120020
140130900
-94762998
-3215261
-83026731
-22317708
-219615606
208489928
-21647304
391558830
-95275035
543194996
249118590
-214284088
323594492
-61212366
-185117260
50872040
-564245094
616053130
-741071480
-520161616
-157875581
41718015
90741104
236283042
257443393
217843848
-444554726
95659047
396840288
-116840302
-44488800
-75234432
64603496
-711990384
163662349
-42202304
476159716
186283535
-522797464
-277505772
-136137474
19222623
-135435104
273141078
170527140
87950160
999901104
538188448
188020241
-1719986
-16431660
61329408
-58343328
-33345096
-240186591
394224900
-280400534
-166999088
-29929384
897571088
-2585312
-20980427
293446809
31641163
-28520868
284599718
-114537936
-235101148
-8971165
-550360870
-551725909
-152188839
-273821805
-1207572
472319188
-13313375
87442806
-129554014
-482020
-92686100
-346558652
31803111
256050674
6909084
100469448
-625757001
-99200409
-80654934
-97178032
-105008778
506285310
278998560
-545618060
18321760
-615654892
801654006
20329552
-609491817
750968968
208439009
201673664
31011189
-130494290
673430070
80627832
-632670750
157918294
937761125
-423171060
50022900
-102151912
-97417922
-8453727
-252932432
257252700
-229854832
165099911
652975890
337456800
-453882078
-4254998
-131998449
60453225
-267138042
14796155
-136260652
172257294
-616807884
246530836
316806671
48645792
14076132
288440012
80158659
-229987875
26434728
-281474952
-13193742
934634568
516614868
-2204148
17371080
-567647775
-619646208
-538214953
229618192
-358913996
215554920
122362890
-154884051
-137116560
850087800
-1003074040
-22782060
-287895750
-754805664
-60435558
-967375350
13976250
452875059
18546924
1536479
-545289794
436652788
-221526558
407831050
12004800
-207959895
311295910
227080528
-148896918
123309914
243471285
282029439
41227010
-367556796
-199413390
37870872
-103169682
-109183530
-72613899
720556848
-66456390
285121980
-123700245
11860560
-249888120
274134961
-228369690
-287821893
357317645
-782136630
16217575
327320280
-659881698
610721572
130339622
-143886810
-276951327
-823249105
292114815
-85332204
48434624
57602155
-107569180
-36712170
-725411337
-407820075
-476916670
-446953095
275143685
-78319786
-864169670
425196288
276967600
117386124
97234228
676376800
126021680
483144550
-194663604
305368298
-120506980
144923184
-142290126
-537167618
-17212090
-121078584
94269450
91758762
182949800
-293268857
254167254
-163515142
466672910
-290090448
-66574488
88149725
-324641352
-288669644
675002952
603785306
335655936
-441138208
-148111628
-8771840
6862002
33415200
-85929051
210464496
1011791
-5632122
162428220
90834295
-118044144
-768528
-159388580
752488088
-149300502
-166485114
-8186822
568744670
-486492244
-71429800
107592246
30197286
881072456
275391210
-205670452
177792006
-459156685
-21947263
-446164593
-73612735
-325153622
-144467976
352746100
63426150
-316679982
786456664
50773941
209219209
-465713062
-56912616
93014848
31824342
423921288
634031269
-141874632
784472218
-10515600
56625908
391220599
-424905360
-342922470
-58904895
-166419848
133535359
27096300
76649324
100423260
31301494
865175230
-30638146
603549936
-226642536
-178740614
-137108819
227862882
650719580
-505028708
-8589108
14255520
-231568858
523263850
225211155
-69024555
-205887828
-210063588
7414000
39230180
7152376
-474218056
-429859062
352182800
235895751
482882556
-297916740
-473369670
503109168
834417969
148473855
60300164
-184595882
236725472
100591519
104594950
-217031220
-225669560
288373920
291546216
-95668500
-123256906
426982776
215987438
91000014
71593340
404492288
462024000
311188744
-569275734
-13738242
128857008
242101475
135213428
711939456
-696560380
-167186775
11411136
-346180280
76942608
80298980
-169119762
549544425
-452971188
-72527418
-330460887
292953168
151168248
119223860
61960820
282157408
-375086842
-98155272
35979084
51625486
168428533
-158456320
-3898563
-137138979
115729236
264366440
-63370076
46953765
56799688
-546461538
-162630600
374111508
173266654
85659600
-529922547
-380954310
2918418
-20121821
-93092443
-608086734
167389778
-51824080
201675390
8124837
492145565
-238752886
-342912603
350725630
-375933717
-1253175
20177086
101444470
-99569690
-151142112
-575783910
136347645
-36588376
4029392
-8094700
687997590
-152765379
-466318080
487057199
-53384252
470002848
5835500
43901628
-353563254
408640970
323762640
66132234
-132792660
168488740
-17002908
-346520064
-429578100
-411598530
-413731812
217309106
3665200
-69020655
-41730176
-893227368
220898907
177741548
952660632
-345647502
-606136328
6562474
-459414375
-57248640
-298551984
-480013900
230633904
-135950048
796264564
-284099040
545314608
28440888
-280897738
934670090
-18686614
-167770032
174371296
-404989214
-94973606
138739146
-243996374
268039035
-364975672
-416418535
-672815964
372313836
162638827
-6009624
751330965
-21484000
111187344
-200741984
253889356
32703840
-1507800
-158566298
-30541158
97563256
-214152320
152186370
-314175015
466020343
221150556
-159016700
33174096
59681416
44563990
358899474
496954024
341431352
151610995
164588935
71965440
-107504925
-621285080
-81142756
-225041884
63987924
-178821240
-248134116
-561986516
-13717168
361456635
-390081900
-236852040
-35016640
-349146470
-5747456
862139720
5660160
-498797000
258055920
369929808
421847049
505316880
-27688500
179643536
-216172544
46862256
-574342008
-364773280
336375
-129873786
-143610040
-344584842
624399050
365266872
5026184
171670648
-98898432
-95911344
-61813018
-314706250
299861078
577570239
55392740
118054443
72821046
-754502546
-569567389
47585226
-408586024
809363840
821846487
97663566
-53827440
-731195066
68631096
91114650
31759212
-336150256
-597500600
-105431120
-207297695
869665302
22498314
-43408188
552590576
-42707130
123129406
526759338
805842376
-544393124
-365855700
-214723712
-215151427
39715848
105163380
-553608570
139263489
-156647552
-441635571
64211452
-634911640
392165503
30983364
46249460
-383049555
-112496200
-688766429
-74234973
-31520720
20291172
-110875632
525280512
-577523325
-61032788
-500192631
445756095
254829141
-2507120
474496550
467790279
937348316
171052505
130176550
805689775
-242495117
582224004
-128835742
332789696
-25401600
252246736
-457609200
-233491354
68415789
144650380
1712480
822687264
-13044000
-88546920
258859800
-75136715
-836291456
162436683
-474411015
708213000
-70773380
-401138956
713476143
-739240764
-286942149
-674567150
-1545180
70026048
71612436
-90971318
-243904763
52592930
62567988
-222741225
58142238
663135972
-751701605
-55917972
-52840200
-169954512
55568483
154635718
41850639
-144571330
9158380
440193824
-236817131
199406649
-97597146
-510353235
-173863970
155570114
194697867
717176590
186323454
100624534
316340994
5201460
-372454698
-22983840
-939729854
-255357515
820188216
-120300026
-64809840
-49271494
-661506300
-346572300
-28089600
227269484
612944010
-479144218
-31226025
-74983532
40986496
-178716521
50595594
-632362098
-217888473
-359220420
-208685900
-490928341
-20237679
393976660
-42105267
-850686360
-89972316
-382470504
-38769736
-241657044
35515088
252819477
-251114627
190882221
-421809044
101505712
86225643
-151334926
-464517396
-15082284
540380862
-65963100
-165155958
-40070847
-360354048
-740354248
-719396020
-69186200
603824625
-323626670
548826803
-8033403
20940570
567582985
-516601644
-202349781
-346607275
-590488336
-381917935
52627130
882010
-319485000
1225326
-206756125
54026400
-164594976
-301826796
-77646924
287526507
-231432760
212915248
-90192022
-417953742
-393884136
-432772650
-98289568
436163996
140965958
30025179
-273103425
-223487940
-64080282
-463505295
239869010
-100871862
5444880
349026132
60541768
147599736
-665174376
-280809651
-353578920
45769330
-254365785
-201810144
22017115
-118331600
-123082913
71650353
-8922201
285347708
45583010
724848352
390139670
-175925185
128662478
217395948
-235472404
684485185
61565504
-242490105
-66098295
478714576
51400860
-383966648
-349180544
289030132
252370716
-385616862
-160683704
228079187
54656748
3656016
120288228
399264936
-982948968
289422144
-898051112
