1000
414632768
719228188
259599990
-110597124
-3085883
-263939064
8253922
-217900690
223065968
-79302936
581837688
-169471498
-132437084
245380746
-152717348
66919452
-77356715
-78785372
357568112
557574439
-482785200
840706202
-506560198
19894560
296679526
-572848767
125476692
-228658572
-153539448
-704458720
128429841
-320503386
-440496774
-49469376
-318780
599527780
601170228
-103235028
279022407
-200405367
-70863395
819691704
342443264
-25873238
319256598
-504027132
61792266
-173617497
-293621224
289370304
-684286350
-346459575
546485740
-293373696
69317802
-73203501
352664928
84850472
97070610
1438426
474683600
-493703100
-98531002
387393572
567596484
498799724
165729459
502341399
482732866
-424079488
442708816
44447040
291893700
-16006980
-177682167
24318588
-81039472
806987882
-780151064
-71234722
185341954
338690448
-103686180
-431326064
-201944340
-2537250
-359306226
-32524944
-383218752
767406055
-221853558
273564000
468025480
526964045
615221320
-9776052
92420440
-381686272
159179163
-263967696
621716935
-198235466
678422328
61048390
-167025500
-73815625
130739037
-322919800
-18001000
366315880
447953331
26716690
-236362900
46080669
433559551
-153052416
110945400
33510202
296936880
-77108787
34415231
372536250
-27259744
231486570
222433780
181106100
81497220
160322512
-624283254
11204784
351388416
-463635820
-13936163
222773175
462681500
-113589801
-774816599
-316928960
-96997264
133558448
81334285
125503847
488467652
-80946459
135363225
-63600336
543688544
6799865
711307780
591262230
131753874
-79013247
-295906248
-505303308
225213822
208379115
-125441517
-69856910
34878832
-547812460
-205641796
-511199135
-160274590
-127137235
-62553992
28638046
-528476758
-338186520
-125070120
82594162
231911430
-106164728
161436080
-381929395
54639378
606099952
516202752
324631524
505512630
269566705
-67979680
-406643832
-216134901
-8242010
-34975512
57667236
-545158757
141751012
-33906990
58640850
71554707
64839768
-171680187
-315019809
-112058105
-548294880
312744240
-115468955
812397712
317922780
-75135906
28985544
-20679900
147734202
-521292590
52717990
190848600
21909792
-950568154
366140786
99601912
470211742
79184120
6050616
-283609050
-591126043
41539464
39699334
146032775
90102623
859178495
-485514758
46292145
-427559978
276580905
261339910
366873606
-35556156
506774160
607326700
-635425430
502705260
-45161080
62230876
250726956
144578648
2997664
763529040
780280938
480280710
279772570
-712975285
62368308
162934078
524052292
-144344368
-241695927
-232443708
-633650
83474877
-226532683
-421805290
578202700
-2661672
23026920
386691735
460379910
176125950
-146865510
-60060448
281840286
14850594
213811548
-98872670
-235091136
-534956475
558208525
-293384871
376412308
343841432
-168149592
69466884
964888089
763858898
-317167595
142579800
-278685801
-79653151
102108863
-177805707
-55701198
-875162308
-339402775
-125781706
-77000895
-40812716
-40884264
-303964466
295916670
-219288693
78779421
-238162488
2176545
-32824674
-165367911
-15195083
806580180
225513288
14159894
201184610
408535897
722904080
-268953685
-342321795
-48523670
16880520
-383888454
9253728
8511156
1132380
212674011
-485449840
-231791154
-91121380
-90013248
-837722320
-71733703
68343654
-65437746
-258398352
-442407513
204156576
-5093710
-13791778
191341782
-414493901
-85020024
19721943
67971993
304176708
-198593326
-239654597
551417552
-128772574
53736850
-150320280
313043411
151250272
-1208746
73023608
137948816
21274160
-11159613
213782200
-140950144
-4905071
-349918452
270674005
457319568
-34879782
15970250
367233720
-236702614
-109103720
-479178609
-235305576
454762023
-459226097
698834328
-116121194
-173938365
81549
-55570713
-257893526
735828030
-209082384
-113995620
-282504893
553564480
-19964425
-116481748
73394810
-583320367
266200715
-119386098
90214550
-452773664
485031456
-10700941
319125403
404926808
-87664500
-264694833
-261610856
53755198
-494582271
112539158
-192777291
-510885452
-719983950
31171522
736708880
664895120
-245836344
252767289
101525424
-237352332
411794136
49510780
-221600400
-96234747
589764733
-80072157
504338358
-811306212
-255345984
432939521
-202490022
-59712192
-508410
149126763
-20343935
-79082640
-197584006
-728312796
527346380
-162241200
520858920
-55258881
-789722940
-131267700
562997820
29872755
-511969038
-340480224
-310481312
303128200
58643629
102352608
-546499905
25621392
457947076
-72777658
142246177
497156011
-27548160
61726500
-625364330
-236686272
-32164152
-739245160
-10391538
53670190
-13980120
300553344
-86486258
533086995
48651872
425327864
-113822520
98647575
420203778
257508732
190689928
-433626111
675828338
-224426349
-183556648
169246275
-252345880
-407510034
-250605126
-618294103
-99523242
-432687436
114076064
82047812
-34786728
-189085820
855363712
-367023209
179682650
-29856684
-807134958
-201188625
518814864
246159984
312795100
214293306
-136870126
-199635360
-713824904
-350389488
86886382
609453180
-133420560
-16035100
-14024204
-438617907
362475465
-28064076
-452134026
-520052610
50764665
-26129136
-278305936
175242752
-113506206
-301548000
3565428
625456569
-783009840
52026624
437278440
372944901
293504430
-109790728
439799100
669793569
-91842840
55738887
238031456
592164529
-100156485
-330010370
-117568605
16666221
203468320
316121835
222043368
-336502530
-427344861
-167344020
-151268844
-259208412
123397144
-745153904
-321582240
-91564704
-3843411
318582464
118500837
-146241186
5979540
468679008
-33787110
-250702231
-2739876
-350440656
-101463775
242829538
-155184543
341999852
-289819107
32358276
7763084
11903958
-381110156
-711815511
496008125
-209304383
-621223359
229112388
-113048697
337224825
-4479345
-300068934
40233995
-389909148
-757169064
-122762860
-420053400
34411460
-220601970
-346327980
535631278
922724049
-110776500
-196512800
-95874904
-186185172
22251294
42194442
-561212574
85468240
-53322846
-611781520
-754569990
18731484
384013198
-43183929
-8879402
370876716
-32557241
-124890675
-93408453
265155870
77703582
192430950
354472716
-43108700
341687040
361317420
319621281
81244092
-601321896
283678150
55428296
113704305
-628513200
65025750
176028975
-234412352
-21757982
-298342656
4176900
95714379
9210186
107340665
-197243228
655891368
69682392
-261677800
-79989000
-12087550
662731372
-10892800
39819858
296377248
575261676
-162171279
-347439925
615606381
236829801
606473766
-473076136
-4341272
53827121
-43193920
-833144880
197560220
-440825856
710152968
-781359171
-138083772
262195094
626138080
-215464208
-66166416
-506493
118050306
277848714
104470760
-58359097
121112958
-187555590
247337250
222861792
87350480
-370860660
-735507744
127329279
9260706
753494588
-98255886
-145348290
4327830
-203474700
79507420
-55472139
-716767015
516795552
-285343180
702589917
11768265
-246688806
-47946752
-638825762
113563236
37103087
310547104
63094253
83490085
-583301475
65347104
520118620
827955025
-187691868
392393175
-768527032
74500125
-83500143
215142675
707621057
118864272
438445028
-746259966
-27236025
-74711520
-39677660
786412184
-1438200
199606560
673352085
455790258
-344998040
-209489412
-655040085
92938398
148865655
-178968993
653123136
-932300507
-32981455
9897143
-29028384
-774170970
-255250097
28473328
405978378
-56002461
-613210332
144250194
6637632
590252385
51876804
11106460
113528334
240092524
147654396
-486935040
81585185
405045588
440601920
-3758300
131066872
287952898
-56752254
243249228
243781706
-289204254
-21522270
-82642428
-275673762
259100060
195866160
56143084
-880230470
-120320030
-49604412
446630949
-606332900
-7988025
379684850
-182073448
-208132548
255426264
-9430648
250601514
-28278525
228663654
611946382
-6966932
221181331
-124859064
-722060668
-223137280
114563746
-179107346
-510430911
491440576
-97061828
-339530215
523428456
382960926
179234316
-101216880
-519050112
137595229
207279954
-448200792
73085720
-397442760
-299892837
57611825
122229812
316327790
-531107250
-32746503
-266842224
52082611
77953953
-170016600
-8624768
82519632
136614352
-949792311
111022370
-298325916
-278102630
-55906880
-188048960
-58525088
-46813522
304919505
-601060988
340985602
-222748353
-471883062
-44003432
60626316
-685256285
-180806864
-548909736
48459796
-99720075
6577839
-447296547
-61499712
-32050260
576668880
-496490013
-789541312
-166824778
-232270470
-169857871
268222494
-570515580
99483846
-91218929
-128586230
-3066795
544522212
151472750
-244864998
71443504
419944587
-81208362
-17020457
-219883356
13030200
-144814428
326245281
-229562977
-264513840
-177941366
-220477684
-572227340
96399274
-4556656
70032820
86814966
72979586
-699454100
18563810
-322801448
-9600408
45430100
627071038
42283566
19945626
18293830
-216411965
409289900
214952822
-546139048
-11264929
-507501660
614722812
874603290
-407103760
-263862576
501910848
-9084600
234354670
108304184
192776811
532127414
-406655458
834015078
-613312315
-43767892
-208651880
-147405404
-625502424
33140829
207391325
791899332
-101006240
-17366061
-679530592
104487840
172965773
32210542
666325011
-29346144
-61816083
209959274
202286160
-404382330
11404784
493727600
335627296
-479403320
47077065
291195450
416373106
-153687312
275611024
-387443632
-123748936
77901258
327204
-395588091
6918620
-112046400
-617262884
354654818
-33316668
231132837
-353902624
93039876
-290948957
245084200
-105408149
-573875325
-44504166
-252148274
-534441240
633207705
10800516
-139675752
89456390
-53180938
6591024
211813880
-918240417
473372844
592097840
156279320
168933888
5509205
-238460200
63867188
-1049812875
-11739990
-72887705
474418024
490963968
-2991797
22347900
18124635
-158744016
-809672080
516793275
-149972742
-26902568
454707960
-491437428
72682720
39585
-633557841
109429424
736795560
-77147634
-789889386
8519550
236782372
-57707275
-298039833
-910520352
72882502
891876900
-180539116
-3323776
942452290
551108292
-352371288
175909971
-168963795
-20477660
-457603992
530729544
-30825053
48134580
46658652
-438587616
532983384
228353112
-72685020
608916945
134250792
631562610
-82201371
-680154976
-19933738
-105140340
43400960
-51089376
610959294
26133000
-22108848
27572979
-120247744
119902244
-450581958
110568705
-232196340
599083620
-536793750
