1000
-276597552
-458097190
133776835
145573670
289355450
178414370
289820511
19191620
-16252000
168770992
-682874976
-28676263
187546754
-38332156
69434820
77615874
33455065
-235701240
-33813450
-186848350
-63522254
167647620
-44493631
394052841
209123871
250346970
139925656
-213544464
-387297484
-123963966
314813616
-208020013
-34728100
162953926
609857430
26654961
-89565888
-15768100
-114027265
57640
1328528
47350446
-328725895
-187824483
13382911
-196371218
19595222
41689292
-40485525
69417531
-309638910
252840192
-232308224
-294971843
603452340
-524809152
-388371207
-43464928
843555904
-28393530
290623380
571691029
-623608266
29534736
-48920700
-42680118
147558773
18788364
173264630
16559818
630109172
-159693924
360784149
127200384
857206312
-301859052
-168502700
-480979680
285764416
397251400
150836304
-251511880
589158450
-586420190
9199371
21032538
-77982450
-203256300
-18647664
-152756086
17694156
-278237715
-3044160
-286741672
5000380
-294041627
885742410
-13963570
-375283272
122909468
20991872
11689755
299176992
371970456
24448241
-618464361
-207165600
351159182
265518162
-471274876
246808368
204421464
-113274100
-391592630
-198883944
59678201
191295756
574900069
-833797800
431868654
-465747252
-25041920
-332132350
40141794
140512084
-224342454
-539936572
31753028
-46028157
-95481115
-80670225
517630740
445409790
48475305
-317076480
-307804392
-169880928
-335363000
-486899765
271162080
175692440
678039175
46425096
-754370624
-282874410
-636857680
-46310445
78335907
-594132708
-718300908
396958163
-243080946
-965778905
428877360
54379808
325305744
559198485
-439504119
-51152880
-564019668
235544686
184881562
340883580
91766400
58706934
239919028
-329088968
233727750
119192877
-166917492
-1007856720
17859648
-411559417
123920892
-37030077
-474733506
-397178021
9067785
-47001090
877735168
-234037930
-758988
20582240
310263015
-424850184
855734493
-42489024
485522656
370759554
2730054
44115588
680115480
617187064
-606093069
-8674110
386030993
-73433088
-27207050
-32219943
-487584888
-379178280
244187680
-63676250
16636170
246147540
-177553419
61926840
78534771
-359248329
524123500
158393880
-129480408
383949273
-40109697
443879392
14669499
-378882328
367168760
221429029
153875848
381286548
-881204519
52246276
-78491600
282113280
-146537386
-180603982
82657630
633225474
-929297424
-568597113
91053200
58212000
-123093104
-242598897
-66141441
-45348594
148181920
-178201416
304403686
-247297260
430691058
-395430921
441482163
-61094880
171993069
-563887008
5794448
-677477250
546183918
161972514
34912188
211739864
240636879
48010986
597729875
83432684
-353878460
-2009322
426537924
601751242
418746020
237412032
-538995015
-748101444
-931563416
-11281996
-684981084
-8809515
171318966
749373311
-136096200
-382108320
-187130496
-693985620
-74468784
-247707414
337371552
-812285739
40955226
-68641257
-119947058
-12004075
101517585
-63323466
62111608
108809265
-396286668
11788846
407981090
-112857481
36863914
-115151476
-604813347
169388976
128956520
240646824
-683658444
-58139540
-8805264
-280602000
-226672332
-331944800
517612648
196375105
303377030
-6491420
357965616
575363498
-37590686
725972736
-8311325
-9607410
-147577370
-12080796
40992154
829711248
-531616412
-331074414
-760239450
160007796
147445512
-292273680
31630676
-355846752
-267770526
-18754468
31630536
-187415616
898544556
249328660
-149710600
-821982420
-539018998
128224845
-223387956
229286698
166976313
332170680
57109700
-67872560
64955735
379769652
-29549397
-396955559
-54916495
85412834
436544234
14369160
-547338429
-285078044
-77792553
421026584
20341740
-20485224
-155074237
2909952
600678825
135344678
-85889342
-71757772
-544777509
469193075
104759925
19119496
-12853825
566717892
-124851490
-363547044
612592572
341450250
-746822512
-322962380
-42447314
-11522940
-168609778
-184517952
445456571
-544777168
40390464
407883569
-934712
335724555
-396293580
124885368
806469558
-198487882
-433185487
8389652
20162133
-44322905
243842528
-515087100
315639334
-410084460
17876268
-264023487
-2810938
428353808
-477498180
628164627
-2198560
-468173072
-108009256
32806240
-90808020
-209844066
-635721845
71338015
-34211220
692354901
697252875
35607600
95907285
-732138507
70418622
268431460
426449175
444305576
266929999
-252372028
402041535
11862396
-461262572
126374048
244876204
-412257060
59189325
239822120
90545310
119195713
-376525172
8982924
-15517564
-67150132
322545828
-722746059
-48340594
74043827
-997095264
-932922078
-686977680
-261249615
-165994100
974383560
316681302
600099625
6295289
161086360
-77140494
89833728
435018882
426536448
9375431
223062055
-328860960
116611143
-480569364
-805648536
106204194
-580036845
55814520
72889164
-28881730
-71159378
-555206176
-126946480
240960720
335813812
96686576
447302960
-124744725
-193026906
99748000
57725505
-173398917
-626072678
-211835397
237131216
-191841416
544318236
44211060
-195389939
-141363144
371884032
-1046026386
-149372574
27973416
54647167
-147847036
-14179643
-56804133
-29410745
-308438850
-138920235
-419712744
-683180460
-314700170
13318725
-748802712
294798592
-13611150
-195574269
-120715378
522942376
-2349400
-496089912
-13859240
413895279
375996428
-116998304
-688265270
-590228783
-938043904
-406501932
82128596
507595961
-69676018
-46107139
-253781952
138330496
-76460373
-23189395
-266471872
-60235700
-203376228
-263750445
-298550616
-44000158
-199056750
355032867
-344453353
26066273
316123122
-662048730
-629438260
148832196
189066548
-95989624
186627595
-140942394
-235606910
-328182212
-149812167
905348014
71334640
-545284128
408727404
234876174
334308797
-328583052
890508439
-742956984
533842168
58219452
412504191
196033992
252249221
161499444
19897480
-36416709
194370496
-431930442
-745992096
51989294
494766585
-289297265
-165592087
133861980
725964480
-381015981
574885712
-860284248
-70260880
-37712663
-96967488
29037660
351722716
29975080
-202986715
6266611
-170883185
-61398600
659981634
128634821
287837671
-16405284
36601676
-450818342
-565984034
-378623484
-158327267
-116025380
-139532280
-426700872
-207572856
-11262823
-342789300
530943952
148905072
-406039062
-650293899
65333892
-76470212
-245683305
-211875559
-446659159
146395392
-179254218
-338943674
-431862550
41380956
-352175520
-265637388
72606379
-97743792
-86521312
915705273
607829325
-282807049
136734498
-216362104
-865963665
545858658
-274934916
129336273
-985217421
-464033825
502867398
-528418215
677141696
257176908
531821430
35570106
380317080
562041966
-282669184
157412928
-57709288
-387491120
587304339
169738532
-225989408
-169081905
12445755
9157833
129500532
583920413
-31080300
339903248
-7262712
309416862
-386455764
-209315410
54915930
60860514
212309824
-337095981
650659870
-378467064
-532978740
-396896127
-140272573
-305128675
-759144192
85135545
-80926764
277413129
713191798
-91224470
20623386
61025155
-132016335
191596720
-37595760
25955891
942163803
27395726
-88374802
-164930101
670161360
-343947138
-261669756
-16888578
-290400048
-861775486
-99108093
-250589799
-257130938
-410225094
-4681560
-215987256
-53559296
61762868
603359790
-289930240
20971384
-351899030
12920397
-504041804
-643183714
-30152596
5172922
-66180938
44203656
307121386
523906096
-494209875
-218163120
131239592
233139615
924970175
-348098016
-147679587
733081194
-85229870
-70178574
19223226
-70980514
-403636848
693233594
13266831
-145143600
-783983340
845678505
-223745172
-419814528
347052664
-603425700
420472650
-228888309
291633174
217416440
-52572864
-404114400
82177872
-103426055
-18364892
-426875733
247572050
-41972854
424940740
-166350464
-72710040
-273723505
-294583248
349485936
7174825
-39213372
-66772222
-9552992
650034440
-304256266
-388302373
-57849
-98024591
-431765320
-715200430
452515250
42523224
6289388
-435712594
297805442
-394849314
-912141616
-49057278
848651793
-630984376
-45496824
126329448
-316653044
-1026479296
141238368
-50548940
128085216
674549952
101292884
675248
-304494198
-747138825
44833121
-58217597
-884894330
294947412
112932352
-341324064
133357540
-312260911
-37228589
161030200
-309266820
-98602868
-148761802
-531032843
198884871
580392342
-160009406
69122823
-359263100
87982743
48908832
390119737
378606150
-509830503
9968921
37576712
311961654
205957472
-4939856
522423818
525760972
449742378
-647450230
-106741690
11508800
403730044
-149144024
-413851648
-7577252
-171394560
17681598
256678911
-547132595
-380788256
131488226
15303924
355170424
-6814791
-13109340
-21403992
-35870432
-468269820
1118670
-43714191
246228400
191184840
-313773874
7408896
612654480
730732012
-132592220
-53515890
74162952
-202231155
248152272
-804465972
232133876
184046382
-269447616
332292939
-158247053
284766482
-127015020
275672484
-299727911
14809587
-69824904
-24179760
603329650
820787200
40688775
-22143858
516856210
-302350220
243610191
630640269
394439440
-461287358
-265631340
51948192
22282260
162417168
249326730
237123765
-121068330
533162630
41861724
223368420
-409472000
-465501600
-588067376
-224998677
725149129
40444404
-48841660
827207744
-209713315
-238956756
849277280
-148588929
104182821
-194238216
93664809
-354798801
444981885
339087336
-355349516
254812354
549648792
-306033310
430840278
-593874270
78303993
-25563170
-317216736
-233254705
-229139820
468994725
284523118
220184404
711505872
30316765
243002536
-40510624
161371868
-68226708
173422332
-620534179
-64328585
890230632
511725096
-428412340
48776541
-631047180
711866703
343964448
157575000
86054148
-155649648
249755355
111921909
335033250
112451508
804687696
805678881
-160023612
-69246450
-3630910
869298899
-131216140
102287640
475094106
-642713472
-9913431
-126151572
-17581704
12620814
-512449570
257669048
185882268
-134577030
-235955629
507880955
708779825
150908520
180901140
-7538565
-450161529
8605404
-894492126
-373244360
-20818329
-77020680
813508936
6123453
-141132987
721938735
573106002
151947675
-484447060
-113143028
191655716
-17712615
844211634
290657169
54319346
301890456
-303418510
205185376
423752335
-182548788
114175467
30754677
100321492
-197075580
166665600
-495209457
-56116480
-702873990
-231607467
-185881780
-136820330
105455658
1660260
-144905346
598819012
-573715296
-492196703
-22146852
297820800
