1000
-54219715
632531812
24743265
193236251
-250327672
20520396
134410621
-944377027
156058988
907788700
490075515
-224428235
36396681
4091100
608997456
145232175
-45194110
149595947
-323031978
-34867424
126838818
562990668
-2438184
-441459543
-303999376
-231157251
10318887
-12052404
17599088
926877162
33928200
-280442040
178829035
275949936
-37310352
-18797386
-580678032
-39810890
84453720
-59405320
48101520
-97497330
-757146782
578511157
90063938
570865592
-331457280
-322735224
-140749081
-96358659
598241922
-61779785
12585936
25603883
-201505850
-93914752
-316677332
-165022130
-65234475
-17680844
-530466300
-376509138
-50573544
14581772
239459802
134959584
172746432
349418398
-132015527
-236341416
330401544
-175702344
-137038149
445860888
-129442890
67697012
-514349316
-82458357
5429821
278737900
18557696
-202253751
88795449
-465849900
154893214
213924990
-378433232
-718616512
-539105778
-57579772
5391838
393605620
-327193794
-127786008
-582183
214920420
22387510
84501144
-67252020
14908128
-92963486
-625748310
747413505
-109698472
771341418
-522935556
-328205689
-97849544
-258254968
45799500
-125079848
297299970
-404100606
400336020
277390256
-767001300
-144904650
465975804
509658192
420053500
671190348
-453320560
-82799086
-865193940
254124918
-304481232
-601171218
438627365
35720495
-4171166
-151289424
-894378537
651370412
159968797
-52268240
201893034
-253748800
-23387770
345093854
505651440
-342846570
282373714
11523708
-159917472
77356408
143315752
469237900
-172827201
210937350
-848695538
66799110
25974096
-995584887
-347611284
-161576899
-586235505
-9274450
62323140
761949180
54844482
486519815
167495094
206847340
510239520
-148684304
-39424340
-772653726
-3201030
-290084464
14315248
-20386488
858719113
150491136
330096750
-325907406
-4674492
-901508922
29304312
582976088
-429945561
-553501120
70314130
-20762202
-197826530
129919740
-761717946
-19343569
157361883
-365791990
-431457052
257873796
-149098050
70262582
154977088
-165086592
-484165440
-89736192
4799296
359103317
153800695
399310080
-697854661
-551115639
-8012843
216010092
106500392
-7099300
695916832
147017700
172613385
143387511
-288846118
-323663835
282148680
191813184
569558799
-489766288
-339280986
-24090114
-69495924
122892000
-374460501
-505410708
41357196
-177192210
17837400
274954938
105940824
353489280
280989860
-215028681
-609546060
-459700866
577409575
98030196
391287425
18617872
-161783674
-3342360
214954465
99254377
109637164
-144415785
-237153800
-342282708
28670774
-107981308
314973680
15176304
400355958
-46186690
62629888
-62106219
-897917097
428383472
-994441096
-12765310
-81723824
-411868534
-30619754
332689236
-499349984
11369694
96962550
-984401692
-236514320
406150300
-64038835
652517173
196765929
-470002995
-229381072
-299701650
77535015
17894910
-674356187
-706425725
-152694780
262776505
3782194
-831843465
-874462404
-6035706
-84583990
-40784756
-115219740
-216114873
610601032
-46573778
30929509
-58875038
-230889795
-63724
-15033624
-806052044
-238797680
314847360
-323935370
219940035
126853258
-797071065
35691882
-116233488
-664774416
-69160114
-897742857
-292375219
-526968799
-908624288
429483360
-668031504
-25631244
453539439
215366520
47124552
199961036
-219922140
456503532
697732190
736030242
35338704
306492495
345642129
260845624
-137361336
-890799624
-8777525
-325153024
-209019048
-344358231
71052888
-286134225
119205690
253558258
-76177017
26720804
-67731616
202339176
91216308
-3207764
40907298
-46130749
-789141936
-235768901
-27951300
215947135
-668852990
-344439746
-363673898
-286408575
-31989120
-174160
-555796204
-25843046
581195899
-205505096
111368992
455386511
-239755725
-49393176
-78838812
-215035744
17793594
408829124
-132338068
445520460
249936309
98627837
683373999
888860
140366452
92740230
-226035540
-114049650
-118011210
70800740
618268306
-438772086
-322787512
2627010
-331768328
-505617210
-6349476
126501564
443767775
679453704
-376422980
-26800500
263882976
-193219050
-978780979
-140792660
621769365
-2380362
-212143456
-616356640
-9354420
-693152396
52632301
280776981
118566307
96838092
-491106672
918590544
-754484402
106227856
-256463260
-732744900
-404151900
-192088288
-9598336
-113129344
450084600
-13385196
-61424517
-582886785
-30515104
-166845408
57798884
217806454
-688183456
-73858680
-148070820
536071008
-575678080
783300716
-28459788
604589970
-686882100
-287298290
-302761995
331243304
137650619
8736532
-742714812
-345647924
520979256
96868324
-195210810
221397888
-142788933
189805181
-21399540
209656694
-676026824
418071042
-314913478
-178499968
107064333
164483309
144141030
-686891490
-47716020
38556073
-218310939
270108376
-94239236
15173214
-64166435
333845428
-822111168
-535746120
102784590
-673088900
-214120680
251790042
408156896
-330855360
-706390124
42770112
-190925691
-104738088
-738612
49798860
-87168643
-67921392
-566417460
-471793100
-136362600
107058008
-106628148
12539540
-177058110
-6764589
-387219196
307579508
-387329853
-44989763
15630250
253164480
-37532452
-137990880
-81580675
-3147858
-397183308
103081935
-972477540
-661498988
-32265270
57730911
-126939510
-301854292
282697087
274610944
445345268
121761660
-121565154
-62808032
523320433
-717539076
-135996426
130177960
346059526
146548296
-600570747
-322271910
403891285
-243301996
82999920
-143938830
48418295
-267904140
-56842317
368021580
282078280
17368680
-237213984
272173075
-218134600
-212853438
-165968535
-667005904
395648195
-202124216
-268868094
-296773500
292893454
200317028
-88155360
368383158
284268150
-288844380
247912632
-284090064
417179949
193458315
298456218
270210296
-460299753
195912700
-141443942
54156384
83966570
278636724
116881644
245160900
-66340400
-302030337
-3175722
889143332
290241570
-609231756
118304008
-390570560
-42762072
562459716
296318080
240649632
-105218757
-275076575
270357239
83305400
-98013330
-185414880
194526720
-67410552
189176856
410914920
-28665712
103453537
298276380
-11365459
406980928
290624325
-169383690
659632072
176247988
-8510400
-423720909
293447444
15336664
170181132
109398960
115979250
35904297
526852524
290411742
-236672364
-308870868
-151372335
187032810
261498354
-5532684
-457881056
-163046422
727668750
-104195076
-12797982
-508717484
-394424915
-642529347
242175580
-201809275
291756408
-301309921
606622280
197470268
85898525
-182885847
-62146630
-166105320
60181100
927923415
-214928418
-221538768
-620873220
-857372
-68498240
474462916
619088184
163708524
-170792210
183683640
-103688585
-232919200
-2602615
423156002
-460398400
923407625
-124885470
-149065560
-389640272
497513826
68589624
-21378945
-45954106
17681670
32264724
-53546395
-221853422
334314747
248532088
-139914992
-33558963
-12225600
-42881212
789235920
-126256377
687026424
925819929
-114430128
376937928
-37173634
232764000
32545477
371740015
26668040
-325763792
258155364
-158606354
349571904
106187136
818271060
-150824944
371907928
7998696
-94673476
-69105905
644553936
-61127202
1023804040
-524323395
-633984516
607757004
-64956312
27070034
-31640364
-29095068
355572480
158853712
-58830982
-279290172
122806800
159201276
-249300
742104088
-26349267
-71252720
397476913
14312300
-28594842
-834061924
-379392228
-781641936
-117817952
52295826
-648917064
433599218
329422230
130542867
232532224
34417900
-847601070
-184253080
811751742
363650742
496434691
-114410075
66201646
-177277344
473808726
-350530080
38519803
381825438
72161280
-24268288
-464003325
-152026848
-7643315
174494970
440329140
3020492
-649919808
28938056
-903546670
346062773
-522080746
-70555485
210123375
768181000
1291992
-183784137
233946145
-46274085
-653129088
514321830
163118369
12057888
-207227817
-308580264
1000537398
12329484
-318004800
758389464
8898956
-130074450
-267940134
443997273
-873417168
-549220815
223098230
106307121
32402574
52151834
-107899480
-528478951
-487507797
-342148850
-174389090
-507420360
-537496125
629154636
-14422716
53408875
193756160
447012293
129638778
-235913328
-480418967
590918658
250208250
-144785139
-805059519
-882632784
-566359296
42859050
657259779
729303159
5998158
565669866
-487435320
217079290
-3286595
200249032
145186002
262821672
650547044
463161356
-446231379
-159176468
45184832
-47906000
148814580
592204982
-462667358
665742912
286266654
445366179
31236912
-331535225
573921733
428629416
533688
73063773
176473740
324968083
93479760
-100100091
576780064
-470682420
360807070
194815224
90442210
330821088
-601681056
61294486
-651753024
186216410
-106652393
199965956
-544836879
-364837809
107936327
25045850
499904188
95292405
34221132
357237090
-65203179
111473274
62423935
-670514902
127487165
394592528
334297940
-47072858
171347850
393994036
-45785395
16925582
188305416
-630581442
198948926
154322000
53041928
-470970048
520167280
-62612641
8567217
265468655
62272822
46046624
-598497295
-190734720
-8595972
51894700
-588739050
-52058160
118215546
-218330179
23811117
952399850
185121730
279908700
307735976
358958742
134826046
-633802050
-386454852
-151075716
-11312408
302313028
-85354632
647371508
330726882
-247490254
-228500156
450781904
437170230
-61083830
-171096552
107577343
-54480930
-631547152
127922445
238534072
389724188
14018088
203599000
-2163968
-510593445
364884660
168380784
-214757792
-202324292
248324406
137426601
25085928
-165226264
-119849004
-911067661
76835165
13411410
-101037981
-423796456
-272238714
114934768
-41196353
746294271
-47351040
161529420
460677918
-27031696
466256874
-36757695
381160710
-1519188
273100282
609096280
-488871713
1994039
167939892
-199807860
947904205
427842570
-346170705
130927608
117972162
-143878688
398243835
59266145
-118224260
-1948320
-995509104
-64095240
-264128912
377113900
-364437479
-41042312
125146075
-377737484
-217598480
46458612
417889674
-59294592
663049998
-100303434
67013933
16129260
-437805312
-69442893
51763614
447890870
157520692
387325739
248227884
-394474000
554625324
-138419750
282022008
333246438
201431901
-4530141
38276658
-67307050
-302396276
-302346344
-615977720
108041370
49641760
273147250
-33368094
-848272222
-1128141
247683156
-87412402
11389968
-224289845
-440790180
25996251
-74478556
-229514208
100752188
442605600
34779331
-158326443
-222588173
486076784
162400341
333765774
