1000
151070872
-179246964
296304883
14811489
-71203685
211314168
35726724
126784105
842421699
78743168
-360604342
958948848
-32466880
13284980
16070376
120133461
614314227
315106806
-222894771
779768920
204018826
76420355
40275576
-263659340
718141702
1503711
71199323
-488097192
-322143570
-396853593
-131293908
714674016
-552948
183825132
-264825535
-84760200
368455584
-513704448
368065944
-438571250
538058519
341811986
124531232
21649320
-514621050
-5832630
-63147194
129860003
540503460
-569689200
879520776
15886080
-25545180
-449069100
37687020
-167355846
-20290854
-595435833
218317952
-68863872
338215314
-115778520
172329652
-113865107
10358616
-546879680
-409594720
242327610
-138077100
156633642
9137345
-238942140
739694210
231968850
-4107693
198131705
-19797928
466240302
-251108568
16487568
-225704623
-77972940
-174658224
95261550
182796138
-3793470
125104256
308065620
379854468
64116170
-302532608
-117816096
133528200
-93910465
-594662575
-499601172
54491175
179375050
-39698151
-731101536
595829772
-135156868
333511617
106070316
32255511
552069
-528162375
121757572
140274828
-448579391
-95265144
366562584
381675028
26314925
194334534
-329914730
-61687180
-381508914
157350270
-649273488
-277762932
807143490
-113261456
-117179673
-8682216
1007594742
108976390
83438056
-238324734
96358815
-483481880
-470543010
-114516234
-506598379
-187495380
-417501840
720835776
-222165472
1804316
129176817
-389236652
-556906752
-269741329
410095928
97607676
-108869886
10776256
-396849645
-283635480
-637593457
-46120125
430932425
246663336
270962909
-87851352
-722275434
-8112377
-30382482
-32862025
30754006
941742942
161187378
-141289380
61139520
-472877706
255892455
-202313254
786275960
818686000
-118516824
150816744
256557126
142958556
-24022548
82511728
70007830
-852703488
362305750
523515888
-401382751
-308317212
-152882730
-364025854
187854633
-500617794
-534742912
413346389
-199090588
-388791920
-117242640
-265622016
-370533376
1642194
-88356830
215800088
-3558804
-158416567
-617046040
16504750
188048070
296712882
-100803221
-234345540
37504980
-532900212
6906605
96291480
-129723786
447037655
214521419
245638575
308665950
-206025216
-494990224
448385868
7825500
79518901
-126017072
323983240
-268088528
227550099
-511177344
199441453
549577776
763035686
49191677
349346792
-429619308
132573298
408400262
-157380390
23308638
344656776
652855641
594575784
512107232
-396041646
-459654240
-67177215
-41399600
524271825
-236634156
45476876
494186740
554224482
224076790
-548002556
888440288
-318534095
-169338975
-413136
-419259197
-97416800
-4160800
256416048
-792362116
5801992
-9966480
-631547280
1843800
-297518793
745429784
11280904
49896123
-2431044
-91758429
64226226
88611600
-7555548
-250314910
594401691
572230753
-131531106
859903800
304654740
120698832
-295168744
351392510
-228886020
-36561543
4559426
-6740032
-371830972
-668476952
586112815
166965608
141914430
497702420
518422684
294702328
-168131056
65957450
33284328
10517948
611180966
-15326982
52994714
-251865297
-318102276
-132268320
162483948
-8475302
-321001881
191053196
295374547
406904864
66833762
-57910875
138644730
-657179198
947880150
-246525423
196144316
34113859
-19972432
474037200
601127919
-247389035
29640529
-225075862
-78998191
697382022
-255189760
-268868990
-29127917
-478195968
-746089212
202067775
602575281
462265408
-50865345
-80194800
766240524
309900320
-481174956
-258539879
965621987
178479356
317886192
700130466
23277760
536757210
31343664
83666920
26337135
274446316
235785957
48073716
168657610
-121788714
-376518648
778013410
75103392
-48318489
359722875
-107729388
-126674145
27739020
-2799782
16275840
-12363538
-381307782
186997713
-140596788
-21658462
27978608
346142328
-29631042
-65819028
-5680620
624313560
2179711
-795769569
-121316
727531725
-272797920
-414171606
222820974
49441896
373681512
111380486
-685296036
38440824
-239697612
335638897
6391485
200927665
-47123795
-39074700
-436295195
-49788839
106357388
-366143540
331047827
-617230018
289264143
-845517936
569020540
172395524
419540562
121032890
-264252506
41832053
-13999160
162853610
-22638744
197272968
102353664
-198227540
-399165084
-23272977
-10570090
321165028
204909732
10012860
114555870
-32004090
126222225
-67590688
352643632
-46636194
-640404630
-290576480
903509784
-630915273
723447264
13688301
-14341404
288402484
622251064
522143075
268448445
-52821906
-141510670
531516198
607341460
517943655
-136005200
159337810
322152990
99948108
-723299010
-70454772
125519700
-318834633
-112106610
-93535440
511749731
557264232
143472381
-281246478
200437500
394809984
256006600
-32620172
-296668020
677601408
-209829217
-5085202
-40905696
548824120
131142291
928219890
9499397
-309686575
-489574600
153492228
-6708438
-23888736
-436269757
699565622
-168460845
-682141363
-46729056
20499492
366844660
47700011
6737967
-638865324
-133654020
67828914
-379334241
-14119200
305581446
-49622466
-251991250
171225899
-588234790
-24920400
115877880
-931434156
462363472
420026
-226193916
673621830
389570354
-328385778
-812615127
-569875818
351066696
676716399
-195901470
-645446120
731012040
-170044682
-106339230
-2643120
-731910896
2956128
78136842
332295865
-294109530
-504702044
-226720710
-230468925
676372140
41350365
399001086
456977675
7626378
-192401092
47192586
-123228756
-392486220
-194282307
756043673
-904393920
-339163512
-740857254
746915720
62858576
-39538928
-55412379
54209440
61330772
-184881328
1405440
575178355
-409898925
116449830
-13886145
-131483100
-507687622
296032416
-613542768
-228268971
-245270910
787262111
-6030869
3856400
-69109220
688143608
539883184
-64079236
-670788850
-412517138
490150674
-301800848
-521705940
186001778
343433134
-180680573
-64731005
202462146
-400795992
352004598
10779300
26723085
-462452040
79123968
25755840
-282166044
-494212320
-463713166
-298687512
212180664
-185504785
-651947710
69434100
135907736
-100144960
508867986
182602098
-62135944
112983365
107573921
-390823485
291327402
-152985714
-108418332
194303928
-262539158
-677811750
-11825008
156980000
-61528259
-752338638
120152808
3175172
-9576168
-174486522
384710890
486209647
-288737868
107927490
-85647276
-35392995
-119201214
66225504
396055482
-19110159
-449350766
18089379
26602380
361898615
-364588920
796704340
-166517075
174782072
-81031104
-251124414
126202130
-753745473
360099250
313993230
-489255795
55631015
148280600
-390152670
-131799330
-289751616
355916246
709901484
-74457774
295346556
63770211
196601328
156298670
-192422920
-727667076
16500648
243138024
474684150
-192258680
527374276
-369812800
-847031235
130120824
-111628920
-165754080
143302446
223792024
99374004
-524784810
65831108
53756976
-584526555
-168751296
-118941000
-42902398
442515745
245581806
-461059200
563201410
-110019171
-31991349
227553034
-143771936
-258787600
946478960
396418470
165232906
460706460
274570704
-47237700
-386175688
-184671520
-129314844
-466780637
54616628
-203808125
303609642
-675021159
-110925399
-225350400
76938472
294976893
-281954700
198307440
-218969400
-877465120
-172609605
-94215044
89987700
286163940
23949684
-535340196
-468632361
130637655
40779696
-438884811
-248614078
114338101
307201317
-543924030
-92454908
-229933799
-170109956
902675382
-327489318
180794880
-629285085
5061582
-125424558
-48217356
176807500
-445434045
41327280
-735023630
66565508
-168350890
-16488090
143144980
29197653
135597852
99608828
627996080
145007801
453524490
-640203608
-84224556
392133420
229540500
214040281
-508524597
412505990
-373710540
-229677574
424693098
96960870
-8764184
-296828112
113112492
32681376
-17431020
-2522120
-234677170
-630186576
835539012
164451705
-450381269
-65628900
269952496
136682580
-135365149
1265296
164227488
-330966218
359912631
-48843057
-454895238
345208872
-206292865
-221066010
218452366
-33463530
4763243
330257533
-58021727
-577869372
5319644
122871903
-881947144
140677956
-155145810
-97662152
620258820
-69159064
41199060
-8794128
-639838320
-60076632
-126395000
-333234330
-480525
336889128
-679829216
-281853543
30155280
278072270
530722842
-29125998
-193091808
610368
-483057720
103906362
-666031140
-293412470
-197635914
253987908
674726508
-44402944
-354577538
-790817247
-531045495
-353578640
-74095880
324043131
-367935646
597695527
92848164
40955565
260869836
892415337
-342989482
202237210
433588680
-346711050
509669825
-23828910
36868741
-173267644
-20456310
64838880
154545138
450265154
-397105869
-904343917
-249918586
61653716
33042375
2892846
213318410
48346839
596902544
-9316698
263890256
-2286900
-16314904
-198419886
44215640
17652376
-649512017
-216778788
682924680
-112747350
105341280
42756558
-422104494
-1194701
765399712
2565624
-55385224
-12556182
660059037
240046144
18408960
-332849220
-351561084
-24435690
491919025
50952836
92243768
78114336
250842166
34564616
387166870
899885246
339602100
-231915039
14621696
210899520
108733667
174169248
-3523040
-375020046
324618756
-520400209
38929150
-286170824
-68626325
-161814140
-167447816
287418417
-9277786
-221726988
721259693
-705373149
575561622
281288868
94485196
434362404
-970760098
267034240
-589935138
315276880
-103361056
47695488
-882574866
-316470576
-2601900
9102730
-336958510
-133061920
8220351
435712802
981520008
72763789
11980260
37479939
-14667172
653546565
-303415512
-92448189
695990540
224441223
-170452800
46259895
-27797904
-98926146
-20068398
55476960
312106512
36165220
-208599186
-43998165
-156963848
763335690
-172856900
-451234064
-62031238
312152520
-591707844
-104263652
497232220
339069465
500017416
-45019910
-303850260
4070976
-704078851
-698482839
136408646
-276650704
4539132
194617836
144872068
-69213350
318406501
-433053520
-473496876
-33310141
79886178
39290670
-111996738
-20674823
81677574
-97552080
-3270839
-88709104
-87099860
490920192
110184048
532769601
117584824
255412976
614949234
10232882
-139780359
-95533683
-72849028
-16571010
297952463
190563105
-453870636
-325563947
136323200
27081880
-26827215
-196446816
558565851
-718978008
380275038
-65170080
92293656
-21184776
254971200
-89446536
-84619422
201932520
-666184480
-180791710
-117636008
255325292
-32758824
-307642452
264387632
70741320
-229991477
-190532460
