1000
-636516128
-241763916
-80197722
30587544
52333276
42178100
336849526
-544311270
-251355150
217345400
354812688
-64395270
-43578210
-203946022
-15830902
-176936400
366062112
59433248
-118452630
-321196062
222131966
-645608367
-43284000
622423424
-196896805
11212328
471874576
-681687358
-270074290
528805842
-359963043
-397653504
-27024624
155193454
380148124
-14732630
-469573128
-9625440
440633076
47835427
381961396
-12310005
-9849654
613118894
-4432256
650695604
-523961880
-339655684
-367856940
-357164878
-605316402
3243312
-105523460
-380597371
97559322
750691071
-136022341
-25304680
77539077
955862094
354584412
420790562
320438696
-333522648
11009520
229583520
-341617389
-29054190
-149569907
42443292
-100223600
-130323087
23342646
-69529868
-550581762
-7034628
-532018682
45064560
343466194
41273928
-739289824
-56469276
304935906
78596934
197758636
-83452032
148489152
-183088382
-107960450
592963197
-578196384
96498675
-2416800
-28468908
487846396
115257234
-35002560
320314046
274173192
28415919
50093576
379597280
13649140
603949680
34203253
96060310
-499046952
-26538474
-261755396
-67191927
298852962
3846520
18052602
629055728
-704050260
696347395
-132683174
219155742
-2339008
-65415280
94163058
50292258
-897258810
-216129875
523081320
-8639680
-237531776
-111387185
-200516400
507632136
500609808
-333825167
647005653
-826458108
-393527470
-134502246
769913404
-147460824
-22225368
465078878
639478647
143322672
-627108196
-156501332
-6093528
-241688723
7183590
151387390
211207920
-512872609
-69024164
-1002643018
-32100531
-73473327
6671367
-623765842
113306908
-1685124
-410698899
286364694
-251319150
162289373
50446935
167141212
-136601630
346417876
-527524002
-75643450
69688710
194775270
-153049050
155371624
-91648223
-571839705
-207396842
-84176154
29297840
751527392
-222818818
-478975020
178378524
-277224500
24307075
-506725758
-57106512
416920800
-732461103
-257614402
284825746
774393735
679361024
290906433
224504022
215645664
11947869
151587936
-428131008
82561998
429674910
348755890
15481000
-184698900
26327931
275736375
21427882
-228341890
129211875
-18077094
-916094685
-79153136
673847460
-141829600
127113686
-66205392
142753805
178153613
152183967
-112957204
-443706180
149482690
-502204548
-700067238
445596250
-270399042
677737314
269513244
142379880
-64523040
220310608
-173435670
5233962
351475306
-422095380
101122404
-7326508
-153012988
-126745608
-465622716
-66578301
-173874888
43346680
-70041216
-611946274
-11901375
-458308812
-118649661
-121393408
-630628880
556254276
-354279256
-312220572
175778880
-172719540
116856466
-57945294
-237654729
-380339636
-427447104
-260332758
484293624
433259736
-243849255
627705936
-77226546
-39403320
-32551285
71114624
-472323470
-362816944
-303558723
-205394948
-359301501
90409136
-29646990
-4183309
-60448840
-129392307
12697544
-965594464
45479687
259752416
184806475
-674997393
27789096
19971248
442755720
-215803536
156740265
205746876
-53368614
-431395744
484582176
-645866628
127455174
147443832
-17430954
151192109
-56530952
-6250806
-376803496
36375332
93028248
-38137844
-216345654
-66353300
132216282
-206590599
74215350
17257108
-19898580
-348551900
-624986395
-468100752
-100954302
-10761696
618474020
144799380
19719490
343103966
333432271
110255600
-352426176
115126700
-90565214
852486774
62749935
459409385
124720007
-120322174
-817627800
-271630422
-40287324
44305506
4908256
-490847368
-37780490
75337740
-246847504
746537190
286442059
135995008
-51624816
84595551
115191982
-37060436
-350195482
-24121776
257244480
-118364270
-316798021
-165168465
-79096032
323735787
135755568
-485136602
119547428
11858480
459194568
337077195
312634784
-533411638
-24378918
96416063
-755024340
-93520504
20905658
-10964976
58482369
54500480
87090615
39502263
73581355
-414482033
396078144
8847072
-876523179
-42957858
-29078874
-184275645
61288992
-634750530
404774112
-8388192
-82383709
514373696
-283523317
382467206
-482170140
106738170
-805281525
-274191572
-495876381
20073518
99531720
33775612
-84635460
638487355
223074865
-264401000
-102739420
294607316
-449255836
-64452416
535280974
-370101172
830057136
-12344619
-11131036
95705896
848020065
356687205
2309776
911890820
-145871050
465667956
-288808685
382251324
-839004504
-123656294
-76907496
4345776
22131408
243549306
-191450285
-512228616
145786239
-138806064
-28466406
35181720
-637435815
994411600
68524512
963228750
572560056
898433432
-49647558
753862340
-22163994
360358180
103681727
17104997
137615024
130246126
326971962
107249560
-415144522
123738174
-46956480
22783464
-160120314
-157934361
54453362
21398928
-431916984
-105485772
-484468972
59049900
-7289238
209425920
-226670975
-79670148
269371890
-18229230
730871100
25693392
142877078
-66230325
-974850534
535787148
-183144312
-117953440
209848680
-355054587
328886272
-191167600
48426030
-314231574
71664996
210948892
65427670
161112000
70045120
-22310217
-164968659
-217890180
-733305302
592015630
-134258040
205626762
-448260960
33684717
275613504
-769786740
129965056
220654080
-140899424
4845378
-37235165
157201275
312281160
-263007408
-18937956
351109129
-89525025
16304864
198419918
-64909689
-119015325
-469211492
-900560376
858447610
-14340645
401623272
221540999
-33669648
-15934008
12078374
-165859416
-18834375
-197691592
774344691
44534014
8879199
45780432
66025344
20620776
-45775630
-60425726
579066780
-659433180
70062225
534886686
66498640
-34174400
64533840
-69735505
-182077605
708281550
-66147507
-91198040
704385906
394570852
328646448
106462631
90802600
592117695
-296306307
-16816373
-153141757
514240172
-526915968
-739964680
15087105
-158168792
-62171898
677581200
29898711
18369792
356930032
405520814
331893030
585351522
-105814809
-54119041
23692230
462321600
-520444368
527244375
369892436
-202557385
-18299680
-196194493
187291618
118773700
-452309310
-135892896
88185341
308280000
-79456908
100306080
-107642424
-532998384
-371064378
-381712887
-386805800
46694864
3020476
-22411179
-183069264
-524453904
17539405
424781238
-825028575
-400932288
584384816
313082172
35149774
518280000
-20862776
146533344
-6362394
550092816
-179969496
19737432
137610808
46093297
-79765428
-584664570
256637850
-11340580
-328127932
704962520
-838428360
453451757
-72574535
-51702624
358972535
456845760
321492608
-56779608
-345866157
-120048452
193341978
-104123672
203980300
851020200
-225178741
8511104
44202564
-312187360
-95339169
-352660126
-90465082
-648831560
319137889
146882159
-608744880
19382476
474995440
-379282241
-131722496
-267501228
-229939545
270891900
-29511984
320395279
-23322366
-527735968
552107640
24308130
119080506
108276939
33208191
61038166
47512556
277451100
111307840
331470448
65395540
-5469376
12101316
616186896
382715599
-126384200
392706831
20476712
-422178016
-547650068
-173607000
491353758
-614711944
-115758102
220172661
514883548
-390874790
187111302
985350960
-180878775
-257265105
18259500
-272199774
149101732
-687022434
683546052
540914841
-140261220
32473740
-775415830
-475421760
-208281904
48555560
146514210
-40130658
170757552
630453600
-16789000
-116129760
669729120
665042430
-29006481
101934175
-90061440
93670266
769983305
282590358
650211888
205280352
-50395323
-73544064
-233217206
-287458722
150767772
-343053960
598382460
-55766760
-720926700
-439220452
-338232135
536802681
-41923710
-469762755
141562740
-47183916
-165045976
126800971
-248916360
777235725
-124710300
-1323351
-186765060
-157379376
2050540
249338712
-770569206
14776674
18997206
-662539318
1022000
-436921776
-27882602
302789389
-387438681
545695480
-82025130
-265881873
456402801
282088960
4931712
-432967588
-36657816
804322904
-147222036
-21633403
660051270
-476558160
476193393
65714376
-223246996
-4188139
450712659
-315020706
124930122
-23105140
-642489692
334924248
-469660336
-61077216
-517340641
-294702894
294534846
-540602835
99949080
23488290
552363060
-202516293
-25400815
528416510
218472495
-283061997
-44543505
369489680
279866794
-344103630
-405535102
265976276
503346260
-5591026
-203329522
-90608980
-701191274
171115824
-131927422
-584327100
-35983816
82651160
307196712
78791090
226957038
-312702128
-88796
-103473594
58617460
220631761
921206655
7407036
-601525536
165753243
45954032
72238362
-275975266
-625798866
-37745348
-227060101
344901640
383957784
-50618295
-1764483
-6091820
431493114
292417752
-41704440
-137768860
-46314666
102669280
-83851552
215898525
166580484
-364450849
83461043
-83953680
-66719884
68464099
16981686
21751015
455411928
191833125
668388510
-318543613
-350008940
290517654
136966518
338771592
-49801854
278378190
-159183848
-223568848
-373024300
-696276480
-7961128
85998965
-916351527
-364138037
578065280
466473776
-743527555
-443127750
-106091412
8359760
-337247640
482339385
-838879650
-479919565
-761739424
97481279
-614716830
-108270552
752613351
122316285
233817948
371937358
-77415858
-644054676
-99051993
-889987019
-129843
-401523815
-7392420
624949200
264079897
-149656622
1483020
163518354
-44066022
-5672996
628651296
-109847529
118268100
-150086764
-76504951
165452100
45215010
-291047106
463369705
-119905368
-20140304
-191288493
512076084
136229190
-127122768
21058920
-554508215
498610680
448928070
-344899533
-16268253
-87500162
-180784968
93270408
-31511859
-534197862
49042806
56541167
88096026
-170808
-9634464
673996082
-773407915
-68437266
514521123
83680338
-419748000
444575868
237668430
168729015
-66645706
335754675
179376284
248486100
-823616559
220315100
25610151
-18652864
125026703
19340504
80420644
-5362530
-309653147
867817328
-740935344
37531655
-313051764
-301613277
-86734364
436026465
304267275
208773320
267710600
-442645434
-485093371
-381058668
25160604
-397645682
145536960
385582336
-542245572
-131612941
-128836527
-233294098
-264298392
-71852004
21517396
655132848
-13620888
-365296800
411944434
403421250
684539271
-366775296
626611755
168774225
-682932141
-526992558
77169249
-700032132
-633690064
393513120
-274679020
-238500684
-463320669
-133852662
246785630
11555962
335488986
521046700
-15178595
-5022082
-545259730
453074837
-443738457
437448646
80652784
-925823990
-553783435
4965636
557732780
-125374981
-82469185
-1273950
169735745
492118144
