1000
-411827929
782725845
282445790
36938720
-406633200
-137901280
19775651
-355715987
90110064
-418174138
446096136
-171357798
-609760386
658460065
-978248474
-379609490
124349792
103874368
-199182600
967732758
240294698
-366310496
944480352
-49754456
-292369208
-28299726
239699790
46176630
-83614139
9354764
265854942
-368714190
305585850
-19052266
51562040
44605174
332407621
87030568
-544699760
299072262
287878574
54005248
5455758
128416756
322630892
255149360
-544663240
54462990
104118
-129747540
-93775656
703101472
-473028096
599745328
348229510
33174750
203164624
584507175
-95293710
-75039965
-453198600
940428831
-395766581
-339097138
156671484
-84773758
-203106420
39431640
56322105
-12691744
-525330565
-45383800
-151564660
-738222492
-360682375
124674719
-71550241
-544782105
123155310
-492494205
4587093
-148547340
-123537147
-50934884
-38429601
191013702
611938368
261886395
-452171442
-270813200
-585085948
-220775544
-157402584
234943290
23586530
-747360420
249450368
10621516
-59242920
-723427968
344513628
522759046
-734785120
15580625
144317166
-182128776
198007060
-255943816
260662830
-189141304
339275475
140268510
12169326
-511032576
-20994666
147733824
-81930514
-472191909
374564689
-348228770
-139129802
857821310
665487564
1032601752
74929239
-225544882
222861600
473797036
433950462
683298828
484678500
-2581800
-366755470
510451808
-244459425
1055425
410505120
-536080464
-5419939
-328700511
569510070
-26723595
40827132
248570245
263249820
-398268220
-283777466
-595167840
11773415
395667440
152367582
284921231
-228896642
-400824900
29272401
383701424
-13732017
220816281
-36486137
28939326
335664439
340709038
103272671
-242131090
-144564462
-124435350
-14200650
228728112
-543839418
-56151024
154115376
22173746
237813720
-97042336
79467804
-58941261
-47160208
498471354
-272669943
-300318850
390059712
60450500
267365256
-896276940
-286808040
-777786090
357260436
-496657665
84019508
-613998110
-460108727
104350900
1645090
-2637594
260535940
-192939838
39093198
-389096040
88144080
209586210
-26554248
-4086628
516683388
44536635
253142516
544917285
58647528
22752760
786992490
-705714285
89767650
124126842
-392642848
-9175185
-268010237
-638299114
-35547064
69381212
116333550
504978654
-21128706
-76650680
15478080
591407512
-262446582
-338701440
166897530
-198416614
-733882698
-416518960
263647413
-263571516
-46286112
-248064307
151887400
-128245516
2338791
-570577250
-444405269
-277031888
-299512785
-131299752
-572756041
-218801105
-194860692
-391716924
54983214
-82506984
-204608925
-295492202
419315139
90921064
-38503881
-22793100
13294248
-94214560
450240789
-322208120
246514112
-33189408
-424404632
-186043039
-59757750
-64710392
329530572
-21108685
853558566
223065297
-618818648
57483476
-12185650
496559934
-140057126
-14320068
4888044
44229994
-573555896
-96327084
-291793040
-92170750
778577098
458034672
-61047675
-215003226
-33570534
61115600
-68638384
-17287305
-155420096
-5867576
-117518208
-416068895
-56660756
-70608486
446961228
926385206
164166660
33414567
282790098
-247267230
-70059288
150935718
12808460
-174269392
-32181422
198241532
-57494605
97142040
-6851670
-244588166
201133545
-942468870
110097984
-22476559
-688246812
143822257
-71564040
-723060284
-403874880
601906734
78965450
-150028302
317913804
-146731053
-318725715
-246418700
361514694
236802
452498250
-44934120
-286576310
678408600
1005643020
-52537870
-7047375
458180118
-16617432
-121556970
-164099974
-50614725
-13511070
432822064
-326898823
271411836
-256178208
-208069516
-24492375
-498568521
66416080
-676533312
-480920836
-791712696
-490722804
343003395
-272584572
-630457605
-129064740
316601111
-22870116
267356508
-832603467
564923150
-738366153
-540348410
7021514
636150234
-460526070
-9889992
877715160
-740417632
295867020
261356550
423401745
-294830200
-199229210
-327644745
-701204530
-358305960
-136625980
318777108
-185587248
-92422596
38959734
642898468
-149518521
-694356570
66572205
30104900
224868192
217277898
-266750502
434658576
-137552800
208090506
120637068
23252976
112735594
-574507686
18862119
302158848
49646100
453461476
589259440
-32289530
-108259412
-397728152
464069858
214908894
-259157700
-536570015
-85074108
-133495134
373746639
55383300
177038411
139776693
32295750
-547806182
823086318
573767244
-402300794
150000673
472491171
-19821445
-115581612
-110229400
710074040
-144421347
153046805
-124202848
203133312
260744448
271921570
-371134296
24119694
-16989786
932654736
-290487340
709917950
205403537
-102789500
-608376090
227300096
303040116
213530850
-1372032
-214243630
-126151382
160874710
-66455424
-200301400
712412648
-186038765
913671088
369937155
-189667994
13132130
-133500130
548598484
616900004
-253429410
-25965950
-291929190
-150348513
-801409896
21232640
279753938
429766974
-502492512
324203821
108171392
-273033385
-436109872
2452032
148537935
-97031829
163931872
161445600
120187845
48903789
65627238
-598909768
-167944041
-209558765
-723690020
-1798380
-292083201
-205587597
521822605
43486136
-202491451
-900673698
76104738
141707101
-98487255
-811976880
-316105072
-666930292
306267364
30088240
-219934288
-210215940
-181064928
-861427679
-107091075
11494998
156170044
-39414078
204888292
57930127
-134040920
-603266244
-371732625
-457801330
299812951
-212077504
-228436740
115217249
-283201870
-171199407
85374912
292328972
-810660960
-12784068
154426930
-453893264
-205595260
574778064
-84989126
-703966289
-20466264
-60412295
490336037
87237990
-24523776
535996384
502715842
105121775
423628674
213369284
-161522020
612541383
402265644
73825654
-356514439
26130114
-7610187
75221388
-529114924
514194300
487637109
-160300141
263332270
146422190
156235666
141702912
-324421240
78800694
152921880
1006153050
36213084
-151498750
-361269558
-236161283
145445328
266557500
242076306
69780698
-390441975
-114604143
416363941
-46006581
-636385401
-650162256
5304060
-194512944
284657734
57952300
-755590984
-49054636
62190192
79479218
335226795
-14587940
-1344992
39423600
266324520
-85794560
-113926190
274593552
368939264
-25474080
99994986
-2292720
-4336128
-14912871
-60844890
302595750
139723528
-206170980
-308434026
195331878
-174086886
-268987460
-71417376
335912368
-283967824
20721080
-559865913
44235934
86792678
-22724779
-529337470
343728000
-2444600
-349787886
254367288
-92070459
211165056
-199904432
149161832
-34699880
-702294864
-498078904
-238758047
-127901979
-469978155
712319448
110148840
-361307268
279141632
-72653904
359895198
266871424
-130216545
75249814
453937176
359528780
-384967944
250841420
-72013293
-631698988
1008439180
18624028
29331528
-691419687
192455432
26825526
-304066380
85789688
367043440
-137981658
365898962
-118165040
151132154
13810188
133286865
554268880
-78013512
695981286
115781765
7223414
-30027522
218016925
801638068
7915013
146610550
226457414
58319996
524154585
-95256172
78046150
-421229304
173740485
-104612502
-814318972
326284948
-178809784
293734168
38519316
-720287824
-176046644
87112480
14135316
-86537499
-107408112
-390311810
-92875380
-568268373
4514490
254886390
124768833
-176589744
417913484
179590515
-162882925
78584460
-4712499
-442843964
225907308
272779156
219538130
-201677822
202195214
229433400
343587916
237063531
16177175
121336600
-155178045
-556700870
673166609
78463749
400550808
-29459394
893394817
-93470982
1862802
832924668
456587972
252825549
192032962
66284680
350685017
-288964232
39754993
216404157
131612040
-263695956
-627450
480231384
-867890832
333285
-292504848
477697755
-434915360
77911450
-125009668
-165444392
-20399250
333506210
-75037844
-28542072
17369695
-345157351
-300569244
663442776
7072408
92001960
-124690308
148134600
-375700950
-326315913
-437918289
-564867235
198471600
129861320
135614204
-263030040
-125133608
-57867300
-462100512
-787313045
-630834138
-113795748
-217175337
355708557
-131870752
-583295950
601425224
240477848
306891072
25298206
7664250
-398610195
-171571817
-13393095
486852435
-47940480
-208514112
26950096
-420812532
398446154
910471629
-199136208
296648790
758604048
334654000
-362800234
-259245000
-70748080
713277188
-76679976
88721298
-54440289
-384255936
35826296
-276011560
-212219280
43593372
39104505
-245291130
612894961
-26319360
-527613306
-202988870
-126569104
-606522312
-229836794
754579392
12158942
-48669017
618534696
36697360
-889182480
-796141632
4289780
109260054
-482759424
184495584
86295024
-171776992
524901204
-128450676
241989521
-110489511
-80054547
-5398761
169955718
-197135753
276920710
256263568
183581289
-2370050
317179280
361171797
293363382
162669293
-4800960
-605413666
-222526154
37665992
-92392292
-353324608
-174090846
419437200
-604979970
19924918
-338722272
393270445
444014592
710964496
-137672829
-115415208
159477435
602602000
892557072
-19541329
-322495626
-328897884
-161076300
88374738
-28079090
-614811491
171198062
164876880
209570075
-6423424
438296635
785751260
-330596240
-168225402
-837630300
174426120
69854785
-324442980
690946176
49529259
454357353
-64720809
-141101352
-775731488
210583032
-107520504
-256998280
-44519299
373772700
-374788726
5836950
-646553118
-419913765
-573441750
-688390
-63145180
15003510
2546100
865677897
-661874573
693781509
-152293536
289070625
-588593040
162279077
84195731
30290282
-232794988
-228774089
-752829801
-15284811
351271272
163032862
-864188220
-729844780
-171437560
579859974
-621315445
-57062488
378551876
-153619631
-339868234
-45465930
421399968
-204924504
-679914846
-71869725
343678928
269255480
-137986020
28018835
-201268596
-161798015
354158805
556515632
756378163
-376446066
127427963
-30282168
-75106141
411421800
-196055990
116817282
-736626660
-98212655
-175907624
-652896178
-158682304
130752895
-316472892
-581994215
-26342537
391606404
136324825
-384719314
36140423
-61059993
-71794800
20930310
402064444
586824676
-455123748
5779498
-722189736
-82499059
310267680
10277808
-168281028
73121049
40177381
-284991520
541160497
-707898708
-40702312
21792584
727039099
39316779
-575410472
-16777411
3889995
203050098
890130076
-49782700
648479821
-71293596
-77071764
-223431828
129913982
-187067580
-16145844
-208250750
-171341074
-109068062
-903736320
647349875
67174880
149190650
-101240832
-131594500
-562679040
-215649344
437744250
