1000
349183194
-28270440
-257636064
-4789645
791786835
-91945455
311091280
-24732246
532032381
33034634
-80414524
-9725820
-694295052
-434792686
-259934670
-41110260
-344607204
329122500
-269477488
-93727551
593471595
63844785
-91155141
403256170
346150848
-23935950
-102650660
-261512805
-224174552
-27109005
-546340896
471360432
44849994
-2512666
85765473
178785364
258940992
137189400
78610038
-403420160
-761984640
-58991946
21538242
-840757815
67425665
-824159238
389886270
3447234
421832220
47501034
-343586403
-561099160
-905028462
552675462
29642470
-126322185
268319136
6651779
-14512560
-104257834
239090710
-434013580
-334530625
-11903842
663423870
-402284838
232372584
682697437
675134767
-87430414
108141824
-28162512
-948140305
58066053
65818284
261240136
-124327632
-43876474
261985191
-627701319
292147582
-149810492
340408
-332881104
-892944808
277859121
-597468740
-28084056
217163160
290209500
-197728894
605455592
186730044
-50804846
234725144
-901163982
-576220914
-179548068
218067540
1977312
-553462799
295268798
252261240
-82797660
47496268
-653067316
197808534
46650168
90433125
20468250
-454076864
109589436
207881432
162601556
707888460
87976896
183138144
766634502
-822765554
49270876
155713956
-53731280
-100576398
13411054
-237663860
100096290
3525900
199820868
711209400
734506803
-207261956
-95577565
-72596682
22340475
-253197245
-564769516
112615570
-21855168
-36740414
112066690
286820529
-344678250
-589428429
-36553200
-328276112
-292995072
-305134515
265842939
-244527881
-39991105
106356432
-335212925
365791125
-227353728
-91855903
-485251950
-189168265
740185800
1024562064
34931295
-491525004
-7228128
-442190250
-23953838
-78572542
141879436
165797704
-101545470
855868
56538990
-129068016
-843433920
35510752
451707520
-210781470
132298153
11191076
-534863550
2512832
-241698600
155904980
-265926432
798405383
76723416
452911676
-184356
-377653248
136698492
-576789620
-102895893
840549561
-61612980
-27354096
62020900
851453314
46710698
1224531
-288707308
3682074
2917824
268353092
25005974
558903226
-454723110
-4473760
278161884
-581017281
108824825
61711228
-901806920
-248578951
-917930459
118544344
-182519295
110734050
81515869
22575168
-545648082
-185774428
-82245612
114139155
44629050
718945100
687026523
-685276920
-35815296
266282385
205526398
-378198201
236662809
-77696145
69334212
815676467
28496328
104685403
-602907956
-70520324
-495562284
-198564080
4859946
-37098384
-370802746
177449880
660900760
61737984
-20686844
704945024
-203879181
-34391760
276598608
-215104851
-3667860
403053308
570924970
101671050
-151142462
-236903496
-108066588
383685870
-96014961
5552246
-261838168
-145163235
24538878
88700832
-955441804
206924080
-441772464
380262952
-32493208
50287860
543884760
-129147074
-47527216
129052750
570511647
21764574
451489653
194619128
702546250
762032880
-153701581
8655500
347159152
-420996690
-1030091785
-323611893
-198029016
-75850782
64727158
551784996
8821332
-275971960
-439633600
588438640
236097186
-409123480
-452714340
0
-778275000
-584418848
-6279560
5662293
-912471050
-168777554
-507235239
769933296
-362059520
124713843
-95114040
-759454685
-270677750
-214783065
-489931168
-121737473
-601634985
-186854382
-160331794
73708804
-346643640
-47970285
-302816752
369237815
197682562
-244692705
-724439574
489658054
-247437820
15844125
-90772950
245614954
-557527320
-331795562
-537814971
-56147364
-10074400
295968928
-89111925
253111836
282054313
-314241966
52538118
-203862200
501154972
-367363340
-20503958
375862010
288538012
-76748552
-185096030
-68726424
-687728392
642590088
552719934
-862460207
-6470400
-75376152
134648440
-298346244
-127717233
-651789180
-632476600
-35406252
-153020715
-34090326
-258255820
616318560
23837400
487083184
189583251
900431560
-668561264
-126761494
610827096
279877110
-139806960
-810656676
71409184
-325288485
16149082
-180003428
-286265156
46376345
-410642804
207703676
-113579739
-471722784
147905729
-9247490
-189867392
-62476598
604610932
14846396
-41520120
787810366
-778095157
-280578375
-292590158
788174660
83646492
134691000
-144349470
-387739660
142027154
134887194
-415906400
-15045323
163989920
-40487472
-2245496
-499089352
-62978037
-24494800
252702594
-121761651
164526170
-48447882
-44536448
-50614131
-14968009
198424800
-433669464
-442073674
-696183000
-123218238
412036359
-141720158
-64501077
-166097152
146575683
-90519858
19868750
-89201295
21379720
-416136825
-17309068
628512584
672040404
-11256720
-464975360
37240048
-341731650
38514784
163630912
631100697
-708150240
-250088592
-456864777
-488488504
-282843834
-51146298
177948450
-759181680
-729538578
436475984
435485232
-379619505
-335089720
452083261
571274154
196420732
622718460
-449480
173822868
-217210202
27571456
822635360
178266896
32154324
-91323540
40958451
607727696
450900606
544719062
728945840
-20820888
-254444502
-2262494
52509240
29710160
-196763222
-47091627
-714072630
-611268416
661327115
687902208
1560335
600262245
606425988
-588544120
315742672
779247534
-520836084
361684025
23973335
-550512381
-369448122
-216855080
107420400
-121949991
355268341
-362169840
444843940
614677740
156166584
-116424174
56688116
-439685560
14233300
-86340352
176670120
181010849
-18761770
-38959204
56706048
310110122
101240436
-39854120
-87754848
-85086852
32565192
-191086500
-275601930
149981072
-224666973
105688952
463755303
-354781960
1435280
-248190168
459473506
11509690
-41737440
-288170740
-342783144
-22239633
-312678720
63063400
279951736
565981272
-870523638
148387789
287647404
-14805417
-145546814
401870778
774008459
-99520421
29083992
583490960
15674989
13056525
328442892
-675225168
-420913185
-492322381
-170835306
-116478158
-427784161
-55902285
8645605
132146490
-437879455
-216059232
144939100
16948125
-509931331
-824614376
-47247780
-219411792
194535794
24994330
-465696360
-20174342
-102498396
-466215419
-139438519
33318560
272611874
-147210540
195754990
888140539
-85254126
-57415664
-2872473
-168800892
10070483
-583526392
-412668022
315137785
-684945800
-156616443
379075446
12410762
-546297822
-250858170
109295592
-70477680
-441557376
463589624
-159256680
-43311681
-58523112
-255684771
191999717
195615084
-28748424
487465320
724079028
88130619
209594376
130428144
-44659170
9005635
293266386
655925856
-476485587
79065896
-277727407
436462866
-126632682
65178190
121655061
-403889005
752458252
235532600
143063280
611417250
-185632304
339369424
83099226
32163580
512631360
-407946056
-131239600
-542951431
535876094
78044754
194363700
327614976
-207305379
-3581611
476071277
-125571589
-760361585
-219454416
808008630
-225984434
1009425860
445621792
-128902290
-253036256
198809746
558619876
311389071
-115789518
-320333776
88502568
82686912
-833010948
-128909480
37085408
112350420
-39846368
22240556
-300421598
-181834454
-73655955
-368769800
42659960
231456448
-99969522
-957358228
28190148
-62723232
-262372662
-406289994
44055450
-16155226
30282822
-331054185
100499308
191429184
-7226751
-165169764
178763844
-836318
-286367720
318268720
-181079295
276796260
-875741412
109464258
-379122458
-129059892
-877626464
-610271099
-328144591
-252382015
421128994
76955930
-548390000
526991388
-58722612
35128480
194570414
-765276265
385813840
635949410
52046850
-335673330
753877760
-144186621
-154597056
101476800
4465050
14069318
-242463459
234908814
188494200
-756253086
204679466
10181208
-3177200
52007092
-178335012
207675100
1644030
327508825
445863736
-321126568
15730284
63531405
341504360
-232126832
379507045
2362514
16650101
240029140
517742760
21401310
602899713
-10546752
480386136
-77245002
974619797
-66989244
-5909898
90449570
-231613150
82579722
271788738
-548973864
-11053498
89587800
14021350
-570866447
-257855598
-46684732
-32570810
-492455133
109579520
11704680
113148729
-39356374
165102590
76248487
-102412557
454867650
-381691191
-540690
285364026
9591294
358187232
-290341260
285938640
5925582
746662944
118728415
561999555
313842936
-180953605
-64817640
804873641
722005965
489812670
-70963760
37077369
-11407816
792902704
229899936
16930048
817609221
15995980
5488986
263850273
-162536624
61039465
259980365
118593098
-290070586
-241730208
685812822
-528431184
222448589
-785321240
477053919
-516559886
21016800
-650901750
-2106608
-175367080
169325704
-13483806
-245818210
814741371
-65142835
-373487296
14665608
444524496
583090200
-112903902
157348464
-173556692
-838828441
-141860745
-910297143
362538784
75946274
176840190
-313868728
-351505150
-163418240
-185242590
-475638045
-131332684
-310314554
-71911857
157507749
-114168780
-335078352
235440480
30728016
55486056
100589580
146579700
-270458775
-804487057
-196392867
539675479
-65369770
-84579144
933641750
-550100950
268185852
630438133
-391114368
194173716
169440920
56348646
-290585544
-272219328
-764811240
45803136
-291698814
692755140
-50376681
-303876744
4351690
-1509928
-243953080
38409024
263084401
-130017888
177474353
-580514088
-154275556
-156922860
-138092166
-86370960
-293077680
842531850
364310484
-223524449
621549090
760674032
-333380480
-451759124
440614464
8288616
-624260196
322351288
1010006040
-10401314
20206438
-165383616
170366193
-671853315
-1806007
-107939625
383878572
-153887825
226906932
965811966
311060993
-40135700
69434792
149872485
8654772
97552429
-135893100
-1365260
-424449900
863167410
-786674560
-344947292
-109080948
102954720
-647706576
234480988
-295056700
264789525
36389460
220820674
-210664149
-187668650
466170991
94794040
138042410
-281421441
-115118476
-390021334
-70769088
23044460
-384771132
-207378711
155829684
59347296
302995567
-199996100
77106863
443823776
-630941400
-131839400
-386481760
273709880
47103369
-165782694
89633298
58171855
530721
-307285353
-126904494
-234516616
238134186
-16742560
-5525696
-82695879
205395750
-724460
758032088
-23846680
-598456557
-300590060
-198857460
-380415750
849781920
124033728
119802529
-232262613
8003853
-708905190
156052617
-63225222
6679821
992548039
14172252
-236640978
-841458433
-60281193
-383297727
373570230
29767764
-160897152
-201471962
-693081934
16993200
-333967725
-646047000
206264960
-218171723
-62587680
-320033700
278816320
-59915856
-190556212
-737732821
158739412
279476120
-35424000
