1000
140340596
336441006
-282244248
-746945518
240226470
285461722
-34656750
-643572447
-552211894
294463719
686053125
-790103515
-437028930
51162720
54409464
-252687040
-835397306
192886390
-2594592
-8479884
105395584
42685794
95458076
715786695
623625352
-129366825
-177758880
-183791712
-297258520
-59424684
-345140949
-371946753
-308673486
369320445
319345950
90660640
-379943872
108925740
-280168840
435470176
-93034868
270353125
-41785028
-662893264
-86356515
-76090219
-720214560
-220990900
-846894420
-794703984
35791137
233771650
36772944
91380450
10601206
-82765707
-6005248
144859995
-62440312
-397663230
378822475
239809893
-155529725
424339190
-156137788
550522280
-88027005
-103788848
150465876
229151351
41810942
-82490324
11423652
-105216786
-101210850
-146016936
358717131
-679002700
-313672229
-486391013
48242322
95730764
142297755
-242072410
-771176646
-73746365
-15047438
-201558353
1708793
-285222880
-40904060
5631938
-437055211
-444216808
-4735964
414670905
611646604
158851264
6962235
-20545832
130856880
-203121216
-364413861
7830570
380231148
-115096918
433195776
37536084
398928747
336979356
-216088242
-501437784
-459320625
3008286
222339580
84680526
-357186748
-435196515
-229288334
742777980
-7920976
249280824
-156198012
-474201572
-37763470
-69119155
-678927672
77296905
-101672532
-17831880
49940550
83981800
528826892
-734668160
-323419183
557437428
577087940
-112764457
473019585
505303410
118023129
151681635
-931031622
-66898677
519523162
676827087
-346325392
93262309
427004664
37471405
-138742032
448231176
308927152
-171405451
-96686706
-676673380
11333673
460835175
-445147262
603073471
-765155748
-16588600
750137922
-160479040
265902034
-77702690
-94832264
300794269
-453135073
-470541643
-54503735
-88419782
175302039
75149040
100553739
-365392027
-629444696
-441125763
-368856408
-181148304
2292692
-173572540
-458589582
-485880711
-179083404
-38132145
308628528
123755410
-491579088
225274032
336371956
-163752400
383169675
-91340640
23933340
111137356
-75481175
-113164928
315425395
98118552
-94716531
74069512
171136475
-25602187
286998965
-36808490
882000735
-20686533
215573073
-8624784
126979204
539685960
577933530
-703609821
31618112
-46478410
219278620
-282779396
264901080
94285740
-15567520
35828000
164505600
-393751806
860343624
306086200
236220946
52977832
-367188948
246112357
-344028982
375302466
-343505792
232208576
175232416
80926304
-53877952
-958788540
-39759525
-59862638
172517491
-115951999
7114987
41688774
167281848
-397531752
80523082
476465379
38856510
-331815417
17616225
358602070
826023898
240781047
-122981204
-299700916
99193440
-242524030
-4711640
-559203430
-6928357
-96489420
-281717304
-398971696
131581465
384887685
-16308930
-59359932
558348426
382313208
164435046
-308016956
588054495
-635647740
10803477
-338749544
509261
-90941904
-115862124
297457551
55517242
-147011188
282163615
94766241
-266845579
-287057196
105547680
-60196056
-210785931
-474044576
-583639200
-39057047
323058568
50362640
-400393896
189419324
64195740
-898228800
-479342412
-338057600
-314264125
-156552872
-346103065
21039321
154071335
-215093448
63881720
-17969952
166855800
65305216
441416754
-68664200
-319549470
236104401
86594970
-96688320
-155815716
179063552
-640938609
693836109
257088893
-249845366
15509340
454161834
13592657
-713260268
-41571459
-4294500
27212760
13283706
24285282
126701058
-341179240
674878514
126880962
-74746854
-452188896
657407079
701015875
89475991
-5437617
-335778399
-18535244
-870603870
-131142292
39757430
-268956017
-710182420
240149340
-173458194
-39128390
146023605
283099929
612488352
-20939725
205634800
174540700
-60541552
-511792686
-19521936
74201450
100748340
-386702091
-709424993
-51499305
138506750
25964772
167138985
166979054
-487105502
-94602060
100575664
-134615685
-23067968
580462504
-202113621
-293548437
236736500
-372641796
-7347208
-56697177
-572485711
140439475
22058600
-542482460
16685130
-40600950
190048476
102779634
246397032
-580897790
146720035
-117292056
-884460031
-18468672
535974336
-96644205
14035500
-116719616
1007088331
-789170585
-353539704
42172495
324833418
10379164
-28115100
336382524
-109267860
-989822560
-674567520
114036439
-720185184
-68942756
100252740
41333120
97577364
-45535509
620208655
-194297386
-436919868
-155809500
-187017636
153090560
573123897
190672173
596996928
95667000
-405800148
300100986
-165847575
-570178842
-67784673
-638854860
-171857850
-375384786
250834764
21100638
430038912
-328826565
-246509540
900286808
161370500
-385577904
-397795398
81470409
-8108611
460620546
376666596
-90164608
-515366241
566237700
-659454432
94214616
-184090770
-239982357
-66010490
-137398065
-102792432
393778025
624337840
234137484
89103924
-365185193
-135546648
231364584
-163877964
476251440
-116270850
349779949
-278019768
-209363504
-156418773
-204285492
496299980
-574926454
-469860470
-10437616
195866454
53518080
83095110
32979360
315791150
-139485440
-318415230
42815424
-209679960
39697284
-121264660
-241942470
-657823647
-7987440
-408745315
438090200
580682908
169878084
48569484
-277328961
-74414080
89303813
-20440392
-237109047
583941294
-114000130
-42615268
333713952
119534814
-1132110
688114973
249632960
364809855
-515034961
24813680
34581540
123861652
-116818130
-165495732
-814297368
618266010
-293953497
359856144
329359800
6885868
-1851467
-822889422
-131606516
515453250
383784885
781418420
-136090752
301856835
-289022364
-106382034
222414168
294450507
-236499371
759123100
31412544
-85299513
555310490
357779957
366867594
371826345
-374656340
-499622130
103267188
318034765
-684292266
-764372072
-805675815
-398937825
18033736
273549828
-340551145
-814725828
-55296869
204617088
-515647280
217186541
-82426518
49031367
368452756
531457255
-95228700
-428984751
-54112980
45515847
69468011
-37471425
-10851840
-19359528
-129726132
647317650
27852217
-362697237
14974429
21348963
-185905824
-22379308
27908815
-61333824
91432614
-155315988
199538140
166971213
-622210524
-435314206
291795686
-150205778
-77661479
-95557546
758347488
635482383
-64876071
305439750
3210515
-768864332
28711679
-31342150
424144189
56243052
298527650
-390729564
-319151547
-777615598
438124680
401861158
-628956336
-350400417
-412668936
-501958696
471159150
-488737640
827548282
-80852075
-412282728
800367900
203348430
-98883750
125429971
-495112960
-480874528
-142389016
-57335487
-535089045
-65203792
-702015452
-676323934
126930362
44420544
628598880
-259992694
168938880
580619710
17666859
-13700428
-76591760
-211985383
271681179
56694338
-35403060
359646280
-176954155
-16494929
771070475
-96068896
-111836856
-415136656
-402750933
-39746343
48802182
-40335462
71277500
199636593
-135469460
461817436
234069444
177833695
249074852
-155428632
41403775
9773475
42676550
461093185
-387148097
-87933978
-3181680
250923920
-508797952
-550081266
185208200
-32848200
61302498
-325110084
-60866576
-18815615
556941525
24445938
70447416
-39800232
81369621
-13314345
64689648
71940987
279291062
-493602368
-2366820
-251334162
-289814832
24508214
209382140
233344076
42325301
-568718148
390827580
-180190080
-275675324
45826026
-103595388
919666377
267445871
-179135648
109093824
-431264076
27067856
99223431
-275553735
-339132541
360687704
428873620
-83932975
-285007664
-125064236
241127180
231031787
-402706500
-910250728
-36251293
-509265126
-16107812
54488198
35634858
-231272370
327772368
-11472405
-121770586
-14480275
-412722657
383950140
341155034
-427346004
-174565041
-72257946
403316549
-393759923
337121213
-322726310
-42929930
531590592
-608124462
-594315744
328638816
-31302191
191663368
7301700
-591949274
-311968475
90647352
-402619488
100199385
-328697112
980053543
-282582850
-331801600
91743086
-189419360
-60174176
5071600
161116700
128792496
211529610
-20984187
384870068
-526797072
-103341419
202617180
246618687
142173172
-196344456
959278880
-159108840
-108642716
-883070592
162028380
-85590456
-64739094
436057668
-303161824
386976359
8052352
-5687185
45783612
15361965
321308330
195943968
750422980
-903996536
17838749
-169744080
96088356
-97678758
544895544
-275164420
-23952293
-690964919
-633890645
13779636
381001146
244658152
874377250
37134370
74557224
-184578044
52391808
-161540171
169941850
369317198
-420171752
431642152
48413925
108215207
-60120160
-45430012
-6672048
370278975
216685728
525787560
61973340
581435398
-22800434
29416632
-349894400
-221833512
87665
913717397
-86559650
-5116034
154366932
-243384830
-137334912
731432478
442676241
-785424084
-27626365
-2393820
-209829600
601660710
-6322470
-418914545
24667545
6174480
274500224
58923371
-1456000
487778017
-68121690
211952915
-926903250
-491245248
-109547935
73004236
293175531
-90612014
-19295500
-212376129
69651585
-671974317
-710990203
225318726
807798662
39179996
-594961401
-161261133
-117040950
106326162
446080992
-5950728
92398995
-722449860
30915640
80035830
98931
-24845942
234831067
-456096806
-202326531
112116964
395387860
-544269670
-468481860
32011353
-427456206
16991507
196335945
-34365160
-487783797
340680176
200788780
-570534948
-24247127
-734605092
-300152204
-13129233
-29391090
711798247
-267877250
287922996
809405480
-317694800
-460001300
-8442104
307966221
198558528
-33997870
-275422000
-105240826
34756605
30446682
398254785
-181770501
-108875921
409490040
-191386314
-115784960
-446101096
-293541315
66740538
187750805
-442091372
-227245062
-236344658
-4100043
-368011457
-193122322
15233715
85980608
235383725
542367429
224577188
121614080
-51893923
-201933571
635847840
-38970404
-492773856
-137350232
165820689
103043996
736832545
138683100
57483948
-139793005
55837012
-36928075
-318043273
389530928
657680106
16062140
-49094328
-131008262
-64872981
-107004034
-266098550
431691822
-255482568
411525317
-1295892
80570943
108799460
-282512521
306977208
684604008
25736172
305990175
-95965688
564993726
75456480
114464880
70132924
67789120
-282169782
-310351230
133509120
-176392224
103818300
373100868
506865128
154716150
-401092736
773704244
65211116
487572606
-188286089
171242176
-2241648
350288803
2036758
-485683896
533134835
183942640
45029180
804517740
179255331
55183785
-16766478
771702652
132969486
549297500
-656130844
172428924
-263175146
