1000
756633520
35802466
-140132524
570658646
248173470
96962299
88592680
-74324190
35955210
141171216
201363003
-113815680
-823906785
473844224
-723545693
285808640
-5101435
124620
78445747
87533155
81637980
41909994
308683881
-47879208
406286451
72589104
-21772569
2760961
291480855
269831616
-542537091
-797450488
19082134
-807414795
2239776
268577650
170615178
117694980
339037282
23245905
-449050250
-742115088
143590014
531570144
179765408
227978316
-83447354
-129594420
-50680496
-164280825
-295729532
-216731639
140552289
-259510688
-421016154
-460720854
621742624
347939712
222621465
-1240775
-152216496
-842989500
352584990
236124616
-663326352
440954910
351464881
221391688
476182476
-499547895
-123957089
504039074
537548034
-37755352
-237736840
-16381922
-177336269
598919013
494643424
548814816
-114922304
-636577032
-187429624
106026840
387228010
-515025918
17818836
2891967
-19841085
-50218425
-183188390
204489712
-89198116
-9142018
-375381468
-15460902
-87579538
40920632
-76115926
144121864
-95761224
289930691
346487832
95258128
-179403714
-259184124
-732940650
276507660
-307107281
-70648830
31320810
32885817
448341744
-13661280
488171846
-30961299
-398560310
-6997642
294938976
-377799968
631285382
216406997
347345204
-116055977
135499602
-152621460
-371023968
69239800
-240935764
50635300
355941378
-171655605
382348593
-456341196
186806980
150675472
282189528
147368970
435028748
-430258158
-149265765
485761978
-431044350
66764489
14591350
-22551452
496407208
326350440
34878892
196231506
-22669069
53225568
122253465
400346848
-13998168
350618190
281113486
-211484196
-59474880
83352360
53475072
-471564482
131567565
-212462024
-213758085
-54628786
189434496
-365944544
-105317836
-569876087
64902044
562941162
167788080
30771000
-613872162
244288928
44916177
551628786
145448055
127958960
-44777733
-118153152
-9868515
610159788
-529221168
-555657912
284357088
-392565360
-395572154
912385298
72400320
-74206246
81571061
320873589
-347547153
34891533
198936500
-890209528
243711328
-318025968
33480860
-3436400
511435575
-430794440
-13891608
246300978
-291154416
-4486872
-10682000
622594439
71920200
-667983834
-725004896
-43015941
-168365916
-201559644
351428940
170218184
-20786970
-439244208
-115535420
188899920
-217965946
395367036
881215569
156144159
-539750610
486122544
622412952
193171174
258672280
-286817472
770122440
-345604050
-35066658
302427616
26943030
-364057996
-649359200
-509718720
-233627422
13892760
46586736
-43264268
-132539250
298907425
47567243
-38158865
-394349574
-377381664
424642284
90368800
-425955264
248413967
371981001
-84975975
-233962785
-854768
-309270528
-578945200
132699322
217258777
2831366
-33969738
232055967
35769752
-163121721
54387348
-24457125
384107078
-469674360
147081088
-145609476
-205101324
-12090364
10110208
-23767054
117670464
253427421
444454630
-470525880
409443280
954685035
-532256778
166865550
4617383
-14596369
299360661
-570269475
250211880
-24121504
-101573056
31339194
-179686998
-55614140
-100014352
-602871820
-248174628
67717518
-140976000
-39188412
2192570
-66027562
12658224
118608000
50238045
-59587704
389756918
-253495612
-29806830
-419619564
34092175
-266791662
131517032
858818835
-617572950
-586409948
-41316816
-469903335
-465790310
-196809000
-104762889
-12947797
88468479
-167563230
-293234820
-564434440
397337248
-116009968
-120313803
129568476
-365065920
-242828412
254739156
5613530
-317056754
283157460
520782206
-7040848
213231396
335275105
204470580
644813982
-126634896
-825376585
239847726
-421718752
321521664
68431387
42541704
18463140
207674763
80095857
153907136
403071592
-199574505
203067792
843407972
194349656
-285136502
467189240
386091746
60100950
52534392
-49768680
51221427
6625787
-288153096
375292708
-35457504
-385025349
-88675584
-383936765
10254720
-114154268
-100310744
309037344
8781856
-336957216
353933550
-56198772
-591426429
219378084
4955640
29452508
454781817
122311030
-163856266
-121894758
-145702179
517774710
57499200
-426129704
-206333325
104957298
527018872
11682366
-668807680
-250027424
-463178920
-3061520
546127830
-763886534
-1002140137
-99033935
121448788
525515458
242209912
-209668864
49896702
-298815264
-121036636
-62898111
-2666313
275294064
-366997585
-46965392
308932096
-745829511
628589625
-395018232
338247030
-125746272
7134054
-66762182
-186431859
485528546
-504608076
-53219390
965631180
409028832
-561839400
-13175826
-591008460
155801776
-756823950
-768462505
-452243124
-376547514
-511605150
18536000
-137309224
-32856342
-369428544
-144389328
63926578
848503721
117378202
531333634
60263385
829610381
-180292860
-103297200
1892037
266406375
-658953192
-86529072
-562458768
-328958016
-365200920
716474511
98289750
49480275
48809572
190083477
534816893
47167944
-85294863
-175905411
-102891217
-96942456
255701565
-536774656
-501084958
-152421828
43756128
99991290
-276898850
-518172576
-109142748
93565724
360717280
28321920
558552657
-17081064
160530620
724154982
851547548
-64708956
84915129
648189702
-763671340
428149003
83458870
-386232325
-72970240
-35080830
181605312
-79436602
-27819792
-149890048
515990930
-83417900
-450950976
91287556
-83389455
256492530
16547020
11398912
56911314
-248775344
-147516079
527231085
-390446535
-70176240
-41642006
349881520
-3514288
83815692
-490826868
-191472900
-11958984
-464423544
954060444
-341094457
-357699059
-161059346
783514620
-181235728
93144664
189376148
-28011060
70107856
-62039004
-65753242
1040893155
-205614143
-797827680
137750360
260323596
-510280048
402881080
385767236
10956003
-649456137
-58286880
-1044886648
492525102
-105752370
221610905
346215400
-573292302
-154826250
-191542806
14016402
533991515
74689384
481007240
-6072990
-622939
-161992768
-697850150
33062432
-420942562
-47782658
224862310
-115426080
-204227595
689972121
-201928848
-504095472
8947420
-473782024
68924361
-88335000
1060386
-401220638
-160707078
5979666
-282374954
362757716
549444525
615192475
-488920344
-544732188
448740054
4867610
492477840
59894213
-2745880
-465418392
279171303
-679395388
240817794
-19922912
-146547632
373296576
62932230
-266621766
21624128
-56409605
163399104
-77525800
82906098
-225326682
-295335850
178085466
513460116
107014624
113458674
354504397
-295831482
-416031600
235165248
-494594100
-238023423
-428101479
-803576343
-14466800
422991770
-365934688
-85322160
-573262294
-670206278
-44828334
-34531143
-72540416
231748468
50490104
19097127
320494555
-432369611
220519650
-140076053
-107459346
238594796
476814513
303262028
577889004
427534640
-492181257
-293654820
94808120
102019422
-441899238
338514742
-345154550
639378180
-34489125
-854956116
-466383696
269662095
262987998
-306065148
-130054496
-555416760
-37377172
8457050
150693449
523437026
228608380
-183442644
17054510
-188968640
-41480673
133453015
1033950098
772759676
-692048286
390286524
-365938125
-105535696
-16273248
-388443366
-762161882
-402454576
-222609870
-123822135
321662781
976762260
-598065048
-173225360
67677484
53227071
593825845
37193188
440744980
138968217
156147264
-133456898
88125200
186708524
606065940
207220905
-65070712
286884495
85175118
-83792800
338209774
132214680
-329688451
25317820
-39973188
-256349100
418516758
-44641990
-910866793
-61959358
464550414
-323417266
-75331854
377417810
-69861530
34235552
-23223760
-108270430
-418609008
-13324395
-7497231
-376695137
828952124
-11363416
393705444
-336824069
-378400618
165481285
516505570
-140317110
-142706032
-19851211
-15821756
702907855
80590972
531619050
-589204455
-249885298
-381818514
62267673
363795625
109778712
604151296
282172372
11018492
269735026
129234960
-24716800
-233300880
-181521054
-117769132
-19165300
77181071
38504547
-284624724
867317037
-115141816
-201437685
86884578
333925896
607664792
379198921
397074420
65216840
-516472383
-35520421
126270207
-363006
-362404968
-179022959
-401721705
484997448
-290606400
129686760
-700470169
-92989274
3793112
42656003
-174764597
-88597600
165668914
-130916989
169876432
-17163250
-14104377
326714472
-16917180
231648998
-854536838
313818472
-2565045
275264742
-3256544
207356385
235310832
-438895303
-404165982
-52240248
-387759099
55551958
-316732812
-368216100
54082160
136056120
358761571
-390980730
-28818576
-71329536
-72490460
245349800
-5298996
-105183696
109694586
-148863786
-137889297
173134724
580864554
-296738358
-402748995
-473521006
372721440
-137824124
299035643
-347824368
-127042230
171996711
505814634
-466273080
-367900653
-112551934
-655307370
78762516
-237940539
-285580340
-263091618
775671552
-376837978
-203843986
-307607944
163524222
-7920388
115307376
213281326
230857564
-191264868
392316141
23143104
-53256104
513882864
604937840
-187754895
551835440
562372335
-481423952
207648784
108342100
-51273124
438976
-113554385
-293841688
-370199810
6944310
-179131461
253781320
76388724
-315861120
13238560
-376703040
-747310684
-100098264
-8804376
109505062
-330117865
729952041
-162441709
531617664
537761568
474731984
-107733894
720828338
-425951600
-297644035
-143287765
-31087000
651029574
243348472
521866120
758788045
-752502889
-179860322
-466435683
489066668
470284650
792815007
66161395
-178742400
-326747034
222033680
89829189
-456522850
89245665
61981830
-19108752
32952777
-496873692
27394929
198257409
137081952
-25868552
-44662518
230907402
303642126
-629032800
-964410
-85988520
-704438416
-332460125
-165353130
-315226845
418658922
-613797750
-10195080
457095956
12025044
-276576680
-606988860
96282425
135183466
624774735
-73633056
24335408
285640446
207835650
10873740
-770854810
564582200
-45833183
-582845510
-38033280
-147013132
698505050
-392138354
944178579
517635144
-64239600
9610422
70295679
34850472
-83585735
444496094
398668680
-66641550
-326600910
193172056
-181606425
16162256
147385715
276164558
711082206
-177077355
-31442697
295793668
593829272
83441700
740547080
99038396
92096004
-463490631
275766749
-429690702
51845688
462731140
38425425
357073964
-638236355
-155849676
45447138
-80465598
-336336867
-258208470
29278129
-494886216
-507451924
155119025
587980357
-184896546
-117304000
16727040
-10971333
476367862
-157325282
-451816566
-450430110
15174166
-188642790
287084595
-3077152
653107276
645916600
3649471
208332436
344091850
