1000
-411439215
840321576
-204541232
-419346312
503523738
-170591304
-312759580
27120180
610374555
708913828
-290375904
227747520
578916199
447149144
163604610
-695893150
541586875
-176918772
173389200
-21155306
864353700
-277800279
-53304648
-46999414
-314151120
7552240
382735194
542336760
-330632509
98916204
465281656
-456117948
-94795008
54804942
-45767736
85766770
135049534
46833816
-417977750
-120589920
-68273678
-800177500
214602356
430215040
-35070867
-353018815
-37447680
-20890090
-286849150
57318138
587572861
-175916818
-755065353
782069454
223382880
-39038470
-51614870
-81448615
278161636
-796109760
170269606
47308046
650241280
8719130
742520456
220512234
-56466040
121636466
319098120
24299040
3753360
705694990
-265994608
-61400928
-143868266
-189783648
88686554
66852184
248773632
170569955
-425616096
-114007859
-17681880
127182573
259872350
-162596340
82639333
129680175
184213770
-40704600
-16610203
-410266395
-14995106
-473120452
-519406888
-742327911
-149687974
962053256
149118320
-370552896
354698612
-377883856
-162883732
56692340
-102109455
-2923037
-69238309
-102795418
-761379696
-441267516
-166143636
180647461
430517727
-388369308
-412268790
248467180
-59051772
-105704261
741643504
-229753860
115799908
367415782
-190284012
426524190
94069013
80553300
128933036
44411960
185231714
-511509930
-185666058
-79579184
-867992532
-276996621
387283210
-139088115
432046737
68314212
-883365672
-39515168
250470234
104530860
131021841
-353610755
45796493
-17065845
81315623
-86532954
-3050854
-6829433
381545906
171286440
437974720
-501282990
-162670720
-174615728
-539613360
-498712872
64846280
82376825
67510276
-27234108
-293973516
47208915
142010400
-281586200
-12432528
-534628710
12353220
196282340
476597940
-136334380
16428374
-229032725
-180586878
97322430
33346657
47064294
-177831087
-60289123
-211622892
244310836
169254220
461456700
316517166
-542841246
-98929424
92152403
-1473353
-718871496
-137819605
-85602201
-1926032
-88905512
286008031
262221960
-89466116
61738200
307929164
-125650221
99525696
218078184
160503350
-82059264
136002790
-148706684
-743175
-182045370
-603894424
96183991
14970852
-18769625
89223717
4689366
192557616
-166593938
-62674560
19334959
-83999678
-80500226
543641661
-493920147
-120330405
-335130588
70571808
225756153
55088544
22298040
-137364395
-532385044
-51211552
-39781413
22320921
-694265355
950364090
-136338207
-30280872
637495461
-53876400
326043307
397692534
216508068
-3265128
-156454977
739150056
239685760
-542600116
-19012191
36151284
-870131073
468357060
458057280
392726032
88447527
-152124648
-516754521
882256320
250026714
7767716
572151788
331427712
-411945600
-162444626
-212942643
464362950
71884876
64204800
-251228416
-58114560
-35843538
-208452528
-603371488
-151282320
-55450772
-597688113
356264297
-61690090
73606700
231450587
83465655
-810255732
92146120
633775494
-6144168
-49061436
-258803636
-180962784
114321666
16060096
766007232
25479440
175060300
-349223928
812779095
-186833902
-203274000
648825294
14257553
633319784
-142882955
339080300
594807530
-646839200
171887430
38097407
44925212
159163200
34641920
-104477558
349682105
-30048348
208924410
-400806610
-221128299
-100041546
15637285
145272020
-648369807
-514737266
-485950300
209796886
3881067
202185288
-165208912
-271833178
442306059
-185961158
-529053328
-66879079
-111800048
-462996808
-305624988
6407802
485580024
-40711428
-274042448
-182156004
235473625
-877692840
102245922
246715392
-176465318
31351320
-18846084
700159376
-60143552
683700
-285553024
198449926
-32533952
82512
-465005717
47962371
-140498386
-855105675
-527086904
233734200
589274268
-34947985
29977584
-26523264
219849580
-119581264
-113350923
-218581250
3716540
322435092
436599260
840744150
91150818
10977381
199509243
314860972
789626110
-158472974
-145116400
-236416551
-38623184
-370610172
-754651818
50530026
-110523210
834677360
152751014
-441317853
-211586592
-72258874
189109375
-931461580
101543618
224779326
-498614626
34755630
-176272243
135715697
75232026
-599933440
-619314678
144052725
78647756
-303424480
-555852080
-975100620
67883874
-239651765
-665573964
332051079
-127857830
-328810112
129847265
95857382
492734797
288724215
567896892
-256000511
68157540
271263554
-280354194
-157801650
251499478
-351400885
-241886829
5943483
89999564
-650788985
-32967774
215344188
502364142
22687524
209228244
-800010208
-179533440
-45947031
149130238
-65192337
486789196
-661934400
-237859680
689950160
-113461790
234499276
-28681758
345573756
-17976160
57463770
226971640
356754096
376099438
68882530
127892264
-58444212
446937270
311968780
407441928
-194111531
136323072
-305167335
511828326
312670848
-651947530
481478620
202929468
15383512
-602109825
-66160600
-196117480
305457240
-252153000
285961625
57827614
238469484
3807600
-586654740
24286614
-9008684
-553712640
-27022849
-71929450
-198421425
153439434
-246321565
-13529778
-539135325
369011048
132157008
398684925
534517759
-9565864
360289940
-170126632
-91028952
-228618712
-919211810
240291842
179351640
-139148856
129878034
-414721692
-806124177
-243184144
364829976
268829032
820701820
-278507775
-170344726
-265756644
73712975
443068494
141118920
680313249
245304254
588954744
344638478
-3698792
281560347
436378101
-172895250
393378604
-444822270
-175094108
-67205736
-169163177
-20052448
277108125
211363860
45135090
-74897981
-207467544
420920668
115524114
99201875
-168204868
-285461280
300917294
358572313
426389480
3925333
-74170512
-558174600
159721380
-55215957
1602328
271719205
69500592
165335176
8083924
142540188
-111770669
-13437432
381933573
-795906216
297071879
-321543276
-763541477
101483712
415287000
22481172
-183769992
-548535202
-785466070
237425892
2766087
-393003000
172854210
-162125128
9836134
-392572902
-374688468
-140916100
398284692
73599174
251656218
-277865841
-111294912
130352160
22908186
-22541854
-201682400
187505158
-269966572
-239609594
-3320019
253359240
148497622
6473770
488932033
141194075
-217266752
1553065
353475432
468826414
-367380680
431964416
401995464
-195398280
599936363
-21593494
28872480
-544962768
-8054664
-204706896
-139836375
464530092
-7209360
-427672476
-347118325
38649720
191092304
-477322717
1275750
153084672
419069556
142067226
594545874
465688176
-134810352
260699340
313749
117362126
828083200
97332120
106885983
-15514142
279309576
70909328
-499515910
461083260
-73845464
397539109
114954116
319516373
-495709152
51680475
-64772022
-504475996
-510328066
-480776258
-383350671
275978970
119102440
-247611364
544986096
140859000
73178552
-6175936
767459050
216939303
-373712965
28730482
779968630
-515916165
-627177408
148331955
136544590
-14104817
375627749
14621820
-80554724
328260128
-338412704
188352
-875005626
-189371668
-270244758
170081324
-243576060
518683440
-61134700
501205800
-196929562
847146120
-576043050
358440776
-21344634
-90377380
-372396416
-8769123
-100559895
2770986
-74252997
-104496200
195777656
-241446615
-139491960
-563660460
-173762820
-720402606
-196117764
-160859372
-817645418
81799986
135944172
117578120
-706226895
-429153242
239530646
461520000
606065992
-368529975
-34403034
-112593996
15788941
-124894900
-1042158546
-351577984
243469824
-14490000
-394599540
10017250
-380862954
54377820
-72810414
11560452
-46668288
235728185
28606176
745131
249030936
822489228
92140440
-158123196
-91605888
-58161562
-48407142
-36035704
-227706762
867681402
53004720
-484141300
9592269
366557675
-30792959
407974805
600649809
-315339500
415586257
307027327
55202430
5150748
592677528
248249664
174576722
-16857180
-29594054
258372570
-423535223
97313601
-150274564
625160415
10481212
64010717
-33848178
548864790
96832834
237076560
-9598905
-10046112
-512813763
-104220676
-311674167
99769320
37266264
418976240
-159781800
86921301
-273929246
500351280
201202400
-614969376
-406373117
-74138588
-319544016
-427858512
203947670
-273519828
-157893620
-25234335
149965092
51413868
283066558
-572530200
120256320
-734422065
270935040
-25737566
168107940
159620600
360423090
-40745362
96599814
-95815560
-38206736
502080240
472974943
-431092028
-14441784
148322720
-5544960
-358008882
-199372950
4814682
443884467
837137708
16442082
27759056
8991864
508952640
-565145110
-477547140
207149537
112630448
129106432
-504844184
513747966
-9350460
-788560350
-700309152
160949295
276360
-37253400
-25547060
-233780127
-61209027
604997676
-26955144
-664676208
-758332358
-72949162
2249475
10547901
-545734969
-23233087
-105548760
-10771146
-454683428
-203206809
331564896
-27004568
-671727609
-175598780
-374402809
462803976
39002040
-263943190
249440880
-64428264
378820086
103433720
218883060
-319847836
-19541928
25120032
4978467
-566924116
-225098420
55970981
-174478669
-20679858
-618375816
-246239829
512655332
-428981841
152554848
48646195
205155084
-45991968
-14371607
284711760
367413450
-710128887
62493270
-328850176
657038790
106031499
-721532742
902368100
133149073
250044201
-262172528
276395460
-597990742
3001696
117239542
-14716455
-470438955
-180448702
81435345
-311034020
-498518671
-188993322
-37211005
148456278
-137313000
-70409616
3481700
240079896
-493893315
56104095
2012018
-674360
386076352
-77476880
279587280
233245049
143856869
465807204
321247944
-20293251
-224534526
73435308
-1610037
394120239
-796825750
94206463
20295582
53610208
166376616
353773654
26019245
-74493692
95221284
96603048
-591743448
298298740
23571138
88174368
-184060800
390495204
85658646
-10908584
-34588450
128658296
151654990
-29922834
-512476284
628547380
485448654
-669035510
-187279274
-36750402
-74220822
799061055
-243810375
979988352
196554688
-511824954
-454408080
-89600880
7080250
-418560354
-151542229
-426725292
502865517
-111583125
434993871
42084844
40446320
-292282466
-926134720
42060895
-571151022
-172010484
93220869
-550822852
-267052014
-580249026
-530322053
386937928
-35734770
-216817063
92388218
779787300
231418894
10208960
-18449902
-314799316
-36789492
472066980
-112208442
153964675
353734150
113446221
121859451
-385988005
118244808
-280663803
195054660
-284972973
-137967225
70505141
111236712
-294044920
-2223246
-640882530
-367327765
259088240
188447700
-277693788
-955880361
256365970
