1000
522797680
-8725620
-705893672
-856570000
108087354
-748212416
-23380414
-1051231608
575035200
-629711475
464255946
-131952709
-12278883
43950100
-251699673
9004915
5429340
240265948
160693410
15987547
-895969360
407623545
103278262
-752441172
176055460
24040035
296920120
-375445680
23363060
694676625
6242924
61215990
-10983040
408471750
17548448
-3580780
-82001821
-175567194
-426215556
4910999
291191616
-13413119
795554114
503416979
320320768
721539772
31052545
-39597789
-398981304
-451903860
-353172820
299732862
-170754324
-523898622
-443345588
61688200
-174220662
100325160
-346099422
-187504840
78779050
-418509919
-210377193
313273868
4681068
-61348238
601902849
135440803
-286141014
-164834054
777684573
231035850
167854080
247764582
296126885
-36191322
-51572244
-297159069
-46960290
2341045
20574590
-242651580
42700420
-436011948
17324584
-214990154
222775413
-661595038
-82805674
554022810
-88671935
206143886
489666390
-688568006
-178788197
-445453512
-210468100
-464723840
-42137463
174615692
124310970
-69579920
-120480114
-290439331
407203730
-893754493
-663068490
-491953875
377316975
138157089
-8512752
-503645051
-516841068
-173733984
-836130779
86587200
-270962785
509862276
-51613521
-3894983
126655760
400305614
-447733581
227680259
95559460
100790082
329923048
-715897296
526074322
-127968027
562176461
60063176
-42839110
950547357
298449631
189526853
-291443334
-493041225
-287833433
118870275
304103872
573572720
-648122724
-286288626
-37587594
309237908
-121135627
-9651840
93842538
-115814583
378458097
-585526480
-434458809
-292858588
-230278927
-306107640
-712169362
385594115
-462329164
14562455
-102215004
240901304
224720277
-67085655
-618631197
-335288492
-23745260
-375872003
-242764648
-277046136
23385150
78202010
-242615048
451978960
-226850890
178372334
-70196175
-555680004
-196124910
-114409982
81109580
170220582
-150908451
-555245217
-180299438
-265229411
-293235
-345797496
541554584
462571200
39711577
-374228064
-173213744
94781491
190368720
-428330169
1010652303
114640914
-19431390
-87290750
-27901314
74936295
-458687550
-41032390
-236109699
-177864192
-485304321
-29679720
473436540
-214824529
-159768220
228707640
178087827
487279917
-466792518
127393425
-23888936
-822665844
58214260
-526437667
-109458380
-50430301
-875306841
173407456
-196763125
97780080
-823208905
-361779057
136898190
-636349420
475428042
-102417042
159246072
153698454
-300535484
-12023282
244083063
-261940118
62184150
70943436
242091748
297472
-3470110
-99051628
780955938
132174284
238897188
77746578
-111731310
244838610
-537916575
704979710
-946517528
166131548
-28647850
-3365565
152946640
-57851202
499893246
-337817376
-286116868
-91072296
463319712
-369197547
-108074738
366759536
-410494878
-282142560
-15974328
-74791551
128679909
221479451
-601178688
-32329206
285341388
505446051
556672704
-3198078
119592720
-42626545
-27242706
234580565
365182620
37261380
-238618624
75532800
308284824
14114471
90236040
759345840
235635828
-680928159
4815390
99524232
412087962
-9263565
113518729
-188011260
504110897
-156553088
411430764
-154775229
-798071010
-279360995
71269632
32304616
11677430
-1037860455
-130157660
82308441
217176961
-414984414
-432972602
874682640
-681630750
322790402
-240011424
-55779193
1473430
-47367000
-19698964
241451455
371846202
-210602040
-6666568
-437669576
6086894
-464015846
-11412210
318122300
-333571015
-298327920
-77587182
-74148620
244940784
-44915040
342919410
100497824
-543000076
-311013476
33006831
49514829
32796953
116230304
-155470128
432538800
-158634893
212367563
-298900534
-278649072
142219500
344528008
150487196
-94771661
-11679824
728087488
398251117
-441442474
419994000
-910784520
279373676
123148506
-9269998
-379206768
-337571100
405924744
-144859452
310105776
-195557679
-247057755
11384310
62069469
114886093
797201536
-55275980
27415613
-194751676
-160509930
74985196
419843606
103204305
-65656188
-143188476
-394417770
389038312
-112521402
-130984532
103772504
602728
-170275704
-37524021
-428495068
-286717935
3317760
-531137885
-320363096
-223632320
-3042465
158229312
-122460806
305937100
14557244
8596900
-231568448
643077408
184806996
-173020386
-55487991
-31751058
-311404375
144900288
123060168
-513808242
-361022040
-461980464
-155889360
-508700500
-54159790
24628553
506647154
31281360
516660186
13267436
-315872100
276515455
-227658089
490244040
-42768576
-118051808
360645327
189893
367139676
528172986
98049924
369606685
38856216
366885914
-213944743
124546760
754787000
-589680904
-633808863
-16122467
43331400
-198190400
38243952
248007758
165371392
25148270
-367628955
-20052557
-91131104
116254692
-783537664
708220510
641269376
-30443364
272239434
286794369
-22630062
44825676
189246827
-362784708
31533627
704941290
-480148949
30078076
757404375
389752909
-253782164
-375199682
-139519762
-60727457
10305724
295458500
292624667
123993430
-120144201
788303464
-178312572
77775412
71505644
462630320
-64314866
55264803
-356049300
606898495
781346449
122157840
467148952
-125405388
-595334059
320583200
-331184750
-83574115
902661426
29077200
210524748
348649158
-255882861
-408033132
-69273204
10430400
679294878
787174794
-823480560
143072544
285172608
-9762072
-86700614
-385770000
70099480
-326506026
-190329132
-255523120
435330436
-518662937
-356514672
-489535398
-644555340
-80513521
-99982335
-810466150
-18159093
400024000
152606940
-271309721
192149067
246154636
-234584376
79617252
-864409523
3882924
-61429704
71176882
-526865460
-130857552
-207457758
20741550
-36983444
-23267396
-210999817
-149429600
493196860
154695632
-535889640
-311595692
272671572
-150672223
-353296188
294772676
-479344968
-474068420
36830836
-834881712
478969776
-91723422
-192330112
460900800
109497380
-141987006
-239068120
187554098
338566404
563626426
-178856192
-434536844
204568904
-324788604
626464020
-18078690
-73139220
8514220
-173342350
42544766
-120695427
186438070
-47990840
133219504
-578142390
520302872
745889526
71013540
110593881
-273575493
77409718
-490546800
69647106
-50311474
-211402576
141549435
35663589
289877388
414020720
652023828
570454281
-273231210
-86989928
-71888850
-395066558
325585995
-324391470
363703296
57953732
-826932441
73406585
-803566199
-33097980
-262496703
77080140
-34345926
-12154584
3813264
748369720
2649565
208472256
125014498
655220660
-87865222
-103838040
-165309126
-523877762
-445212838
450532016
160259697
-727230861
100334360
121840684
-80011360
1287034
-865516135
524588220
8940512
161586360
251479525
488565
69619519
870824896
-210062469
-142735800
805456197
84479150
939695770
156194465
533616743
-44094420
30173544
-106428696
179056216
-154085217
22729062
-14680911
37654515
-17098467
262907682
-459520110
-133854676
-222607105
703881282
280974020
405009603
202457025
-172700004
63306844
304461787
146878290
5987056
-245287455
96879926
-1982900
-129376304
-121145694
-55738716
311216022
-240900912
-205462257
-172154430
-361794380
751951904
745573717
-381219696
-113540536
-175780940
382121766
-214008385
160183044
-269485083
74554976
237294925
-7568421
54272043
-464761256
371275982
244762056
-82866348
16346782
-175515378
-5972640
-73970139
-1824990
13232498
77889340
-262963008
81966708
-699494363
100772715
-189324087
19278384
-118944028
61118438
1039212720
-23036548
401822064
-180887358
616240992
640236530
24710990
234623493
62616081
-80302232
-348651804
45119454
-1618864
-779561216
-196515504
-17028819
65353883
153962790
231814858
266761987
-159929250
112398338
506453280
313586592
-234908798
-100949424
-736216019
-72667511
46948694
-72079063
31353140
-26309868
-143676000
-340440480
145171024
-96636378
-625390220
-166337820
-557017680
114454984
-21269500
-392015382
-47723580
-79721100
477216676
-166130348
206555650
-641545839
-47204779
-705325817
-216490016
813812297
296656803
-563962524
572189962
21599672
271527215
17466452
-2791259
-569062596
444619241
484848308
182609840
-568878600
38907648
-215093186
-461909954
340559100
-737806880
262766732
-873270272
441909776
-430626420
270690147
-484890832
-129070095
131330226
-785420928
112399310
657388870
52440840
-17096660
-7330998
-204290910
-49996818
-56944545
-661415872
-268457490
-227572332
-358622480
116616960
-226169901
193460512
-196206650
1025401088
-268676415
-222666306
-30705288
734103865
519124214
171698800
-40850320
-504402360
-10482966
-74763972
32930832
-201779361
112373872
-176072508
-173541808
27696120
-85131120
-10869282
700677100
-94450858
409175260
-99485562
209164930
-3099291
-162158283
-407650991
121647860
267149155
70142684
-59723709
279600276
2530401
-117910
68820174
-604563390
22442490
818831220
216698961
-1772793
-215310701
265566510
320286080
-766066140
137581608
-171477240
-173063518
476152932
214674548
-16347600
60560599
395791327
-813161913
-411166560
-437525140
-211788512
786659328
426146212
-19688588
-176733620
892864980
427340914
-222834714
-104975988
734591340
314531450
-178763916
-221233320
-69790644
-348569067
-81952112
349210521
247472700
306160392
-411213192
-294542413
184990308
-547549530
-95277450
35668884
2218000
165955336
-610095779
-608141763
14169051
-540789210
-62392448
284524323
537470540
74386788
260331764
190878150
-458286290
28784224
981239116
443171573
-264598376
-110411531
-82210084
-459388660
14629912
113244834
173468586
-367417568
-315902430
210100160
-777888860
-125563514
344720610
-710523220
391011309
146871868
-125553297
570117211
-604627061
220760852
582314240
43366745
-506409921
-392752624
455783780
166499025
-318813672
-691982161
351669822
302968104
18675096
83769896
792445600
-104188085
56087040
182681295
176982902
467640096
184048356
-111786615
173529972
-13375428
-162294672
-152065750
-46055099
396775862
-536011700
196647045
381651949
30106048
-357012736
-153938770
-152843600
-585081520
-294067995
19094643
-369400853
857409696
-131621760
-285900574
-420637035
-396895590
-72619974
-420313252
-941257861
-101440185
50140104
273303904
-399610925
-64034676
-112832331
99152725
409811808
183664152
810080960
156279431
-675702230
-284985608
488605260
-466637430
1338260
12613062
-388525776
-345297438
282879048
-322569412
-329229180
412150725
-157814707
139565920
-926714628
93317694
502331388
-242332356
538928046
-19299997
134108646
-609324182
89115299
-149698812
