1000
-241802340
212225488
-1628275
592741419
-34695368
-207588824
792189800
-102037364
-53358648
34948680
5479695
-453720950
163352945
3422112
-80293728
718926616
-356471444
-205603840
-499465846
50339118
182289242
313342326
-48448827
201634224
404433449
-9834468
-613592346
512061127
-119349336
499629969
-117529662
-415144072
332631689
-276761819
741987126
-380569169
309436159
30369570
-107090900
847752060
-29063528
-927803670
255552888
96186416
-83893956
211720100
-883301925
-41355710
6688220
14252349
-49904488
119905884
-59592000
-506731880
606589856
4077279
-34805836
565406604
-346505508
32461715
-127080348
173569236
-366336630
-714223783
189948888
-11381062
182376497
194290865
-60693738
-46194585
84890500
-949373384
81801432
124569534
53765540
679813880
-511791630
-254787320
325055995
462531440
-141542880
-506558160
-635021139
265170985
447772160
13433464
-166624056
412574736
-535103140
-101490688
589117832
-267817172
-309958688
196594668
-327525145
203834444
33255480
-457965650
-438062944
401463664
-119921753
126643487
316745715
-409228281
601806480
23474594
69740132
-51103767
174287659
361993212
-510928608
274102845
-151486090
340155210
156227370
-250165990
697870656
16750005
62660664
100201800
-11480700
607412520
-47234304
-39625650
-204699000
306097155
-40960386
3132170
-12793646
179776530
318503152
-41614848
215062996
10154907
-162710580
16588600
-42883218
42288064
-214040331
-442024624
108495088
797524560
-356900
-58037760
-66713109
91660440
141475484
-4968594
406104840
305226108
314147454
-25028646
46776862
-814670830
-257321125
-306233360
-420455568
-881102044
11116688
-18787041
-140815280
-473357632
334446436
430973752
-178470842
-138630848
-30281202
70801900
310584672
-184024542
145073952
-536774854
-856626608
269909705
56400915
373406280
957305830
-277382079
-5363484
-314914705
-488976408
328990168
364499639
124590522
742925616
850324402
-125910750
-9464480
446444688
42131083
219293680
-377761032
31048325
25042368
139184175
-676818800
-110112499
-948247573
-99038016
-167402124
859834738
48832125
-346533300
-68059194
-245530740
-157861990
579951900
-303540250
8195056
213778120
840640111
-319555454
-507736355
-164830182
153387171
-53263798
572866619
166076332
522384256
446532044
-94532220
333784952
-64266132
141291990
-183190161
51077250
-614862222
265312200
357548612
226872000
-8259300
-30479561
-21345740
811501312
797164640
-180440150
-281252644
670328736
62769575
169712224
-20428800
391274497
250216525
333363816
271219758
175224848
283102290
98197374
-12235401
-274760534
-638126830
296718604
140439474
48096995
208784122
572240
-13283970
45792240
366837975
23966600
-51011653
197692332
-27459673
163338995
473669760
-413059878
1735734
517590722
532348740
-226670740
934845465
357863630
14396604
-91844256
34626456
73359956
207656445
216621972
141242922
868908384
-61735061
-46886019
-236271860
707553308
164638650
-851320877
-142260672
-193672500
-422855400
883284457
327918192
-510113171
-205653627
61402404
29427136
453934354
174116096
91724310
-662060939
817779774
-973686348
-104700834
63325870
452817464
29307766
172348320
-2893376
1604052
-164424700
-304889000
-141794910
590255577
-7109380
80201990
-339115940
137040072
499313100
71761950
-55203012
-577649115
-218618145
621782999
428215278
563984925
-165878334
-375717655
31884288
-285694488
-389645424
36667827
-667218224
-312528559
86663786
-96755862
764274
166024375
-748075476
-59303475
98998275
31474800
-66452172
-759280554
-46571840
6692841
782389905
-141374844
283928271
90982360
6362460
28872575
264374103
179046595
-551618860
-585237344
-303047360
-222976738
-23986164
-61632130
-219258974
6235740
386740440
166965423
116461338
-176714688
-526783604
600016968
-62818272
-23569750
564278904
-696741108
91032200
-372233142
781290279
395928356
47508880
-150555962
110507040
57808125
563959372
11325210
-477380904
400525216
331156602
-333544022
-680709434
744877950
-574921578
-51964925
-531966704
-625171030
856102464
-500853456
662958087
-461971724
-156386112
-104515200
-251246700
-522423608
155263485
-213549534
684438620
108288134
637615326
-680069364
322640108
704491084
-137858168
-176876336
345961590
418262496
-184579857
-157838959
44858089
325305414
279336540
638250704
-485144999
-47862900
39584010
57131610
413934103
-16955400
-600181780
-141190840
-304455024
261619896
-346464885
-186750975
-630610684
-22247892
-723446028
899729090
-418837356
-110632664
-106734582
593997778
-624013273
55660713
-63845208
278684483
-38081962
-609698782
-361745062
-492176997
-838701448
-468281541
378320748
-225679566
-386963649
53321445
-119269092
25817250
-308477554
-173484044
-482862760
-314887626
100432556
96324144
-822939343
-412973061
-158785398
-512267962
157407610
255921451
39927276
-587732865
-552690867
440523656
99215932
119964590
150381000
16823007
-142360560
303517998
-82031872
-475413210
-346730616
341539776
293188542
194327480
-428592492
110230146
553082845
-261015975
15063312
-634258240
2086884
-109812560
-229391686
896345100
134448476
203622141
508635240
133665216
-306925731
-164570916
138151468
-45691997
373003098
-787701915
35134688
-347062682
17870445
-222467850
12150144
622653512
-652597775
810555837
-335655684
42597524
643222224
-857338968
-396443268
-198066300
-479154699
-155113511
88663791
-311435180
52838136
-44211475
-14601000
-57316776
-661696200
271402400
-342354768
-641156100
-135736300
-408417035
-698735567
79106017
12568780
222580840
316912752
-798267953
766345984
-349175919
-74677761
75314221
-163804050
693791488
-351047268
68231961
-254620716
936328594
-203732796
48289176
-33016178
-248942812
365328215
265180815
139777655
157302556
-10788349
-857330656
-219706200
-274540800
151625856
254723227
85218840
198265690
458772678
173295309
603434260
564507630
168694899
32808603
183371603
14202084
-414875335
-593285246
186932132
-144918751
-823360629
-248456718
883391798
-246287151
243818477
403845750
84386500
-45409329
95457914
540888810
726764640
-2585806
-432711993
-17875032
-78934990
-25472328
168508314
64464309
623504466
74532458
295616088
349019210
-845791596
-46703728
380344452
-84220035
56722384
731170491
-10080064
93720483
-224556057
-4890000
446576988
145365200
-21000672
-177625
-7054080
6198894
258606340
-2683980
-512878842
-54574998
199384380
223527951
284893200
297494496
168556815
72265554
329737680
82329882
755821710
276224471
-216580042
158201670
393745625
481265777
-2869342
-186601400
558734319
307598333
114098121
361873337
5067280
120219582
-219588400
-232770501
382408
29811424
-458921630
-27777360
557220944
399166044
235750746
-549506178
-73913487
703663818
260718570
-367245351
536801080
252955560
438035580
-441771192
-41780128
297559461
-544095267
161898624
82699688
-245877580
642344
150587128
-671088600
397187856
454715082
-626005692
-21688932
-387034830
-80048974
-23949850
-638072115
25061580
306484706
-4316592
-290647693
541239776
-25961295
-224641596
-174438000
-15386454
35203168
-853100145
-282199404
-1693145
-246944115
23990654
-231471405
-29442756
-371409359
-143429715
165582175
85629200
195043380
3806427
26575560
176600808
-299075141
439406360
-422863251
-132303532
575710784
644589000
-34864496
85666952
497087280
-81855726
-373199186
756799728
-823938400
253094444
161456274
-82713195
-2091290
-7572411
105725994
246235136
18074172
163239032
15973205
184145887
226130516
136421688
-155878632
-597751238
-527777012
312723840
-856101582
901928925
11928583
75806858
36678303
9731190
402791232
-41619669
-452361584
-19827242
142305232
-147859368
460803504
-73786482
-163778162
-621201880
-362291835
213349014
547721790
211500604
116410140
-715657800
-185117238
440941056
-271942996
-340783926
-141555815
-360599217
63504900
6045424
-375697456
130993207
22128338
5898834
6999200
112313014
49995270
-403470945
-396507216
202718860
-131481644
43877574
-774882576
385025300
163490940
-154398336
-238062640
-440976580
-273865395
62811099
-55783384
86555112
238668430
177223249
216925724
474426147
761493707
260918424
25673828
19408896
25989770
-157186414
4190940
-29910573
-417062292
22582962
-310582701
-654662736
-106951267
43262505
-722672727
83812680
-123037470
481827710
-4663626
684863508
-268370060
-308337666
-350318755
4063644
885993218
-451453107
397866750
540695515
413881255
-124330464
455045220
-497927308
-302776752
178812513
-450115296
640126335
-121790754
-495514936
295981560
101628490
-5633085
155184216
3115590
306168780
231794120
-8268624
354783195
770001804
-116160044
-50754803
-69373896
647484408
249633168
-232315620
580109306
609186277
60907140
-114928005
190037046
-621531300
383988209
103360096
12891150
202291248
99277475
103036860
288819794
682154000
-25388646
372157170
-347835300
315461664
17449284
-262714508
5052009
53482257
545150690
806987475
157364856
585266211
261491720
-197470128
8892240
-310094758
688308350
169084800
-16343958
8424624
-87176320
-30080484
158316970
36656640
415188351
-421524576
-687972629
353499664
427178880
11398758
-103205487
253134420
-463254471
-93743856
-65086234
352871202
968168790
-183188265
-94820684
-18021005
-267729000
-380817341
-86907150
-75377960
432003012
-37443120
-132885574
-336614628
-413311978
99811845
-745351720
53787888
-168202170
-646441574
-444547161
639592714
763785240
455312946
482573370
7997752
519736972
-64945428
340901916
-390260439
-97245150
-96181956
33329296
-149599104
119463750
-11216985
-16226634
156765712
-378945000
806297765
-121262579
-16179562
-383432558
-97001007
1754400
-43886640
-145862808
139976268
-124801215
-503522656
621977790
-206555888
-47814910
292797474
324499645
-161897754
-128112600
-229132164
212389020
-952620
-738468504
-9934533
-498679720
494905194
133876070
249713388
22458444
-32153640
-180498942
-47255208
336142439
4386136
-926403453
388860970
570176256
91013878
-101508522
-122256452
-458911332
-819641210
-241429410
165305016
146012256
-534691872
-6240240
-5713608
283039424
-239456726
226121254
283061446
340546628
84465120
450156240
114400572
508596480
150814429
100779808
-24773381
-243699280
129939712
-275704616
-188252560
-598942404
-36524740
241720800
-99578172
27617196
-155217650
-335698302
87243050
-504794996
22141280
-177518050
354609360
-478547524
-663136352
