1000
-252125910
-204716160
554606606
142426526
-434198650
-311905457
462817134
-53302500
-263054946
119942208
-241041640
-330664720
-433132272
-185397057
31663215
196256520
-24590148
-330310211
-121820035
38504448
-201072696
-820515087
-343948866
661921535
-155923302
-257218115
-38047702
3587646
-53620084
-839652690
-261277914
583995118
-3810898
508345200
215299656
-427967561
-164392776
-107229748
176774464
6147735
-424992500
-40878410
129841729
626720085
328683460
312180
-212313327
-299678904
1515424
193556387
356699046
44647632
-247364103
-27835470
-135541476
-6681507
-844837225
-142759914
-800307908
44531092
-256845168
230550181
-25818758
304346997
-213779474
727664666
705353832
576599865
-507540970
-99683395
-370498345
110084862
174856510
-377406462
-267224328
1010538543
-864559340
-95802608
63238896
-617369928
340126200
-371042210
424671192
-292345592
7461708
-31342450
-156129202
74999034
566427862
87190825
284628552
-411334686
-27587000
-565337320
-499861180
-691066677
8500302
-37863610
71995155
-367777158
149415210
123879088
-324252772
157137552
-173766030
-100697058
260088560
-126531995
16337595
93168978
-417484950
198474206
349992398
425180788
85583013
-914659275
-141515956
373852830
547277688
87903424
322430556
-63651400
31807050
-205035792
-498792096
-317232234
783044497
190585440
-4767300
752848085
-24096870
246363606
-526362340
-18600736
89091828
286661029
-569974640
-73010896
-3714600
387438688
-719333984
684808332
95917544
-574940450
-90716738
-56645685
593560750
-325962000
634088406
-298496576
312848624
-293683910
458428698
-24636332
-252488866
2157676
145421100
-89594474
57672610
-461140208
-94514772
303404409
205911512
-176732128
440430
435675291
50284325
581348933
-10090469
257373220
-326579005
6539000
-253205000
16606000
720169255
153659846
466723536
-23812920
478956
-224268384
-355229535
-833526064
-32910171
-517485820
-15135713
265759014
104913022
-328666072
19230134
702996564
-87249816
300892488
494046056
443648920
-122120856
284582628
4961121
226532160
-15184169
951726783
-163439870
293055756
591344628
-311084160
-280317777
-371928621
256712589
675511627
181359339
134556363
-241777112
-351052619
-146208504
-220127076
530098548
6366600
-187888701
-209686857
-235186736
608342460
289101376
804192840
50266500
-446887854
191503368
-280640028
483197997
-151801020
552664580
-203042775
10521706
557188984
-60784796
887858064
18496667
107029360
-59448682
179068050
414180489
56969170
-233504832
-864972500
56579400
465320805
49458069
488536272
-400908748
183987898
-100338072
53812135
257617167
-477027510
-560712170
-14279319
-81652494
190551592
421025345
83710788
63163602
163642500
-93186744
-56744877
752475318
32432932
-19017600
-477445023
-416146252
-429933150
145533558
1516845
424170193
82757898
-404719876
-679110289
-87876900
228821765
160774776
-151346502
-368912375
-562955918
65895264
9839160
71674320
155992320
-692116248
21175687
175654857
299898888
-317841512
91936680
-136643776
-63942237
-725138280
-210976994
-26980668
15966000
-16559900
-134038114
203752608
234640044
-259714238
287693568
265246527
-37005736
-71803984
-4606418
351125672
947735548
-194465745
156171085
540056133
-242359240
43254120
-235477216
-311028802
-746749438
-401812840
-668980170
-66743500
553953750
-303600981
-357291294
-307983024
-470877758
722744217
96636672
-63836573
-266660860
-38493000
-307331676
356288231
-662240694
77646786
-288294887
-290260400
-682787024
449741120
27057126
168545976
384567282
203322420
7194436
40648986
-818065255
627216492
219271250
4945822
18607380
319827630
-94850548
-589748016
345157044
-119122404
498056680
-534929400
160370740
-213196212
-471211418
-167537907
-35768544
-3207594
-185551796
-11212470
304445655
37785252
27950646
-384691915
-195457950
606901590
-171124317
-221013985
-266865984
-82372752
-135943640
57977633
-532326912
-287577576
139499170
-128800000
-335673520
294532048
-215778480
-32911416
-142639038
151921110
458028976
-436353918
143757144
-145474476
-357211008
-76096902
-581782446
-351768760
407808342
-548214465
-286756170
210925425
-220687028
630545714
-352687248
3165614
-315729999
-663913756
-191881965
-209423408
-651310132
98987311
53352450
-361246704
45523544
127329748
351486128
-108633720
610409268
-212146919
-339533398
918833576
388792980
-198487314
-214359600
-851503428
117907500
-512891307
-8778464
-425849575
226285522
308016432
-16534998
287239428
-1969800
-608303115
90866168
-7354251
435463308
75088602
165593152
-57804228
-169650250
-396111976
-178508381
284284030
-176616548
794929830
176616540
-91328155
-641029448
-612527680
190593288
141785544
-737630385
1247688
-5534360
-209012454
220834884
394884189
53930502
113162398
619836094
-617304309
46288642
-268771720
-642789472
42109550
-320942790
-4512405
-12019788
-340609360
115855750
802983470
657917928
-658407588
-349507206
-114628206
-239282741
-56290240
-193322598
-338501835
2898836
-13528704
725006422
-513737995
18462054
30484740
27723240
66888900
-439310408
279409212
398105568
-785900115
-43523106
419977414
-272205474
-255277494
139474885
223182020
14226038
-28639872
61485900
-757857664
-221161500
110248567
57871548
581967720
-723782328
-405299043
-140061084
305458769
387457158
-738169850
483108708
174115371
-185948838
-409205080
6742288
503581617
606615192
-90859500
641005161
-300744372
477656088
-122110778
204455925
-93240576
-691042301
-329936896
-359317776
-247089048
-473433870
154257995
744285312
108112072
451227060
-61152000
-226003200
-310004539
-78925992
-350941115
-357966
-735395
17102952
-76689253
-256997532
62192064
-310950525
-356598045
584216859
464420
687443868
654716250
-119261325
592284600
63245746
62894028
105608240
455543430
816494348
326387055
-16792210
-15331650
-83499124
29081752
-298227780
96114569
-286643300
-7488228
42341475
137679714
256449759
208954768
373913120
210687493
-10183780
345997688
-362509762
-163027256
-107197200
404915472
80574472
289722268
751478310
-308536128
261535890
-250790921
-2904576
242441760
42357387
-81338040
649359074
75976640
-261999624
-256992761
694412859
-135588292
-115007024
-62188550
10145830
8257284
-109759288
-926963289
-212253216
6667987
14901894
272261112
-225006550
159689585
-150866176
86475375
-443155579
131099991
-16892442
-158025
-350113984
-445300492
-63544840
-390445682
-65942518
206967714
-252040140
-232038680
82729763
68201550
-279671236
702513656
-402941660
810794065
311408817
124188750
229943367
137479250
-339475638
-41235200
6339144
-334226708
86859828
-491678196
-169468480
258563837
47537116
217067332
159987968
-299620672
-61906904
-369213010
-237345836
-438796432
-356006976
350844430
-69481962
-898987052
-395532018
-299818530
-327395465
96387630
617605560
95372728
148513640
4664520
-9597440
-409758083
-138931872
403848200
-10075968
-393069486
139394409
318583480
-434913822
-229743497
44019200
-172606408
-52313120
-272346456
-31400980
150708612
547307913
122024391
-683908555
-261266291
197246486
38427008
-110853456
-151051824
-540893990
185552696
-21153790
-146746489
369732350
85931212
927341646
53402571
338049235
158420191
98678930
-151047624
508243840
417937536
-287141200
715666704
-18305213
348586860
15605500
-137507763
-115830852
-220359036
99779640
63198949
-335208260
-728186880
-121253440
528834387
-201990278
139052273
-215212062
-221322735
114464322
285214007
-334370585
165384063
617112442
-934988944
-695289800
-290637226
-246653348
1029208896
508622768
74239150
-235660409
-6972515
-35614240
-32913054
-316265640
-327423936
708515151
-241738045
28714734
-597051456
-152607980
285584975
-335621934
379901850
45034143
-45734248
58154328
268346592
-144090072
708353937
-662506936
-367579785
-214555600
729888973
8322230
166578810
-84777120
-73828195
815000340
462639204
-53551942
-1524672
-542643789
-290542200
536299450
425493786
-337219956
-907057008
757085000
76483491
4678862
-64718272
141115415
270257896
142875293
-21494780
46868710
-529548096
130097509
-15231456
-178403168
30568080
-797349000
353353824
-552610954
-263127770
737752398
-112748634
-186547970
713373336
69150939
232461600
86142628
-68713120
-177589490
-104203836
574728030
595182945
271738382
151836400
154658876
-347593260
-55565710
-120406494
-298534700
-27955242
-46370200
-323937250
312972639
169534585
68273390
-74776507
242147073
195908548
-26670156
-558637850
-258534952
-214302264
500761785
-8663328
-142111020
-524138244
599420720
77016420
-788661368
756557820
-30320090
33397872
231614274
-196120638
780022199
223412050
267328767
506859984
24283968
-820061132
-629147948
619783164
3041892
-299112214
6693120
306574092
-450473356
37433052
-108982478
-509404049
364713873
78363156
-304043946
11617086
-85524542
27209315
48556261
-93079616
-479575266
-319846122
-39730685
-224041090
377862003
-533073772
88783500
668557155
354609375
35431126
43628715
-101797598
-287759130
200170542
44839249
-53306039
481436763
-863671995
-322325477
516970986
45887692
-147767112
567849368
-483329444
46804324
624970295
-901261295
466003328
-1005115727
78926930
8449248
161276736
5345456
-372223960
491774180
-306046452
233634786
97121584
-301163452
698498576
-203041666
279310629
61321506
-40812252
110029025
-58299712
19708050
-106539721
-659705754
-966441710
-75336624
-24539568
141719376
134217972
207129312
-9718716
114105706
-49027368
-151288728
-848842998
482996368
100152381
96188205
-257255934
-71443145
260499825
-259120964
472255392
-5008143
-543700305
21515151
-226873515
8348472
194220612
-570508820
-68392350
-869254200
415734018
4596966
68837818
95953520
14554064
218515295
89563188
538166169
-413357616
-223416135
87669864
72299304
-378268682
-184550160
14443488
322914960
369369224
147102536
-539353395
23684056
237069840
-241731296
-228366976
280739862
320957494
-129163320
9452850
353197122
-711842418
-6087613
460620755
259555289
-60032644
438312889
161257283
160607952
22171545
634318100
-337819216
316530366
-283015602
-33238959
89315040
-4976616
-352952964
570642975
205671074
456953535
757024340
552456502
40466790
378120144
458430420
-419624638
49813300
223683750
614748325
79624491
-407761200
-451095656
-599236512
-300908160
553284522
339420576
83941340
-960355680
46241122
580108698
-244300473
-435838282
-227629242
-56478732
147563382
448783804
