1000
108905091
187653428
4997310
151996000
76508679
68009760
-75555105
420156238
-258192360
-49430352
323403776
-132582282
-340541784
153739215
448430360
474320550
-192850
68643960
521076408
136352790
-353597720
-160914792
53242630
-11813916
-819998856
-233847000
36162223
-63727825
-49185400
259650608
-66376089
-662835824
449927366
-680732725
150815520
-70782206
39613669
-897735836
32902691
-239264386
399688549
204908834
109996284
72059988
139590744
-433445376
361509945
227212814
-724493828
-829914528
-924267267
-403204294
18169344
501666056
-618818530
31368228
364736606
-139383060
220081400
238412608
-294982068
-210848640
62244273
279713580
-686714818
-13166207
-867212992
128430380
-23906883
100923984
76895088
-1592480
-451673425
-21274725
147367509
-42054192
-22516296
-200744690
242131839
184153632
-20674929
261826875
8809920
-183773568
-627994878
-202332603
-195705264
17788500
734792686
31064742
37518444
175716684
-454953564
13827983
-10937656
-168952380
-342589444
351950864
-178474296
137497764
613925264
16417856
-48849180
-869066706
-745296945
-137671576
37019268
463856295
172706310
160132656
-407909268
195860412
186301544
8461161
122172680
-25873690
180328254
-239085586
283529400
-905986578
696388442
-101957558
84111742
-281103090
-239070848
120435840
-180169591
-647257959
-40949259
-217105440
-130910520
-8421120
-405534600
605509216
-44488706
-386939028
84854315
254616520
-502070161
-200192640
28451514
-542668170
-135226644
-35473620
325712584
213544926
-104585160
18653670
-104786171
441971030
306965400
343768560
809963145
-44479575
111000807
49136496
4909070
171994844
-93779840
321937026
6980736
86109430
-120750110
128306883
-313987963
210528725
-68346380
95741532
-53743460
-258202464
-631671896
301955784
532831024
244358725
373320360
716551836
322784848
118024182
-113578570
371907035
-376974000
-314607434
-17196246
-96660317
-41583550
-150413486
23134860
-370605232
-250874140
-22609314
-303380576
40623825
431854446
-142783188
-8114535
530706336
-128905212
-22374600
21514752
291333360
-663086610
49849768
216832434
-130955773
653184
86073750
-18438218
-316989683
-78452452
25561549
-198752712
-1040444207
-184898706
204248448
-138753545
230643963
169261600
61505760
257189246
19001136
-117124326
33501676
-193988432
-366649918
96351288
-516413982
43587460
-613498410
-168752803
-6414875
238528224
-96099159
324172400
-18832720
-11508832
-124352580
125846980
-108402670
-547778088
144003069
-236220556
-516563982
-35367250
-212517060
-441334644
-301739982
585147616
-151892181
-229180705
-16456195
-261416820
3663478
14457103
-634252320
-148682520
-895292162
-53655072
-167319966
301268214
-160823
-293680116
-216136030
-318567502
-299185974
759797886
-107247586
-559057400
67002628
-44566985
-295039872
752323878
-631876496
947804702
-173666160
-133800003
475311798
3678675
13098828
186127052
256519742
-164078460
-703066960
209090784
-60858000
162673868
-47356182
491575056
166380944
-544935701
-976818780
669249268
-312273660
306137400
-13860290
311867856
64484706
575790193
-719559394
32501428
374072695
348205046
-248101260
584188590
243168507
-522563496
-593383167
809540760
-437957104
-57257856
52042608
-87080994
292966055
-115553250
45623156
-908727960
-645135626
-544478448
336994860
-230083236
144070212
-91327768
-179859030
99771906
-567378432
-115517040
593166320
-574876160
-6357133
-405021864
-29010124
32987982
-260107623
74466796
235157010
19744679
347091896
78151992
869904896
626329065
-258539600
205642437
-524063232
11082120
6711208
-489463452
-29261232
46513250
743033314
-472669080
-25342128
107668960
-126497112
-42653772
57990808
292026120
205087600
-28888380
-36410361
358377012
56847882
187047684
-66874150
-53314089
-35561236
34201230
274882982
92641304
607860585
-89717886
-260163694
-601422124
577098881
32163480
443269872
902279964
188717880
222524520
-13501008
154898900
161855384
161702760
523708940
-793184400
21568725
135730338
160804296
-1088916
393379712
-323807228
-27189882
-149465470
494487028
2205792
442128240
153888270
140247988
42680460
-252449808
290613312
46573660
124049826
-224103080
13760800
-590633940
194284137
539526962
-406374472
-201620265
-24662000
-243790752
-60956896
-380718838
-371995960
124612884
138391680
-173146040
-32867440
79724799
-136738780
242849529
-128991072
-40862750
-159327293
-401199712
-161125244
322027765
-57053850
4029876
442791765
222747840
181612776
-172215708
425260856
18628869
365085630
934993514
199687565
-103378606
-785784375
-37597455
431511729
7485848
-924711436
-100919244
-402268347
212361625
-202785100
-163011926
32735996
-3223554
-172480542
63171570
-103236206
-385268206
-39666620
625160568
-231447846
384582267
354349224
330093020
-133232472
-328556312
-111702390
-903522971
526215690
-174696408
-661161016
-32837575
-573534710
-379948470
-161867724
505763785
145532790
-153544958
-202110248
-140778538
-901895084
223053565
-342237645
-17308278
18478170
658593237
-199657920
15116475
91864476
305054360
82885792
-166758933
-280459435
825504865
14190540
857296250
679777266
-387154676
-29913600
176491875
50222280
886252611
-961559904
31784019
84237344
-688849110
-6105374
86000
-342882056
-446530
-7654160
-745701360
-123528388
-22580128
-237832900
595265160
-569403924
6511414
-157728100
205640420
-697085564
-186935238
-40399424
95029605
455734906
155510600
-155397696
80391657
-430609206
-238912616
220922862
337286664
355577536
146363072
693088487
-109347868
-303430502
22449856
-62133480
-180782148
107757321
233746269
-272720448
-502807608
117106614
-45697024
-102249440
-94631214
530322280
168511266
471757500
-243432000
211593900
-229800340
-57966751
423809436
516315069
-778724960
481128175
60459756
-260726048
34640128
147953228
-28686684
585918837
-153552126
105627648
-89357874
213121116
18066929
-365092255
-174291810
102518280
-303467120
842384790
-69185984
-803252036
-170155370
-336681659
407257570
442524467
-25951890
241123585
-125636490
66610852
26082999
-49082796
141030414
557523100
289312589
-420648016
58292696
-38571378
-251429814
-381583495
355710936
-120050832
121780854
597901122
46167240
301279560
-296313658
232731792
50412727
-385180176
-361270448
134971200
-183303744
517227040
-51834804
163866000
381413799
271121036
-101431598
-180840240
-136563140
976587740
261198948
115076520
536717168
-209081025
-404299710
174637190
36301400
-166803973
252360416
413091348
-317155756
-63662711
53478098
-107467136
-10603470
750826339
95699232
-611770368
-122377435
6299982
-581295029
70907582
-291123198
-818662989
276816224
716453205
209386848
222213888
-390533088
-135735696
-84012110
120158640
-481133225
-76620192
-20485344
-537967720
127164016
819254871
311116069
616936320
47229130
737345200
-320366770
22311426
-75993876
-560557618
-658633720
-544679688
-55215342
363649084
77980693
144237780
10766833
595992024
-178911999
-5797000
-582280650
-258689188
198915708
12756528
406104705
-446056888
128878500
-23383634
-339199802
58848960
-360935481
-693058132
774374731
-385725734
40642240
-5597820
-306549836
59073118
-5884258
-569696300
-545551667
157171716
157266840
-57093217
-197003565
-49720720
394822410
-142694820
-94186125
248680866
-17643552
-151363044
-577209508
814819761
-144058824
231906381
-622695470
121819196
243087182
67474052
-80498827
-139443825
174046000
-441609000
-101574600
116864968
158612709
82223480
539345818
353961939
-19377099
-42321255
-207796994
-45665752
28817783
-386954952
-46900280
74553011
279334656
-245251968
-513875993
-128925210
1105920
-527934078
-310668120
-337480926
-931697739
1302730
-231618595
221958064
-94364352
-326864626
-279373175
-1065947792
143811800
23201088
25353527
-950585820
-50169426
776163792
-52150713
249229119
-267867876
66177936
-849576700
333398965
-231428790
235293205
343595413
713543376
727893512
-87044868
-8978949
-71707360
41660176
558936576
-501035220
-117941913
364360934
247448993
-401070602
-459261790
600599232
30871116
432207776
-470406060
-372875234
-365356138
35847738
376004928
-50373933
540836370
-2262445
-1477124
-921528774
575674128
597643200
-3586459
-114237792
556713
-3902823
261332925
173698690
82306770
19831146
-242128848
53501723
-138913230
37518858
110709732
390402139
-632812592
206869050
-504233289
66359690
599868097
330815346
40693480
-104944949
9622569
9812292
123576494
-31691224
475799587
-179440338
-259480110
-5573840
161036512
-5325502
-614221664
-378086451
208473924
148850460
251849880
-651113888
-476413092
84835187
-226946650
-299126608
453460
594832331
72146664
139144680
90755832
-403969644
-243729332
-170795625
899547620
-165436250
458433289
113598828
338130275
-198252640
-883713428
173436827
854911109
320684028
537482783
287582064
-96498800
-111116460
475452208
223350930
184258800
423008390
229219596
179159296
-73918264
524079732
-133333160
-326082043
190515128
297045533
19232521
6870006
96722858
309864840
819875660
505209529
-283030119
84934553
-181074376
1607165
453405888
-399751804
-9570639
-119619236
-54107100
-266928039
-670342588
-5481920
117566000
-81551872
-71439610
100384114
-784804168
-380358359
74197977
-85258156
498931215
-9409729
25937820
372683260
309872563
342211454
250496505
-86042268
-240960692
40721774
120597740
-662686176
313699200
619781734
-607319480
58308750
53924985
-192999672
-52647920
-539279025
481138120
51110228
320572728
40235006
432254545
237714752
394406760
237913464
-251477632
-83599000
-109547584
-532824250
835243533
13794990
249884713
-357584960
557309830
582308034
77085624
-98858520
63695821
-233146544
-182962384
51931250
-197566095
-75802594
578849245
189230844
195319740
-101540580
471861200
355444586
511422475
199045340
88585943
270779782
-88556955
-40092198
-509629749
344746374
-282323125
-396489986
-623110474
289820817
616680
334501842
-259087270
46052160
-571940104
870471758
-66272070
-17334492
-813056244
-178507344
-40972360
-13722684
67972395
-39083508
40939163
70607390
59230680
334731639
-978549690
-170744296
-157675675
331379364
-78883383
-771728355
-330598791
-435884664
-230805438
199511039
8572074
14076340
163444098
327222360
-213247503
121829576
5426287
361226281
16772700
-160140944
-36113628
-737537680
612040936
-421503788
-104243524
56377572
134582536
-176411200
-10948336
22861135
