1000
260971630
-664786892
278726580
-165006830
482024308
585732504
217504512
-339269170
-243655398
-22157560
-225596630
110293482
95085063
149124380
65953671
162117672
342636405
223684438
-434460480
602529912
218594880
190575738
-332118074
-18128224
-54434206
922499678
38421178
-509094495
-15567870
-40448881
650806700
-1016186299
73175190
268250111
155202450
110094898
-459910110
249049344
28663200
-642061914
215561987
469435840
183835223
20594385
1006222530
323509968
189143993
-280889474
-512303832
-443677983
534392440
192151872
-7808554
730363774
-79172338
20491406
-388320092
444123254
276815199
-138440120
-177152390
505622880
-51456490
170497880
71271542
674432064
3207717
-66906760
556650944
44837625
-1170288
-633249981
134650912
-605638780
-57871214
293463615
-84964204
383399739
94258786
169644139
-118345091
164128041
20010928
85995845
-476778222
18903104
234982194
-23465145
-79132095
521396150
153116970
-173740545
-303992
-690058926
-361434426
-860285
20085954
-19953848
237559776
577198435
419006034
17549046
-214610301
478786300
-616656096
467854660
326443746
195613056
103966656
217219360
-374201594
32520465
83784162
-259924000
532187865
83760798
-26616954
-434818941
-15020334
-164008572
336953790
-222240044
183922750
-275854332
-173234138
29253652
837370115
4812960
123982128
-655627897
-54460238
286742470
68607032
-276550512
48328050
894746460
413140070
-15803131
-117485874
61056363
168684024
-416040708
-430067588
303445912
-452795680
-203760648
495120798
-542493819
-44810532
382130812
-200958762
-57958537
881282410
-244643277
285673395
939219120
-698609860
18314400
218200920
105797748
256974456
64500
-418740969
-170125150
-229516967
556397774
-296285393
149663732
39206382
-137085135
502181535
472260588
-7962938
675239643
250366077
208606932
-555970368
110329050
113891328
-882420
358142602
107246654
-155536536
-902802700
215416760
-31390980
1007548986
148241394
66033002
-120948520
552069405
133634826
271989216
-8175870
55760977
510264711
-5022682
126266421
252861650
116499630
-581195700
-7567686
-335506128
24894460
-160527570
5667970
-462903000
-303233058
554572710
-820259895
606676848
482132070
-200648448
394510480
211820910
205959735
-573595506
43933630
195226120
351890040
112504400
767781664
170572766
196230816
369417646
734894244
140645534
150697240
-241211802
11779344
517659868
-131964270
200576220
-472566978
443884200
446143698
226970205
237053814
471857234
-305942796
-590185708
-750233826
117588852
206545770
209217012
153077832
-14577678
36916779
-95347560
-127992250
-103161500
131847540
-95675800
-7024271
40516360
304664535
61141820
21583540
795037587
336132428
226544640
-126956381
-565758358
88291440
-228372066
-96966450
228943778
-349852316
-112685945
546814083
-16657452
467769644
-395966025
-35983220
436425660
-322714444
-139803410
-55176771
-352158660
-16207956
93986664
-470109120
490689716
-395198106
-255320786
-289597770
-162899478
111666456
172921280
-18112034
-560250
-955340160
291367818
278260727
-54923062
705499544
-453344469
566568736
447945228
-65498733
312096890
-23246272
-91374444
249081000
408747570
562891680
313498123
365365000
-701196588
80583580
-64895562
250594830
-343878494
-90464005
522434066
-438762925
-248401200
-82125758
-183003170
352448505
83630370
371991934
-187924920
-246348032
242455092
104185282
-209883800
830044820
-11549772
473168322
617354664
21116714
-499385208
-754054650
-423719460
81372420
-37094916
25406592
395958264
188069113
-75802260
38218284
-359420040
-20685608
-52510668
17082574
-280341030
122666644
434564115
515522532
341471420
-84483353
-674192555
49713192
738069201
-109612967
94718037
343340844
-105452775
1007678346
-638621529
702323622
190145340
831675621
-30918280
-478209258
-116164202
57667120
-136750988
27878220
389496877
-307493625
349977600
369338988
-98657362
-422343504
-232781850
-114814515
13611711
102878248
16620274
-620508528
-226833820
34243182
576350586
234751800
12075214
-72334545
-30442035
175265955
-417371218
-519160354
23186116
-211126959
-66065200
-128916340
116742224
-316286808
-134900466
-434983800
54371582
565587702
692882355
57506460
-374437190
-437151004
-20617804
110179125
277978568
-65162985
-855097824
-60702672
4564278
151626111
35907858
-257866641
71858404
-1963969
313964084
-412396878
-69593585
-348991192
354508200
-917225856
29101536
506279084
-149707232
627934428
-172100135
357223848
-206663232
132458164
373965165
-343712184
-17381865
-131330612
513329055
59581802
32064894
-439345968
66332084
249370880
344532480
188021665
-500017140
169040572
208113863
-402282673
-54917554
-451501453
9685640
313875744
-180070800
316211832
-467238954
492488521
728961236
648831321
457497742
14359128
-381936654
-128503484
-110794837
-236516581
96360300
-35724600
189257969
420734556
-621232416
-28220346
-671665775
278280976
-81218709
-302403960
40368580
7647598
-9092244
53264256
-284567140
430138794
-156395124
-216090910
159453863
-323614840
298796014
5359890
35341068
633209514
-326620361
341315679
-819827296
-64278031
786240257
81639341
272290629
-464832160
-224372736
152000582
-94183672
-121627470
-433709070
-30145423
760691724
-176286157
176976570
-333210423
-216906921
-228152321
-164288872
-371030508
-240594472
659659290
-5295336
-141441615
-470831137
-30678315
369392881
532442646
-250216792
-490074438
-95781565
-384763980
156371066
710307433
-552162504
583583217
-739442320
-380434422
189045254
337144716
661105990
124494226
-251697784
35417108
-5229580
277985884
179783582
-36325268
-100598018
208714968
-506021117
-99366938
-55077494
-660123927
16477560
632161046
596226622
-48021772
630640296
-22053030
174779360
-349669835
-280581938
-59185440
-181135800
-81104940
-660527469
-27119714
608135019
777242427
-565359168
43580556
530921256
-593502000
-752934660
-8176014
353552424
-18369615
-151023804
893877930
550601013
-67680054
240839326
16404328
-9315508
-469579631
16194229
462569856
-434085303
-132901
-355530828
374433532
-708696
290328531
595754280
-205703631
-26228696
505695817
-64261249
298195956
-88718872
-831344112
129446520
93540609
-225834112
-452757368
344405856
479208495
247743108
-67248018
486581880
-542217276
-582297744
13195630
-72625482
45866680
-115874290
-342476685
663646815
429504040
625257780
-34186240
173356344
-664972064
-109080672
208585206
333084213
-47138286
187688042
-52074074
-238864949
-106502923
-750377155
262144620
-444338948
887283534
-567557016
153398476
-76731855
-134242053
281763586
-390231824
262912716
-185821220
-218495264
-297327828
558064640
-62568720
18299320
-292356090
-143041950
-376024212
155504882
111396810
-308966840
-223744680
-14266845
-324351524
86475586
-107112036
-34153386
458924950
-40804352
-151200126
60437936
31349600
12388100
-894900700
-36917712
-809089461
5173947
94055073
-84910602
-616129473
-827525738
-213089117
596331324
670851160
160820072
63038265
-624429930
45275184
289137205
188467461
-366800928
26801292
315589866
476758734
-133704334
433329696
-546174642
363508833
403089464
-58563372
491427976
-313747200
512902236
-107194529
-593926
-11399872
-100349658
-101980008
78403448
238053914
208589127
56910760
-389055020
569605900
132197420
270370120
397696618
-154027476
656664260
-264803890
-330940790
13598475
-588287360
-83053080
282743340
846309536
-297703000
-15880452
-503127076
-717583440
-84066202
304417024
-640530078
547085154
109512844
-522659508
525473760
-662728171
-141365650
364141379
54334225
-122300915
543222144
20830422
-335914407
688064392
-743003628
-460815750
641997194
-132646738
-574840492
247009728
572214288
-503698104
547541016
-512690904
935533944
41883569
-843628347
202345060
-31543768
333429177
-90577136
919356130
-22963045
-265530848
535505100
579493881
-2435660
149134161
223480488
243665318
5392928
-769412560
15010702
-652476006
330556530
274096980
356070267
234487299
92317212
-657907134
589098560
-900964504
4276976
30273582
-9501188
76748980
372005220
-45573450
780929598
-363797175
218517444
-864948036
43265550
-389713730
613952460
424066400
-474211612
117750475
181317976
-190221668
309539864
-108796864
183376928
-215072280
-14495085
-423047244
-1518195
-39557792
-759481319
273161970
-154345308
462315156
-644341780
52836528
49899135
271045878
-720724487
216220044
-898887825
-33221097
-51965021
79320347
487719063
-863623778
-34635468
-77190064
74926272
128950112
-67406292
-39658538
-407903795
-822609810
70981248
-326455704
-741773268
-884365300
170585317
121213588
-334742
234009584
553772374
-39845358
3470856
-257043852
-363788901
-190099872
-95339424
87968948
51795378
-216205935
570616545
123455415
-308197880
-742847097
-33182543
306073824
230171558
23994663
-24573432
-147966864
318518340
-20795376
417797940
57050411
252687759
-193962930
563939051
617164650
-116623755
944535506
327751380
122770872
501863290
-205757475
377357085
-605380157
-739784220
-3770377
-294028515
-140571249
185595441
206809848
-15452680
-255594178
-304957705
4408288
84528438
-162391335
-883019910
75887866
-15771105
-232416704
-420256212
63888900
-136849628
-329195724
417597168
-128530584
279247190
-367611552
399822476
497638253
86648940
-338533416
54281664
244521830
55509480
-157985030
-196554
-233984088
-109231052
98584068
-245288736
-229719758
-47202351
342042624
60182595
400917896
77431095
-91734610
-825526080
-338269152
460644450
-491682560
75116700
-402443340
-61769864
-555468366
-78542940
-22728300
655724692
23922500
-595614640
78910260
19822754
178279065
604084560
168684510
652379832
735647256
-41789336
-581830585
-24471132
62767124
387652776
320010855
-44124860
296936970
-241796196
-811350554
613089792
-842078565
24025793
-571092151
321463611
758779280
-117385536
94331944
-485053855
-22354944
-424855200
-266506368
2218110
-680554078
-862460648
-399295205
-856934960
-15220275
269456920
-41593020
117971280
830158553
-598136382
65291488
166029495
21173670
-535773320
-295585008
-50269296
43949976
-62518020
-123555296
192047416
733898286
548184972
-291823152
-354118012
-717589988
-608653912
72288050
-330971980
-123623153
55961982
-86383839
692950692
-463241472
-251612493
190221300
97242096
-128742678
-19130079
-63029984
-41405875
197242704
107216340
338032002
-464355048
-43800791
237213595
674384696
396585805
-324748960
-22325634
56215575
