1000
748169990
530767510
-437683974
-16268018
-789127080
-44452012
-263968008
414728160
329958304
1401782
-21168698
495664002
2365200
-569374806
602854490
17415378
-10554930
-559178484
-115941210
-199498747
-719515906
645801660
-225711200
180824805
-150303516
-271941920
-31381217
-537933368
-207738918
-241867600
391371975
-112347291
132722546
-318373890
-181479576
-43874244
533386017
-179277084
-175092284
476264552
237271776
583171065
86638781
-95901000
-446334400
251926250
-311471803
585107472
45341809
271569270
-761008544
-141872580
-259714728
338436875
-63690250
-150024576
-449216910
414659148
314279471
63624423
624337560
-464508588
731867136
224282700
673732438
627666520
-145218167
71932644
-397930830
-64149588
3605212
203150688
-441735000
137002341
-396097707
215116538
-609430150
-217435410
-458517234
242997792
825709296
568200020
881623041
336888028
191979125
392371990
-116770444
7703610
145018513
332873586
-750685118
57816934
662246820
-6636465
618062718
-206171820
-501296950
-255227190
-523565295
3546851
-168822486
211329826
-104749606
-587335040
-145976525
-384976152
73399326
-495319605
-228785678
81521973
266602728
267622656
111082670
534086784
53097324
465600
435779675
-213380868
-74772012
-317618116
311391342
50498142
19197928
-94657524
418031230
473271478
633910956
-26043160
-51381850
118821636
-320529228
-163050936
-76048220
-131509750
-688971023
-138211360
-176258978
-159476562
-7440318
552727340
-203502524
330891250
-151999169
16149021
-467221951
14298204
13197096
-621854496
92063937
370009808
-64040716
731781600
351968232
-375555376
81788097
423248900
-127876532
-528887073
12313574
547826727
-326454856
248272411
444254175
-90705858
-100890884
683722020
-12009182
5123107
-384947119
-992220820
812277243
97927344
153129580
147214016
250932825
515967558
-26523392
-247370899
9209224
22235556
1672512
201583860
351276442
-37912644
-2235273
-10270925
-331599994
-309939342
-450435489
1105007
90016
410629970
200857569
118752678
397498584
734236083
-218338084
217551438
80294418
373013802
-379529334
30024150
-33995523
-11441061
-206904334
-50520960
660896720
547905508
-561313360
-28852128
177689582
386934060
-132248256
665384614
-67930674
43189510
-583503882
-131404476
-38298672
-237643428
-142606170
542719916
-430436160
-412460435
537997763
127528812
493651584
44090631
85134112
197556515
-41293000
-390671736
-418483052
-755285888
638664136
134639982
160398304
357621792
160132464
605672794
-51178060
-877723803
-346596892
-1180971
106868619
456534426
102184944
438101664
136704282
-634466816
-335605101
113668740
-62234952
-11115762
-486963844
202948956
124579156
1390914
31448952
108278308
-216857242
-333291735
519411852
13318734
223516975
-481782686
111425920
38043760
-112334805
174089102
-1477360
30264486
597950022
46576536
-1396734
225767340
-13818924
-341097152
-59073270
31235968
-97149050
-300859608
137149766
42580268
702571170
-538695223
366649794
-46634100
-697334751
-634415340
78384950
98094675
-673798272
157026566
-17694180
-926817408
545021317
-55636312
497309036
-810341424
-461343726
11864004
-449454966
-285659595
-65932779
-290346066
-657755367
-660928356
-276037398
-102063120
134419978
465266284
-354905964
400586600
-328102295
42519378
-10976954
-211380169
-56409132
-556630086
-603712584
-498542310
-103419216
-147011993
-814378300
105548800
161858060
-86479380
84948689
311961
417549013
-102124810
-83225160
-91142336
517263978
-80949762
243800265
-438314955
-8763325
-642394071
-16445062
-606668616
-780450531
-3739260
-10543995
-178114452
-779811968
-638827900
900319920
44884701
-508766716
-89700765
35208768
-6945224
-167441560
-198311297
-538356720
182720706
455467077
-803902330
-26957242
98029596
605276014
-35680480
69697320
-12371986
52770806
127244119
33198152
348225696
-16613832
28475274
-299548067
-856574359
-445211880
-409835960
-252290049
-51769344
-207485643
-42493880
-6079530
-241579772
32249224
-112596996
-272862424
351961407
-115580232
-96779352
-130534056
-86658551
403634178
-175992752
151304426
18311508
-803739078
-9402316
661017543
-452739568
-88441365
518563257
465061648
-149252896
179697691
-497897760
32786871
514620616
-22090230
44832711
-103391268
-57106805
57776496
-126474544
-198934560
-129402308
5446540
344998518
-3710960
-129606140
-291206740
-268487083
482244567
-282918800
448898920
206778565
-300768176
-550057406
-11735268
261563060
-93402305
-946374288
-596279528
-177531180
260633750
99746850
21468160
-156321232
501326770
-249123794
-267334886
164778907
-438935565
-203407768
-6483694
-235819593
-50573544
674548305
10805304
-120316677
-280830208
-216638601
-662763600
181265016
-683230500
-200781116
788513916
-339365442
267730927
544001292
190624340
3349502
-494086320
-138117704
659921448
-765000282
-297393026
293214432
-118083178
128803925
384980068
78927258
-825516799
-313474724
-5341889
-242886684
-1075550
-436293260
116590788
145078365
30847146
-165506880
-245269353
-348725000
308139510
259113528
7023786
-96427674
44139727
-415302723
-58295040
69811508
97433130
430253775
697544150
38011428
-142649572
229387494
415688784
-787754185
244592402
-78391424
-20379070
-551169304
130950072
-82488834
-23502776
43193412
350248512
-868112
-156071625
486560940
118105257
-251070940
-369971305
337408192
393334510
488638224
23937705
-552353364
-236552479
-436439886
352994274
99396892
4040302
187906764
803951964
-7623810
-537463916
210933174
-107080542
21591607
-351780480
205101104
-391103960
-459285600
520996060
73353168
-134913780
10294504
34915104
-551646225
431393844
259758700
621163734
-31993038
-493225733
289948419
-287608120
609696324
313604082
660704574
149972264
-835236360
-261940764
-314529600
-905979774
526677100
-209867280
107211432
553802013
-56744261
-336413756
695244640
78579666
339456942
-96769530
372457242
-289018933
-72842610
-77117250
59194779
-968142455
-632626236
-271941268
-152523491
-271357344
9200100
-410706448
909730960
-540122528
-3141000
99999108
-51805754
153227318
123136984
504551783
-560080565
-789814234
-18306390
-54787488
281665458
332463104
565100570
62359570
836471446
4052592
-331913760
141890563
-641398838
769196716
93785796
-22095318
-372612050
129035916
-357481405
-523254847
30897646
35303787
10379188
-756057720
-12881770
-201565262
-117585000
-98850486
21506470
-761447360
466894714
-29420370
-93771474
404372545
-243345596
286385
-695590390
22702355
-7424389
-750708910
-104981156
-581527065
65652480
792513939
-271228139
-116311746
144288706
225751120
318372926
700784072
-851740928
-643027034
426322430
-567232155
-195113025
-68656891
11004560
68525580
232088304
175354268
137017216
-22245465
-840608248
146692350
-327056268
667387967
-53194762
-458261797
599488110
656349825
23577701
-257077436
-582914070
39193104
643100640
-4962552
-926405865
-224435736
81929349
-48129892
26059110
-539083340
-141870639
77563332
75749652
525606393
-528735020
-168307048
257336058
412290492
591059392
-314718420
-223317050
260081344
-289164174
97214803
-223404984
53995293
-52356229
-461947098
-14198545
217845056
-165413990
53793643
-13720738
-77308452
63722360
-136170546
611939495
71603011
56970472
-911076752
-24579778
-40845350
593488912
541529280
11425674
-477651640
151101348
-766653552
566926933
-172786592
-320208710
49341222
159949396
460296850
16216502
349108380
79668142
-46234234
294410148
-317139920
-10004925
-172351535
129376190
118814140
11752564
103541842
-598602304
202529835
-359558041
575270192
222079398
3900176
256221480
94347792
490956774
-574435281
-635780260
-180329696
12952910
33345766
-612717193
-465882543
292129638
351744652
-54221244
74768112
81372402
-359855132
-293549837
-202322814
20444672
-184000128
-150773400
-467704077
-206781666
505151401
-788770472
512916404
-260423792
395362410
-342822480
94994262
-211023899
184019940
-142974056
-48232221
-515668490
-104221224
-470538464
-322990660
-37563204
-43178394
2063445
-23170372
149234841
55653448
-442675728
303127185
-65638732
-93412440
-6114600
464089032
-8718237
577133680
-159821376
220365200
237086066
177280628
-96357438
-355099537
-465494704
-207956749
-889748440
95578880
108666391
217430450
261238146
392442660
-83090730
393480396
75480660
-503682263
-126121149
-104060300
30276625
133004029
-347498889
-80983168
-36373596
131151576
-440391332
8681085
-128195655
112729536
-82377423
34286604
11741187
-52556622
161481528
597422986
-150753006
174981898
-393690312
-93685756
-229027824
44532712
-724293009
-42527839
8825740
-125161647
237401328
21937552
-183281106
-101798295
-99707325
181695040
-309856764
139334092
352108000
167310855
130447789
202972360
-734605466
-384930252
-120189545
-1014948675
98389166
-458229780
8017492
87842497
-244908816
410807254
305922464
-272850840
332117835
253181457
132322322
-206798445
-378428508
65038549
190494840
-711473609
-140100984
-89229320
-477324666
-180557880
-112343616
-359005512
255289996
-196350033
-402235075
-483174758
-36231966
-13635765
-144264645
-99050302
-430733630
365659693
-520724603
-118399258
455454350
91240140
-197248296
-268676226
-99414960
440196102
473059136
40769190
-287749140
129862992
122149800
-1292392
-28510857
-368891831
-163347008
-34253208
540145808
-120848302
535167528
215984816
25106211
-636501822
103825120
462122388
141945400
480796350
-203210405
167389298
-210339426
121883036
-64983408
-548191680
103820400
-452505726
132161025
419427056
-603066630
725905671
15005898
-23560572
-204467130
80744746
91230144
389479275
109021343
-55792863
926187444
24061984
31710015
317155026
-529656322
38122260
152266884
-412272770
-931382764
36262278
520643370
-152763040
-274870555
-217239792
303482515
-103598874
237364140
-244445075
-140478436
-21055624
593496218
-204038001
80828904
-806934969
-234453579
-586324713
-15669802
-152781873
-265701278
-2304850
-67617276
-156448242
-258102474
-573799086
574404523
-306963576
152832320
136552590
-234611577
-364628084
482886004
192543192
26476944
167677425
-239992640
-224646096
-171707472
-30543084
-244812206
-23697520
43966758
-106058432
-130177320
394083540
-98551276
-35912747
-58267092
-286686210
52829832
-276926806
-450883296
-885548943
769320244
23374242
44376970
-42515280
-24896088
532898545
-18415766
665987994
-256795812
-275891064
-2543230
34911812
-314755050
-32605155
-237613554
