1000
410165613
-131441464
-11120601
895909020
-58840485
-307918896
-180507930
347082258
166916596
-106364808
3087468
-743338200
-352489842
-197172630
-218926112
362724087
36987145
401357225
49953026
-297764532
132627880
-314419083
-558983040
810688900
478193072
-779939097
-200564144
-86327454
8240856
-350214954
356147200
787790892
29820000
-24972120
358114152
699932162
279085109
722492944
42082530
-323458292
89387847
-298292210
289832075
287955350
-149525613
5379616
-77262766
-40204690
-525990608
293594880
14134338
260712270
198724055
-258070846
-96424861
-28487540
-817957686
-196120704
-7165479
657384903
-164273968
775953814
-426879426
-782146077
185651950
169287894
-244137660
281063412
66845680
-349599330
-210447816
-649925628
82621124
43755432
232298604
141154260
140702316
-281552992
90705825
-51124950
119986980
141643242
-42329644
1231538
-494597920
23609016
-9214424
313834752
267864450
485334550
223987680
-181310117
-401781600
403332600
115329060
-176729484
-263177565
-55754614
-89261431
428385725
218229558
-125226782
348008800
662187036
24097992
-115713219
-365287584
-47973996
-209105072
-575485864
638551484
207452640
-482374200
120902710
-179969416
105262170
23526196
-333499660
-669090240
-724014900
517110377
12497960
-237256671
-218952435
982058424
12746124
26150391
-20317440
612549245
-1004512410
381933537
274785800
-353602125
-276940748
-17150364
50445993
337966455
-95048680
-559095865
-510409341
110456157
1692570
-145277895
98180570
-42366008
326553300
-358177280
83006352
267883182
121455132
-152128801
362186352
-30358656
635022180
5416454
-18539710
13598358
-261541040
-38142720
-489891910
114709422
236725226
291434552
-41263132
-311505777
-757883802
620205075
-68780288
52014915
-170867088
627763113
645310904
-8952642
-557181414
-222666166
-207136688
-69851182
-620070476
700656422
-66803016
727024380
273395200
322744240
-180675990
-475492290
-795363678
-457175054
849510025
-131731816
213638700
-82498165
-5270694
-145435306
-139068083
-227325798
-231567246
607726476
102699946
486211875
-649910902
-164392788
98385516
671745664
-212449250
-193308594
859444650
-609668787
-256993490
975041529
403139316
368832350
-493008237
443841117
150982240
387094160
373369166
-221477984
488594118
-280124754
337251666
-7595556
122754863
-569466084
47486384
-600585141
406324455
103920820
49165428
1736
60417711
78057205
52630802
593120682
-194231300
36401725
-166191200
-539925750
3450411
-64569036
528973368
303573075
945830088
-260293215
488980480
-612633735
289067356
-51291981
-392789350
-85931205
123360972
190294188
534302600
169268292
806861850
-70729441
-98689120
-57783924
-84992196
-234709926
229566474
-70873425
-637146981
188761056
31643392
315133904
-283086048
-385365108
281244044
6574477
127812654
-297169044
16532920
-273916564
210006592
-665222751
431121592
-285097313
-20341792
118066368
-574218071
-13373892
217365848
-67619222
467110194
505351520
205798894
-248180490
37176960
204998760
-179719497
31761520
-70287039
-385071596
163709784
80897080
133072880
-13665311
519894945
-163580522
-464791635
-62128080
-336391152
-437308875
233888604
68600513
722103200
4961552
-645545898
62906256
-352460541
-75090048
470776240
-51632504
-98863017
170807527
-184336192
-84798252
-165278274
105876180
922987089
-117897840
-566743476
263003228
323213595
122227911
355368618
844031156
410390158
246033571
-343858878
456563916
914116520
139923746
93487548
20520756
493029904
948496500
557410334
-774586000
417112920
168342336
-120648820
-101302522
61914831
409211862
462549885
-226559340
-470431450
-929087922
429971412
-262472061
-371264210
385241675
525044800
577128400
168231312
178702538
-7578872
879543506
-6838579
-456532302
-192076536
53472438
-101682744
-325943382
-560114251
-28339794
204510336
-6211176
52137250
-178613220
70643295
482479577
-150370128
706985292
-494041440
-40315605
530547642
-621736584
-184516164
356060836
490858684
-453663284
-134882209
-57414672
-562686560
659349224
-26653942
-74504625
-632762136
-637352430
1913618
-937312236
-51925776
5255030
33906220
-1207440
-669748440
67967007
9020704
140491896
-470855720
133421644
-208852844
96909592
265738237
8622200
-7289370
458577600
-203288239
704535520
68257936
157836252
127243088
257491500
5093352
43328896
338253972
230680072
43947750
289996346
-86153192
65427295
-106189395
-83802530
493841920
319440996
-473958800
-35414343
-22575735
-146034720
121271799
192477159
86297653
83005489
26978154
211821781
-187622490
373532951
28216026
-64670412
244822562
199004624
116759468
976977888
-40177124
6603168
4660240
18800160
-17703030
-247530508
-66375414
510019085
152300055
-196380928
383965272
-105148316
347959962
71159735
49045620
-320054373
43995792
15653880
213254514
-24071093
84381950
424653438
-4762371
-464285920
-319757670
568217436
485836650
197520435
159416176
95013000
79622928
-51790008
189048860
-445729536
-223584896
169720992
-357509544
-129467393
10122801
180506313
659095866
238794180
142012983
715270560
-120897057
-19853400
4027364
375292355
259742150
909759814
21066899
30693972
598247844
139123600
16572033
337184208
-306856800
101273140
-357452610
406463545
335069044
34801845
251723040
295926787
-116068344
-43379072
121635787
-27394675
55951434
103748800
-133831320
355974496
146002602
238925358
-30028063
153420314
274647880
-38612352
-73201040
-38900560
-638183628
-151462284
-273407612
333525530
116427136
428759005
-437122272
-74317698
152944104
-525033333
-169322205
-53462442
-249307380
41767920
-763267981
-728959455
-22742232
-626939443
-391894272
86086152
-552417957
207154424
801974820
4863792
744431156
-444701300
395427144
395420655
-124565406
-377282045
147096922
59341104
-189731958
-13506636
-171479786
-55066815
212606992
-140908614
377621168
-81645674
-450493344
7903101
-112817530
-4082000
450998253
-127665247
-551383910
297355707
-426035568
-79696983
-96746958
-470371266
-594196128
198173750
-426072099
-772163496
622528304
-137652480
-48288312
-76704540
-426630864
107060205
309627120
116921595
506184068
-168970321
338667210
156815152
-416496568
-488576922
24723750
70470372
389171132
750386987
-459798541
-122711064
18692907
-13063970
-38622720
182217225
40476800
-5035721
-76849700
30620340
-1004943706
-83185211
181062675
245494650
696365104
-197727298
-396109376
-268075405
-727750560
-56727536
-762284029
67233148
-653265660
120743169
-291684401
69917944
-147669660
-487291064
-43297080
-1019365860
95447568
81066744
-446434404
-120087462
-347239146
-62385596
3210810
260255450
-557543768
-64860552
-35847846
-765013802
107228604
564138828
447406832
-500224277
285100776
-251761818
32350227
-216215050
310923081
250988090
-64850835
78340131
44255853
338257135
162211436
-222984322
-262698800
-69943851
68583680
-21910276
557315792
-881468550
-160377084
248381946
488395902
-446168712
-745448990
150912261
-477955408
4224213
-1953171
107437025
20924205
45465732
-702726885
-23715420
-215355348
-97781736
233799334
130174122
-274555008
-28661110
59825142
21582951
529408916
-155104524
-1049351355
-427159420
62000185
-556547495
495007495
211913361
-208519654
288656568
-539429700
-495728208
-64722225
-371083680
-23951360
-74607624
-49039872
696458911
-180162102
519767010
431866784
380099946
-476919351
-851985344
-404703935
163538462
-215048295
335437421
-489634176
515582040
105298323
-56085048
-140501985
274892815
191364792
-156083777
-442231965
387491760
-106778724
-25559424
53495912
12457206
-7894694
48896234
857085396
109715937
331191580
184811544
321878256
-430165980
-267761812
470767896
199183292
-10658608
58724979
-540711860
-12698532
-13694250
-96827052
-242866360
294288703
-444586366
701551252
271795200
-144079632
-277886529
157605424
18495048
-87154758
175449900
-31523940
-247170512
187601616
494491842
-453149298
28282485
368173865
401042436
-69280540
-141104725
-466400568
296365734
644329846
14980302
332343784
67927916
41575235
501069260
313825890
982560
-641252166
624932064
-289706670
112040838
561560132
936925724
-120759007
626282640
-439256268
-927662416
-155065839
-113266964
56374647
-450418530
134229441
17382279
306053720
287925125
350574020
154458570
989363664
-363954792
14389056
933008856
-532786254
240416990
-520788600
140357890
-332137894
-284658390
406954912
-184885930
-847818
28096240
62435520
-110112635
54915880
853270124
389440492
-139347152
-83355
27429142
394676928
64877141
248113696
-52414192
94759010
433761484
418335546
-302600768
561803121
390850314
-119267400
-1007190777
538209480
-128568756
529717962
352850475
331974912
-71853425
-42295910
85960283
-50185080
280150323
800520669
331675270
221797908
-160107640
249142090
89360160
620864200
-68392832
-344299725
872147816
396724440
-739187064
-175277436
-521244122
-142307520
165841612
-453837464
-169933277
224701950
213127605
32307175
-50505597
11813504
-115824828
770540940
-636408564
492294074
-163319632
-346804929
472524395
-32552268
760109805
-17963740
-70329664
-302202705
-18531425
238591980
164483973
-919357712
-78981831
-289994292
75990020
9393868
517392
-278887155
491594103
-32416470
-124212672
125882848
244068412
-314078999
-344799004
-236256768
63771006
-758049840
-69499463
-102750962
-158319648
64812613
-295103527
550996105
51606152
777252794
-450956772
543184272
-579209859
148890003
-40392498
352696278
-181723548
273969628
-226028727
-18436320
43342530
-596827755
121785332
-217933664
-70464870
585715656
477649350
-805524036
-643385400
-233128214
-542010392
498662062
-440992384
814838209
-689098536
-694861489
49017533
814116712
-55667004
413227000
366189320
-182827646
-72740260
-63654157
298324605
417511424
-616845
284149008
54475470
-287955168
-184470
-271085503
-629747184
109366605
226408826
-704591
424922146
-459207918
-84557499
171383212
-67924962
-109964074
452461704
-398007450
96381768
327142530
-211836252
144509383
-464864450
351534678
-216526756
71683656
-117050717
552093518
-226397568
-118918282
-50309784
-224787510
413369900
7117654
-912981804
-604210365
-231588720
-188553673
-661357722
574374650
31324710
-175447660
173359856
-954187872
155726425
-363528612
-456906198
-89979560
-924339504
77127552
-495532752
15357070
62749512
-229040632
-33277008
-685127520
394962633
221091144
-169027320
147572304
-477620000
-10014588
