1000
-220227483
503048634
-228604158
216423984
-9028910
419021127
62540793
-290614488
45992552
102852372
373729216
660142210
44116538
-856756922
-29113332
-733677
703600492
336504800
-230154628
660774282
273298982
553512848
-100546723
-577068672
-81999462
-138681927
-240746661
25277196
-595293116
85191624
181690516
142678260
-235059557
-58503470
-654505388
276958440
-130636275
-637849312
861138000
506575690
292534008
-376288302
-73073394
-170271066
-115719440
35828508
627086716
882318042
13324800
-136901812
7393222
812643595
-149972244
679931616
-209143080
-224180530
-739034442
578249667
8944486
270952651
129304573
-916888000
-43029734
-43165993
-843536152
-498806060
-566428329
-40805904
465297392
960906730
587310900
-366084
77395500
-348733980
-169298712
633265042
549419598
51288894
-303606720
-270250750
584959868
956946695
69008152
-57124674
-268980777
58132040
91015680
268283488
-200654832
21971040
23416668
570352825
402585376
-189201935
-741704574
-91681190
208529343
-76317714
-700530292
374886880
503313993
197243964
-48716976
96555807
-367357120
-326747652
-22749968
-3131568
393820896
468054198
631103520
273262584
446898078
-148542752
-22403494
240146091
-435294000
-334119972
156355056
893931129
-148648129
-207875504
-312361280
39807810
-375947724
-123054612
-959431492
58996188
226653224
129644320
-703962052
-282608330
206401320
355350996
299058966
-293101987
-331327362
174793570
-33154725
73491970
82974375
19832064
-357002170
-193801242
359980752
129887508
-179036340
-501666745
-5426525
100788272
118447596
-60806376
79851684
244773600
-16841265
42692104
836094132
-61905172
361925465
39649563
173815195
621442688
191946048
148614200
-186741261
423398430
-283157712
36848760
-8506320
17649525
-378303534
-47708039
-397344805
-11654214
195025272
2747371
937097530
-824088870
-16536950
532278432
36665026
156815541
30627392
-567319240
246140248
220908604
-48280708
-506017464
254023044
519987363
-57828104
-107381838
-318871737
640098788
425421424
-66831492
-157497633
-700685127
7701952
-240451020
56619256
42492155
129763008
1397285
-352824643
12350415
293483204
363934464
93526044
813831837
-21723030
-461453850
-53611090
183497996
287164304
-142956772
116147900
78264591
-242203256
-478171349
-268241267
69215126
-310362948
-164226074
-45671712
360890526
-161632180
626420403
-105928445
-716113090
30113528
620512767
-9565655
751434036
-26958074
275435622
32961328
8345112
-729743716
-506135112
84468846
30698849
-326250867
140534230
993257680
465262874
-97812228
-22114998
-627524340
-84604209
-150345360
-113274000
156755295
735698825
-58577610
-72445110
-503431262
185403126
-56490532
-562630020
317562180
13132878
-69994626
297970225
209551470
-556972928
17966424
-80447895
-692748320
129749945
-180885760
86214744
245456848
647072432
293739260
-143833678
453722392
-14044650
30404104
647515805
-337806008
248894996
60909537
81925005
5094668
636935352
-252752192
-380226756
701471210
-161720268
-399383268
322684030
473687928
-235944000
-309014695
-323959840
-32212136
-9394328
-593232720
428925
-60391464
-150644004
-32504184
-34560218
189243224
-226518504
279317865
37533210
582647406
-540211408
-4564500
-388912614
-67696331
284387880
98057500
153268896
-732641841
-264305970
-24421878
363680199
19854
727564320
17011124
-99131526
-526476368
-987512756
-285663368
-22509567
207610224
-413975045
453002590
392791478
-27681276
63618324
187878304
-606286272
86438924
-221215696
179423256
2344716
175665618
-50615300
22270382
870377700
318753228
-453830514
301324650
-54657005
-649570311
506808473
-924004863
-31107336
-10077830
-410999568
50650055
791865517
-712112973
37793897
-227558473
33490499
-511050820
833457800
-72760400
-223335570
-646907875
-309501374
177437780
422233992
-920822996
-282568536
550252821
-47766180
-711816856
-105144040
-843322316
-243700507
215141664
598816152
231694320
-202665000
62751293
209494518
948175
112847735
638324928
45997635
-179815996
34375940
-64205312
775106203
267468390
114345048
37139894
-170656402
364710024
-67239970
97036743
-18876930
-6882316
5477858
301109378
54904910
424367524
133091256
812806236
64509725
99918442
152420883
331830802
381158934
203721408
475275675
293107008
488180394
-353003565
-850696075
-397893117
143030880
-256123582
-651160000
-883179804
154095628
185652036
-353206151
217716016
-148941422
-2825216
-352272578
-323281080
-52737804
830135308
-132476366
228362904
-56702646
-29864978
389292408
-79520048
-33352481
216296740
-768626478
-176227260
319709764
-64033200
-72205641
-396939732
-41727140
-189457704
-117475566
365057490
-256463844
-702916071
-895884341
-39332754
61037820
-39375125
-593286687
163071087
470480340
539394408
-687382841
238325328
841519013
-260350502
573435288
-134622847
-179878300
-7925175
-1038746808
709929470
-53290566
4579146
-807424044
-139469924
-71161542
-13342896
-272326265
-184540980
-677380151
-29384270
-28007892
-325505409
410964156
-92988885
63248000
59219041
-153329031
472383471
112908978
-154896225
-105218931
-818643704
85802080
-659504524
-14277280
562022812
-402704706
-110678720
174212802
109453344
-332339712
64961200
-6522352
162938380
-18336836
477973440
1062328760
-324675255
603498142
110758464
-158939662
311037516
-260007384
-451486964
69748688
-12007422
357839290
-268279748
220658841
-105476460
-52833606
-399799917
545255576
13661425
127967994
-207482212
-419885928
-512900829
-64193082
-240702540
-118811112
-7747872
3445630
449717790
-726371790
90964080
-149115660
-19681920
104702524
-235359789
-214570944
28112305
-265993965
-748404248
22803166
25677288
907613288
186324418
518188900
4145087
316694717
11568130
173515758
803781864
-48238920
594877118
172738224
-187458436
-15179708
-272973890
-307966957
439504884
94310442
626880597
516637208
-89013492
398818212
71648123
552050094
-142539520
391646813
-688046004
81044208
-401787621
-664007874
-229104064
311426080
-356909960
-145705704
143090745
-362978472
-193948223
2388000
22056195
-736160184
-1101449
-325064100
731490375
23462636
7103797
429607340
-43964685
-59311616
18987674
96095467
-317252020
1039269580
-131458259
-17203067
-633987698
169411296
-27036212
-860403402
6978015
-183011940
-96903474
161472654
-31137573
-31744279
-965256753
4735430
286653213
-716130430
-351260161
-315290276
-317113566
417188080
-283857720
-51785397
335888965
2418950
6016668
-301318963
-211232736
-147937671
81353001
-70298745
-166270696
146145978
1046845436
-385931637
75942408
-313942048
248687680
-476259735
13320672
484163810
61526688
-26858916
-158361920
-382285940
412470032
7651170
-443631060
-563983786
-52623718
372543785
-24767127
-4425850
-145304532
-535043388
542751030
386810580
-190866550
285534236
-893851682
-101097451
-323780927
146589108
-96208081
501117738
529787412
-80558730
-17668096
-1182360
7288050
-261215230
-247050468
-19410712
-39391872
-632603853
-568279534
217100611
-374672970
-64305997
83083636
-102389273
76436997
-107750573
-332432409
468826046
597362370
-570081168
-281408536
-441879013
-405715820
237312390
-147862950
-107635902
-119238210
550122700
-326413970
51772731
-192943950
280553517
937858278
209800871
-391378876
190497296
95608062
-925886663
-717235200
-165581088
575933574
62702200
-118508819
49568202
-28414360
-733419855
-172149516
-222872430
-354808734
-144021834
525060968
158600292
-532743750
-104164500
650402348
11187504
284474400
-104817851
-537221962
55522965
-104385848
340202240
-387274912
-8672593
-246393960
-14439348
39387484
-23220344
-16005028
44143125
560428128
-100333156
670573134
-69597333
6067205
-73688736
110669880
-501818890
454270050
-51777616
98928925
-9008145
-321509894
-84393832
68660306
-56362250
344422620
-83893397
522088596
-565209180
97492395
-457305372
-82365008
282741494
194042420
-48152827
-358175720
120099760
772670944
-876402436
651715570
-708441180
-132533235
194669319
-216665932
905274117
-207189710
-172734790
-58011660
-18529115
-551137845
481542663
26408844
-272038299
444541662
291335632
-88287243
243729744
-5295900
179448192
-106901835
417213279
539392900
-505585880
-101967075
447847050
306542880
-22113564
622894554
373002005
-50348332
-451247312
3315224
-39981645
-47804292
-59517524
423804715
-194968274
-145019702
748345697
58956885
-421813876
-385458288
-227040273
-549686837
-53851200
313639175
330335073
212386930
863325375
-35551224
-371382590
343544898
21717480
896716740
-835010715
-211643850
62547030
-530071745
-52656996
210626362
175678142
18945576
98465255
-94367649
580448932
119629785
-32702164
-37740284
-124634125
562999653
269278893
-254898864
-25906645
-116932226
-548559160
118509300
32835705
-28028490
-14295164
-265599936
469751194
546556140
-15884232
909327815
-152557001
-126039825
300921696
-76825520
51831535
678130432
202495722
63579945
127477972
238619094
609464632
56116720
439237254
-129395952
-257973111
-7930844
-57587400
-150497634
733012265
729095696
348924800
755140485
-487242152
-506573808
110337612
756516200
-146441799
-29552625
-279257375
-80056450
4963104
-93478020
-132531105
-270701184
-180234423
130924280
-21042682
665505368
-33075900
-29628580
586241904
-207273282
133733610
-739156764
-7943859
285851724
216917632
725112868
554045994
441505812
422232944
248477180
170575947
420169025
131060064
-71559555
-784887260
-422850348
116895560
142048737
99078616
-517398672
-180738874
-629165460
153231543
40051973
64192518
-216906795
-97251360
70991430
-610321140
-16275900
325540911
347900516
133285404
252713604
-689640855
369360705
-2199120
498811422
-63455850
337454383
-302884930
66816462
-506548509
-20241760
-392152372
3965350
-261463468
-247216866
-263865960
-383794312
381751211
-144562433
8242452
-60716190
36460800
-23627032
-122644800
-5893815
-583345268
817336320
-288762268
245450733
84391424
122951296
-314415600
233340912
-54059200
593649056
-407892978
18820130
54613980
123715504
-401419315
401163243
-279839742
-125757868
483015368
32006216
-332260000
-169836100
169509826
135662877
-38820758
-89413270
359519348
-78278130
-199757304
-95198202
487683072
24409868
232555645
125884296
739313718
480728722
-176646764
-13748571
-91079040
-105937977
-193549561
34688832
-319597665
356830716
778580556
88572736
-75074284
834382500
1020924814
590260398
193011346
508088764
-61359456
