1000
11313076
-83974257
523178298
364667328
133886872
-472514472
20081385
-270826848
384653349
-118543671
748285372
31499850
61490208
84625424
-194422440
-123197324
-3443580
-204107330
-94157168
-6857217
105831572
107789485
389271916
-637737529
-261632380
-261499940
272813904
146506580
394916295
485744350
19205874
-121773760
41192189
-22226442
-541154480
-73910662
-597717358
161626420
-201024312
-349975346
-140339789
-195790624
103596736
409853422
546450947
458218123
-23735936
-730889190
-540469390
178659
-992449050
-548997934
-271043556
-69909370
-354271164
304331956
-362029590
12094717
150825832
-21572392
648807390
-783743767
464290866
-391490314
-480284160
175891058
63399154
-70035864
-11639995
580707708
-224150340
-257920406
67898064
5008856
-6833676
33298658
225603846
335081600
-248506133
-17568639
-371401328
46306005
-111397952
-176865132
11158218
-8210694
-134081220
7459716
-47016165
-122342688
241845184
113881705
-712485888
-174303063
119444878
109854816
-284488803
-592328
-440612211
-42543956
-4224290
-221942244
-10901485
-70915760
626008112
-177468928
606846501
83632646
-412756134
-316364919
-123283020
-85339968
-3257979
-163772752
-20326663
-240729896
-59148980
32543916
2621152
-219305625
717407169
466775271
-93848580
-31251792
538017624
-454364160
12859920
134131798
275232672
-140605025
211958013
-15136017
-56688100
422915124
184919637
-331563244
279096084
-499579086
438230120
295161160
304683282
-436206060
-730270458
-434840040
32445529
33311360
-3791706
-25596489
144964100
-73014546
-465937131
-498428031
119658868
3629700
746107628
172043508
-364950964
43887519
145034220
-248358726
-830674116
157323168
-159150387
-22475760
-358930952
-175571134
-728575491
-683303418
-69004000
71491085
269784395
72417522
-288153600
415239867
-631410000
-478635236
79111285
115529096
-50432895
-619930592
622454497
-17974134
604569006
382342680
-83666250
-228963024
24754576
-137497555
36536096
109523160
-19860808
-569358416
-66458080
-307729700
-124855776
-68864705
73526760
-396775668
-225160335
549848
-105402240
-5476056
221949315
272520872
-348582504
-107753217
295283432
180982176
77151852
120372459
-644581735
-12760630
952603561
218983100
-86480784
2365629
907632737
379131126
104973600
565299453
377986092
-646583453
-494377530
-327489760
31262980
514323852
-443005200
-94263790
-494382378
812755320
-15070575
-432191025
297364752
3812250
24662720
-369023405
-837424119
-697091406
21559824
-275907156
-47853585
-55614276
14063994
-704096480
54491524
276679557
-214427248
148860086
74318390
42539160
-210947605
79920717
133562198
1020286046
380175
-389695950
12186720
-288433572
358767756
-4400274
-572577005
149458540
145283821
413058420
-18606042
62429535
192653940
-185137428
-223619656
-326764808
-72212795
359563932
-26545464
-154397562
454483283
-26773621
-433288723
139542552
-126157045
326934480
-246832056
-180938740
-8746716
-236565693
-169978005
-704009944
-532946848
554946480
336991655
-4006968
-664659710
-131473800
99965250
665876225
-101116928
724578252
-594327882
-219758092
48847141
-73062864
16816426
80198607
204436196
114891561
490263270
-103595250
-79234438
-439387284
-448521260
461908791
-81654672
-23839040
254311619
119844439
265449632
-154900130
25372440
-227096064
14037257
-103335796
542405080
-307792992
468453094
-241105963
-216401160
-527020230
6602884
-489701758
176924202
389612174
-194663151
279058688
-57883884
12252016
183445303
-139288782
-215189282
335111136
-562292988
-19032036
-208754175
-276628515
-39193656
64060626
176073180
-254734234
420242784
157969021
-309982666
-757804460
-27631560
16566816
185228192
-270250680
-82746230
21918160
-98787780
-12093857
-124882828
-114763260
-201641526
110358600
-4085622
-708715106
495962000
-261967178
-61965552
-717615448
-159258864
-26551973
-670784544
505720469
194352235
-148812792
-50198960
-145745331
-237689406
-3379950
20664036
181209863
353007656
192900634
-318784389
-505090383
70617210
-363586584
86973105
108269925
134213760
690178720
48999510
223907900
419503314
11687910
212217332
-114940587
9356795
-17751399
-42033580
19879200
-11859536
-16329900
-95711220
773243277
28433427
217431328
-400643100
20838312
259957188
346874464
-234141950
-6631015
305883896
-190291848
-908832816
483626460
-383412132
220312386
-429641982
719261504
-952910028
-304682529
729215396
202732208
105126827
-454639172
29077824
491513841
-263423994
-126623707
419942420
540090204
277560801
-18690864
-795795254
52485810
814801092
-68842227
72044832
153788425
650458250
-459762556
-425172440
-5609670
385441000
226348181
-130975572
-324825480
286360325
7373478
-344196286
-545351275
182417658
170258896
-143351421
-31076484
37921548
-98474400
111746466
-5392808
9775208
-183869314
445466670
-292299450
35281782
217146168
32944110
-374149260
-62002116
-361837710
-90901920
384876129
-91617573
-329502988
241126470
-84577489
453327592
379747839
-186120025
-707839182
-200540193
1141254
-181516869
-74096052
302569190
778431003
-289777014
928569520
160709126
-301807066
53009526
-133072942
553072650
-96487756
-631752000
265339365
-334784320
-201655856
-775200
458669694
12491600
199126464
119744440
244833732
-628290948
-1895348
116234191
-26577812
-49988978
-155536400
-879601448
190213596
-113436764
-62618991
171809610
561300
138136995
475020
-329715200
-714021516
-113003836
-323814474
151085960
471034850
-380081370
-25968397
-369823630
-745976880
91668825
-406150950
577198126
64064928
-195492555
534731958
-81865548
-120648913
-60160044
809169760
138590256
-183202524
47269404
189453766
202487610
-57488640
-345664950
227821100
401782518
-104323032
235879476
-279842829
115802080
-64250900
108823767
261950855
196851502
-202050780
101980116
618675470
718900790
-764875580
135589050
10548432
-609240492
-250407663
175374918
704399403
326395254
-292294972
166173392
-154605048
-47269162
-583646715
-220360
-370417993
255240069
171297148
-108668276
176259006
-167267296
727017561
238535376
332086161
142751999
-207536061
689194155
116983842
475498156
81274050
-328651533
64167365
100353070
-684567800
9507029
-798524005
-136085980
74879460
184379841
336203784
226808808
62435740
-868250282
511055400
93470422
-521777425
999782399
-218353716
-488597424
437286662
640651518
496291152
313118232
284318812
-201366018
2448572
-4207672
-913986240
-58741090
75173589
-720843222
-120752544
-184865313
115460058
-116253286
-313949312
56839623
-12780227
857978001
42753816
75902502
-91053123
539971824
678978528
-106346526
236361846
198776736
-314552830
404883764
-97305708
910465660
-304851561
182220269
-411294880
-430844685
-579774936
-115345204
504342720
899426970
-104914170
-15599747
-340735474
202232464
141751746
-255076371
658891926
-304798944
-8326472
489880832
-10624320
453966720
-162738721
60004126
9671105
145753750
-5611875
231726066
-65079000
11631246
-598628160
850136133
-7678749
-31638113
-428584800
82375998
-517576725
208328328
226319768
68536550
79532442
-701713852
-65402587
-2943662
-338800035
46568790
18103335
-99317944
-13045571
191039262
403877040
187377165
28439136
-488369538
175450961
-169517544
570502356
3044800
-31350187
177180080
-122129907
-181456164
-211143552
-989265992
152038188
-626256972
-243669728
-717022658
-61915986
169783426
-184010046
209456938
-535270788
42508512
-5317260
867822636
-43015980
-109776345
-89687934
94646007
106576800
-52123239
-696178626
291641982
-605390880
240144912
-125270704
311966704
88523250
8176224
593660301
212773656
-9526125
180507861
487043453
232487748
713609100
-271638128
-89759952
-345284370
-66529176
294680691
484165607
8506112
-541053750
-513611706
472191980
40756773
-35471920
-156324027
597875822
-222872793
383743272
-370671160
305082687
37925865
-13268570
74391752
261554736
-21099487
138823957
-112471700
-181706148
-582369480
67362840
316239834
1014171480
-460038348
449464576
313434144
101355730
-333765206
-17480835
200578356
-82108000
63277858
66765960
-464363430
36589248
164515851
97034700
-575834738
183986100
743432546
412808836
-244537696
641297098
-76315252
-439003350
-95537788
206438412
-320356008
-243987498
-32000770
437896388
-9435048
-115018670
-215871775
371016261
23477180
54523794
73475820
22317372
4746865
238781313
-56175084
612812244
-303935020
-332142010
-495932295
202554033
-181183968
488140100
-60043524
-50549760
359096655
-369632650
-168656158
-67378280
210448442
250710002
-70236156
-80382365
-135180948
-820719999
619734100
491473300
-407669936
-159316257
-357819705
-132501796
7537376
-43824144
-78653970
496792088
200431690
-216374080
702129816
14419092
260955660
-363494794
-11271168
14249680
-270315414
131903176
-1808760
805032550
441862964
146677412
-139248720
-66276384
69582662
104618822
269833476
748633794
-48454180
-45551264
-184968
15054498
115424036
56319179
395636147
-54268650
397970496
313609020
-68294304
827057154
-85914360
60339465
69766842
-4714077
76057916
16810234
-422114918
-70606848
-5993928
-230587254
152359819
3318042
1721862
-151442200
26442500
645507714
-172109224
825359988
-374341806
-243560304
218657460
-74259448
-309631319
163677496
399041557
-763431760
-150557400
278349456
-157523190
464940325
-785520068
63632000
388763353
-771809390
-85561281
476802528
-60388475
212142756
-64549611
-546539547
363968575
386622381
147426175
348551276
-567678212
-39682692
-301258910
720876556
117394503
-228064060
-25068030
-538480165
858833865
179024403
286199958
4823976
26931454
-13557456
-304931250
-46556203
-337210775
4976170
69948090
81694872
455829335
-450009810
137477970
49614221
-209450286
697000632
106122752
-351382498
532500901
119609820
119005218
-42352570
-138522860
-368579219
-56857350
-319650032
-183065625
324910438
179468970
551544578
191929508
-322146474
24244228
-227158028
-38195448
-540557050
80136654
-110885713
659711038
203794850
-21083040
422119656
22611375
54457128
-475478484
-94098701
484974861
544038711
-70378886
-658972360
267983586
-316799685
186321288
-370265625
-462291882
25150195
10470681
-12368872
-109977552
43578664
3312946
107671290
-43140303
-211501758
-434946336
175409521
-136879416
247984800
83667456
293208209
7051293
-297882585
209851352
-46588577
-378851715
-13445010
36889488
-32534934
79826880
-34689520
-163092655
980326530
