1000
-21994476
94507861
-286084890
-478215204
-550454304
-46216868
-87579360
-103335116
10856349
-25140960
192926048
210208440
-156474780
-47775288
6638564
-22877478
10429881
39874464
9408438
-449835298
420987424
-577364445
682665990
902297250
-378750833
119224710
309912946
-134946020
-635033694
-111158950
610544610
-134494794
-212284016
-741121746
1000865876
-455589988
-386259250
-267755956
95988888
448398271
-145103198
317863450
-421284591
209878404
-485248104
159913049
7887632
-221226228
-4928156
-30163812
95692995
600283845
-242463625
21509415
28852516
265584292
-237904036
-85390536
799936592
50665967
-157485042
3970092
280076748
-26140101
39604530
81104
144590160
494878312
-31320612
-537588169
26206062
-174287098
-253121160
-50511717
-175383225
-88897041
-762535214
50817000
323555582
219240735
204105132
-376926925
4898315
119157840
553291144
-118046138
148208301
-988478920
-194057386
100959844
99702756
-697845498
-1154242
9077445
380020306
492438528
568615008
-625031010
-23648574
63338587
-104948280
86539906
-45195904
422230540
65205423
-12001577
16256690
-164073078
-47310720
104204560
117497888
-51066323
-362703960
-52905240
73676791
-48134826
115628700
-110347140
19718130
-194742100
-398898882
-12931386
647067344
-352713636
-431429757
208448392
258190790
67264717
-326534
654321904
-271543104
-238358250
512233184
-566469904
890925464
477995340
192900216
-9797813
22359318
-286240329
81051984
72740920
86226251
51934617
-83037140
-36785035
-848743280
-109533228
14501800
-227800
197434720
366624644
20288520
-536893008
124811462
238875296
77168350
-7107870
295771906
670725982
17838912
595666130
-360624660
-100057760
-592198150
44706168
-335530790
-11187360
86551002
574739556
48667518
-101396770
-50277440
-168784658
-312411008
399183144
-580716912
-1273805
-90506670
25998680
419530416
152758558
345240544
-515804856
-297460101
80772120
-130951140
-188161636
-5137648
380297617
-4427546
562791666
126905888
-767571120
123053990
108531756
-468983060
74175810
-27534764
778870
-202576068
-56334544
201454677
-876925065
227197509
-367374624
63858000
-23682540
-335370644
-46099500
73131961
-580179840
-739917128
-213456386
103534335
5508396
-195205734
196319264
45214399
7303399
-652122114
303018912
10318560
-151983810
296244589
443770726
-401849952
-513440800
308540124
-680832416
123266994
-444425696
71946680
-521822155
312693428
-61830
76283790
200758192
9378427
-359248230
326079306
-79221940
-94159968
-352805016
331895520
337741416
-247051456
-665862120
230097960
99630196
-186113200
-39663994
550158840
340126065
-479783634
55702395
12680374
-731919258
-409715760
193473385
100005287
-563911253
778772686
-88805025
264293320
15960888
-118971160
-105767766
58884800
22127350
806306289
181055636
85493085
277881768
182087210
22441705
-762984927
-263218564
35732970
761228743
339485445
-984411494
976140
-83203719
-1471911
824310720
382061001
43914882
16690882
172607212
-218006306
322920882
-262908324
-202928
350023984
136380024
-226218200
-112494090
463469904
-238313176
662998
-167292920
-273456844
146878446
191616090
-117905390
-50796068
-183310065
102640384
-188479799
-590137096
-510017274
62627436
-471590406
289976838
318781036
-246736709
-107807616
-848346408
194114336
11318448
57460480
215329040
-533162304
-33345900
235928581
4980668
-282244464
-179540013
-55769046
-230334338
-52834900
153831978
961296336
386773146
-850156482
-108116200
240790596
-106281186
134825640
38665600
23667207
150124800
-212146803
-70581250
-567447732
-582504370
-118647760
505758259
129061078
-130189400
55815000
301163408
782694468
-126435291
642562000
900266828
11399388
505780128
83562468
-13264955
-399990976
720898626
357416619
-461167399
343981648
475725300
-16069248
-685936485
36957976
90143136
-158430600
56199300
-4247654
701351262
-301190715
-606024240
-134822255
-235931018
204102837
12848128
270263340
51413050
-775643467
34698816
498489986
-446946966
6718375
433061874
-684359235
-616171430
458297445
270785416
10625910
726832092
371288918
58183755
-9393300
803446350
-152181966
-360124434
-120261927
-33486840
10875044
-112491285
-341746420
-216038080
-126988425
-79203374
509921060
33856775
181362181
420033240
61283880
189124000
729560156
-89521278
886494290
26210635
-805136520
-335680428
179330360
672186400
-146448653
64952797
-552212926
-262312184
184996792
16340370
763555587
213789745
-26826788
329048698
-408110400
89738962
51858660
318061347
-82872072
-225047655
740819340
32537808
159900442
-275272130
-221708168
-674139032
150498413
698035624
-94456135
180376088
-129538626
138846582
486750096
-339097980
-422331858
49834818
524921797
84698136
-39569248
-393881376
-349164480
267321705
-213976048
374584782
142207872
326977700
28094132
-921116850
-59487204
-149770000
233052364
-468404720
93901563
923554166
98256240
-282212840
-40338627
-460891372
-515255561
-222738175
-772935180
800156706
-234446250
-341295326
-261136797
-140467446
-4069982
58829846
-95197348
-11142864
124455786
351366204
-50041824
648708099
42743122
245115000
-873086370
-474449584
314822970
-296127111
422865936
274479700
-37291300
-589880202
-324857239
640558690
-89108800
306206080
431357830
-481847235
-801632850
-18375344
216634825
-301263750
-299219042
85138878
81207120
598093034
678256380
-18588771
269625440
-58199172
-315976707
-46375888
454275658
663951885
-990564172
-8516592
447286488
167902196
56762856
534665370
-61971596
7793193
295060155
498340171
-223068892
-364252020
472323234
81743025
624467376
137733575
-339270622
133042686
201246504
519040899
184874143
-58925700
353424652
-86013666
99119861
35529564
-776687436
-119514843
163753320
-170232192
-17966690
-813741500
330508744
-323856000
-14790600
88665226
104159724
52742832
-780593454
140546977
108155880
873386232
56648067
-62369703
38533833
-64308471
-62469033
-280414456
-84935900
-99435210
357493430
-254527434
-791855427
302482924
-758802519
631522827
35105042
12163299
108273946
-107472298
-371419803
369149391
-554282063
229297026
29579125
420739499
-220952004
511873935
-584440920
117616112
122170356
182055150
-120295604
-330924558
130092171
-275904
-285463156
7788429
-333550275
44014040
240625200
13542444
180010831
-3995264
-346562356
406925340
-500812999
-168426466
-83020820
154082448
350466796
529152442
-240527084
514881854
341497327
-331932573
-389757144
110261439
-407628496
-100007070
26938736
-443868336
158298048
-111028746
566578550
694707471
443008936
106675246
390748064
297917469
-180331094
61164564
-3673026
-136008906
-39800266
-263304
-79555229
52209550
731129496
-1215023
-417800400
118836724
-444494688
-316308200
-194811186
-106978768
-393624396
-788265856
-411922319
-130652412
-80030340
-41192247
-271395360
-117386784
522128640
366512360
-1843488
-238698838
190376340
141397424
-69670554
-577155000
-343069826
-296635800
-537547500
26912056
-512934230
-194291535
316686630
8347850
22587900
-559582002
241869936
47427912
473285106
299086848
-17413300
198175572
42856196
-166242081
208363344
218798640
393613308
233759680
54054600
441108800
-174552492
-94915296
-397626496
93671530
-95932488
-527671755
81450399
-22671649
-33230736
-680943796
-25429361
38079461
-328448880
248485740
1054312
377820917
406472176
119083770
-122190638
21414490
-580864746
65714851
-554467240
-349461000
-55216756
-4644349
-319146065
620173298
167257065
-292838840
-740646921
578771616
-181383690
-259060032
-204501760
261991092
86362678
784776440
619847680
170290750
-365350128
878646669
-835621862
424380450
-424633381
276807168
225349740
-370153326
13836700
-41149056
576481672
-726256120
-618616928
765240
146241340
11885890
59586912
-5944836
-656392365
6243480
-559260636
-256058928
31547408
-383314470
-876599500
-43256640
-517420900
-105034084
-188599716
114594302
367220942
-177864192
-237015000
-5438940
29009946
129267514
-38441592
391448036
-472282408
-48938604
-729284014
540078132
19904061
177098949
613912320
32806268
187443018
171063344
-242586760
422392700
-22456480
652534675
-417342356
138853110
14517468
276618134
-249299270
-173656818
552496425
-636317271
412231464
9031520
-5847548
733245090
-750894262
591567314
430581375
400098636
-378139120
-608511636
38642487
150859392
-77166105
-226172070
99058344
-746819100
2872260
-179595416
416679184
567612864
156467034
-14186480
240828532
43432488
857440000
-37394784
8941455
37351120
-2113662
-841460004
54242866
-83860585
-417030320
206106980
200626907
-224361080
-465097675
-25222092
-10025920
93481755
-936480662
-92442240
293285521
67415628
-535051452
-114492690
-44249184
53842257
359345351
129873874
-126070065
675743952
-468868638
-426428148
672011288
-139656159
842628475
-789466825
293304064
-12420921
75817500
49732545
50035462
-183593938
248337600
110744012
-669617753
-464693240
368820050
-754699824
434356420
-195965615
106863200
-420236347
43747530
37283556
-176002424
-20554889
773868585
-551352432
482380340
-873575622
358931379
181375194
-579137347
-405109830
-12998880
-173575440
92658790
40522895
-65838060
-285187593
-5795802
-647968230
334874520
960927632
60891761
345056652
131080368
-225689137
23379206
-77118492
188136614
-316830950
-266239057
12568790
-53839896
-144931131
-85064496
-24015986
-67791240
-97429188
-24173184
-167935537
129361888
-147668717
562584092
-412687415
627681120
912519168
50196432
-36810775
-98568880
351508584
-260915404
-172940800
-372825450
319298400
-392557630
366680672
117555300
-620023261
6320934
-98056160
-455002089
300741714
88886686
68972736
-748518302
-18998268
-155079765
634616775
-232652475
48682016
-34621376
555175693
210192488
-271913376
-232364718
-10339350
-282327828
-737639240
-158039622
-391420998
163479666
-322127134
-92962363
23437455
174334505
-5528005
152374860
124045404
-276882480
-112285440
-729451965
-32699608
-68504973
-832346412
167828202
686917724
-233789388
604834305
176946000
393215900
256850440
9426972
-127540196
-205412220
-246019056
157986796
-249924675
209605313
-96797320
144870984
58889200
203339862
3414456
-32248839
-228767448
-99436640
238864992
64775328
-147484745
131762250
557096583
-575787888
-1263224
3419040
-107173920
-472097097
-168225128
32708312
-267099060
528754230
200368837
19796635
-198649920
324951480
-281724564
