1000
45623888
-157157880
-19897208
-757878966
-28820745
556677540
41889492
-645203370
125502204
97858380
614675755
-23610800
-135165453
-409127862
-755496504
-667020580
-78944730
86137590
166199800
2963506
-716357208
-413972930
-241307924
-166585980
-21493836
141798904
-914535856
21019956
-295740365
304352391
-529140818
959929905
-9826359
-766990550
4580388
123520768
-457172285
-187627560
-207778704
265762812
313190853
-95308325
28507514
-49574700
322543200
-42360766
-98458254
-40284100
675648630
-919561000
364275200
-12133869
-98308
122780448
265967070
-262590210
-222209788
-653866256
128038130
410166797
-166098326
-160473810
42414397
36921761
-192801150
108081099
23892048
261346092
46830210
5936696
691604420
862012745
16636155
-401771986
-81471145
-647207050
-14806000
-148144900
-326988858
26711230
-67572960
784384305
-377974980
-243332254
53997196
53278968
-318707550
-236068458
418032158
17753436
174553351
-245914768
-271977414
-886886336
-300902202
-820226679
59709552
-154633764
15656560
-1026802
180300470
120744347
5715960
-831948754
-380948808
129240334
-132120303
195175736
3242504
120691316
-116057302
-168336072
-178208028
-33451800
-475420518
530939640
-167821899
78432550
92174068
-11182640
-13077475
310416826
-555503728
-223099723
-715804596
-322238280
136042830
-644328000
659277603
-863365366
264079704
-77920639
365801022
-676556375
-686035050
-345430976
-90530726
-79979132
-31110525
948523728
-46867752
-115623440
-112432156
921022029
433196751
-593421192
-188601741
534294519
-643771840
-326752550
86002693
-726767040
254055577
-552739404
-387323532
-18454000
445659400
85357056
123217678
398431872
54229875
-402596852
84933192
2709080
-82055930
431361944
-681499130
126982713
2749643
-738607584
913087986
10958294
-134836626
-306089280
62591568
-238129290
-77784624
94775792
370910928
-36466131
19324032
832349502
362119725
-117806590
285889400
268947923
200194855
57612060
-949697136
-216755856
-496523788
281696688
427039371
590124659
51569946
-130864283
-46503360
-465231480
90756690
174720714
-538119792
-125275821
-563068800
-2215965
-644929506
-323883513
146769364
-235043287
474568801
-83840298
621528
-408537388
211689049
302722277
185860364
93194720
207671710
-34571450
-38704500
230946326
148756080
567840460
-44143814
-204160215
504409006
34804035
-11589930
-451765310
-8707317
-249166446
126310377
-132089190
-750190906
132592598
-364468560
-35763444
36557973
37198320
-407511950
-169530075
91735956
-651577920
-810503500
-414037745
-500725050
531917067
150213921
-150664164
29866720
-147427005
69140300
-89277268
256603464
10330694
-188060358
122604966
378758270
328741567
215403784
123832562
411265128
-15599225
-184546212
-645979645
-53708634
6294519
-536603412
25664560
-341340400
-184327352
176072169
-53836398
37735740
-315117774
-517552639
-332109148
-491471651
162589059
515781600
2839340
-573400786
218153520
-15070776
-7369376
388549975
2583020
-85285216
-515808468
-512884015
34317807
26204218
-300236384
83348265
607244114
-20202306
-856682736
-26273143
193911153
71323296
-561052800
86034344
65527290
-382469470
590772474
152900514
85360870
-325646884
-476039520
2771001
-340865160
-213727668
655659510
-220643864
-446531352
-261783744
278177706
187614336
-8653831
-532752
-134103174
247651687
-484959600
-409935474
237027297
306247880
-42058304
481974768
-364414390
134968695
978997800
-668463330
-474714702
-174429588
15036554
-106170392
393076070
-548991540
-9904275
-319336338
-426160512
-608027456
634036745
-640122389
-228645681
-151681337
-54124636
-133614000
-798235900
-69376208
192380832
96582085
-266514844
851471250
-40174497
315137970
-11021271
-489215400
261376960
877448044
43175860
-31588130
-127506504
-279214803
179559563
-294116416
-104195000
27526450
-279151920
451263600
-574706610
-676107000
-164471430
-239033604
73957968
121636776
-50128460
2952186
664302366
-108679506
208028730
-756634690
153168826
886420653
-83100693
-555861354
-29322125
-30016840
129660480
-37533195
35331296
-302726620
-326526554
178529198
-208863763
394934667
-142202224
-757562190
119736333
227438835
-73178235
-603112545
306952524
354084696
-239439690
-352448849
2946460
-27238752
216369212
345205861
-106376166
-187706332
-271029930
-810616950
7589808
-497433620
-116732980
-9241050
58021820
394787085
-194527575
-975400408
-457020562
-103907753
-13482768
904758480
-811465300
354553164
208275219
-446765876
-386464872
822059922
279549564
-120064272
-871720000
-440176900
-356081928
-630166056
-210194685
228830449
140328895
665401182
28093706
784704997
-434164392
272565250
148848720
689121979
-23845246
-239611698
674077312
432799126
139289962
-109378530
-491987512
744709427
-152825544
-127827702
30434796
61522860
-23172723
120993075
-204875125
203902998
8771892
-13406328
-260808550
2232045
-301952006
153047853
259878332
12492050
-867313050
-343334992
351883624
98241
6357984
362773832
-86228576
-476029896
-306327714
400751580
26253934
-338633100
239836675
79748288
-38230113
-369886960
-731023430
943191223
-207687700
142224912
257606673
-445923083
-542022988
-441640836
-150587703
-57978396
-433086059
-35946108
-687665674
35265330
-234903562
804339800
-44924076
-227355365
-330816978
-73082972
-83008016
81938640
9153590
-309482883
266583488
94635268
530833485
-191207440
-32425653
-237658080
223095312
-72260592
511658875
695558870
-86362562
75801984
-253300432
133625536
-152104355
-6817391
651478620
42757750
217419257
-41966582
68121216
166274680
-914732136
-18585175
-26806590
-230794368
441304365
-46122912
-953958380
-225817736
323347917
122540580
15406743
174832735
-63358471
493598574
187306876
1000217526
652596830
-346311040
-251188586
-47940800
90110645
-108001288
645683728
113641290
406208286
116348868
-65704902
105018844
-82187939
305552448
355118797
-39275668
-22878148
-32229470
-171514574
284571990
55893632
-304304
5768896
-116781840
144119332
670472292
-32393335
-108269280
-440681225
-308262402
164495646
243938250
-193599504
-64936940
177646842
-475247331
-32827865
-15495600
-336000222
21968418
586465386
-450352310
-606170952
462187711
-485052768
74194905
-285397288
-842893596
304849168
361044348
8422295
70851248
43945613
-153026923
-94747120
571348550
-220765050
53254680
324623449
-48678021
-34645132
-387286500
-565506800
-329634030
490397544
-127456988
124871028
-16407818
-387157208
-265411552
241580200
6560397
-383361660
113775521
-687131928
-145604910
413125533
-42283816
-269275680
-320939712
-875822346
390897892
-152624682
2490912
-47658780
-626562300
32801034
196999692
455164752
372826464
-360101220
-799284060
54794286
155121336
-70700336
300504496
-304167380
309083544
-138616296
10574756
-32767346
-21519030
758588
-62173098
57224076
-17186750
-28746484
-409819714
-290945492
484006859
38831400
-530719982
-37908294
29150394
27691623
-23449786
-779619477
-67945080
169485988
549059487
290365656
-550110822
238463258
21747250
-761869086
435513750
-140793490
38826359
-225006075
-13220140
-463568612
-254274088
-114521440
-402962
-655071779
103010208
-370645
150011850
-495636700
19925034
-9006840
39489632
190913232
24676036
-502393316
-107511338
-36777375
-108991350
-184742400
-105171952
-441916864
118328738
320753232
-174835188
-586179978
451393677
-336909292
-229916057
89156457
-114249052
78664936
-60592848
-97489730
-543178720
-60700836
125202187
-1025092
-16935380
198493074
154520964
76825320
-469018836
-455359275
-200164910
-244674937
-119268009
145812482
419172286
-356112146
75519540
-101681650
23785520
-154182936
230886357
64014876
406908294
-222965952
94065216
291965386
5119114
294322924
5556888
210419286
76493084
-225735003
316796424
-841274400
247727097
155214976
19052040
-3685878
218012550
-254610275
113245124
111907600
-497588300
113738586
57095738
-846131344
-83301630
-1058606010
-112552886
434150008
-16809606
159385296
-950334672
-347854120
-53744760
43133475
198497964
-50885468
52805868
19123329
954114868
27507336
60808392
495662970
116951432
-47197476
-529924122
475159239
707213340
-100283912
347608044
359857080
-85420724
-394723068
67407118
-184093161
329809662
43466092
-359205642
-74224488
-194953395
169583894
-207281160
587562530
-229186600
209036575
102541216
202583160
-175731524
121578391
-502288545
347022370
-739806392
-15114453
-282750664
161961156
200606328
438984417
30142464
-201103112
324402813
570090756
4547704
133438224
33354650
-234201100
-411655370
209612622
44811635
933100968
679253283
56493080
-658918992
378264428
163692345
-965364048
-710723982
635644880
-891213664
363704630
135061028
-232041992
-438518286
66978895
648116826
-178961720
-462424317
554172160
-141503439
497855847
-758157660
-540326556
-193221028
-339292950
-402210316
-88885860
52470276
-363181725
616514008
-292297025
699450040
370260480
152379144
6245292
-28862584
-567727800
5225808
-167090112
632968822
821190297
-48456088
926594277
-47397504
-473863236
430240035
851614372
799697997
54839533
488242902
53931605
8815482
212547430
310193312
-21923543
-17806326
125997770
-55366941
-109668000
13034988
237879336
-59992360
69328454
-888936328
-150551496
33720190
-62050435
-316664400
-553134582
215815684
-543024640
79144146
-355547157
31340010
800535747
-30768311
-49556400
-534600168
774250440
-77243364
-277028150
89888568
2224200
-152093840
492492000
161202400
-77253408
124448800
105533317
633548400
345702840
207718290
335287975
-184801665
-126082710
-692236226
478934688
117489350
-614959732
-646593084
-203247300
437086832
-459083946
161125285
634412160
276147566
358112248
150883805
-55030306
163750400
586809876
133978095
29640072
399688044
320552344
446409180
83751780
-55181315
-754290314
103638528
120962246
-204386720
294085890
166149646
2314220
-526341392
165524106
-220908447
111947784
10011314
327698103
-76415976
-47323338
321740452
-113537046
-346230408
-307342730
161929700
181425320
-699786880
-428698106
-25778064
92225839
-172101460
165058952
-243095055
13184354
-895873198
258778982
169058070
266499308
-80231730
-56282000
630797664
-234049725
185849466
-431203096
-220570587
-190217538
43059229
695934575
476725272
509378688
-513235329
641334750
-678371785
-160169540
52058307
-346170
-31117545
-57161670
-19471623
476694916
-162198840
779017556
-271776015
92440096
-301507614
-57723440
