1000
-258280854
-1029396475
308813119
-334949072
-91951475
136306358
-937285323
-812085325
-62380437
222267045
-632186334
585722618
29368338
-826909335
-436425462
-48069450
200535120
-201159504
-43860431
139081185
557767482
5690784
42367584
-493783305
361435627
320246522
22131816
162878146
5132673
-476293230
-179847714
556640992
350636715
-130618495
363316184
-473411520
113999328
-78238080
85845784
-332878000
205373260
501102668
215503620
575850240
-154592438
150989264
-47543814
122308156
34162000
823606
-262142848
136777614
-591034968
-14755932
39007540
-171095210
-129057500
-1379460
178388778
-204346560
352519728
489699882
-520151352
34278902
106999575
811495
-316921500
71655000
-560371770
170959516
203284069
-95028816
112825985
-168024480
-33012046
-733483785
178786314
464718980
10764432
140357448
-33625458
-751524312
555959514
462414280
212331474
12577986
-100463196
531190272
111065760
-26089780
33922670
8527152
-12389482
-680798780
3169194
-143351940
280915852
1856034
-295157648
-248173388
1831000
-532392827
-108842011
-118831040
-227905842
26635974
-8572493
592439796
276185359
-957371059
1003928612
-112808870
-218146325
-504399720
137443930
38153304
-761723144
184573418
143209430
57642912
-395213394
-752773709
672275606
-237775531
-55355190
850684095
12493237
133871295
-246295988
52631293
-374283091
146667596
388926192
-658693056
75535200
-45577620
417366376
-25580498
208535084
-183024457
29216634
-367746672
-95173760
-32972529
-29254496
697346509
-63013860
440556523
-55943010
168341346
-789520432
-25168625
202505116
19769283
408495360
-37818041
-38246853
7213787
-55968384
-50632643
630753683
-36814266
-787828340
106989942
44728326
365243607
-29221710
-335327160
157899600
730633816
247245087
323672594
233476920
-80460972
-123073027
229714800
781680153
-552772307
-565198602
585300012
59535000
-213751734
76691274
-146064240
-329320635
263865924
64652207
90610785
53594632
-346700952
118233888
350415200
83328550
-340683300
-412795532
-855161712
828384480
-363623013
-188696151
-37041880
-177187920
-53183825
474938590
-324172112
-178867614
191414464
-550889078
791564488
-175680714
-229238884
954341885
146443800
108945565
411100096
66973950
122205036
640283256
602000076
277823260
-137677505
71204898
356929416
100363660
19553676
-11645214
-498489062
369037105
102557532
-347245305
353173730
165994028
-279927738
375558284
366883350
38861626
22315344
235564412
22800025
78059889
-66183216
44410329
-266956556
-80854470
-154301211
-400683153
-109540069
-190952166
-488830382
-665001656
190158122
12409800
178166720
385276080
-502457422
-217423202
254859120
-134058396
-630122460
297716463
-93867885
171225682
151348536
194760711
15677375
522056768
724811640
269629395
-293309250
-68397952
-744039504
14170645
-179700316
-33327520
128514602
-260787426
-522579490
44662436
-238510
-178457400
77735840
681460890
97215656
7750073
-722026956
-467824039
-794585365
-350195300
99361537
-634987419
352233335
489556512
-264502093
-475284816
237352642
374030176
121120330
-71744400
665528928
-41697496
121375600
-26346976
61470099
-37707565
-605833613
241570890
-99697904
8869500
-766663756
-987173520
603001840
-390159720
87435534
-23957292
-259928550
418035592
-253895146
-115274785
-72409939
356197360
-131115200
119021760
555908921
756398510
425129904
-165493598
128499140
1714752
770348044
38230725
-14060820
-409293625
-72803376
-425438700
-829004280
654882399
-481889700
-605075520
-428303376
62554617
233601448
-372121316
60921540
-9035100
2829880
-522344290
205150518
4966920
2290308
25326703
324378309
130278924
-250380767
43886850
99288684
321214230
84835539
-116804088
-691657452
292652268
268950136
-942869300
-31440480
111681664
149839645
-17233920
-212402718
-475930620
52667268
502873686
50695488
292653027
900269496
-303705380
291819120
270613192
81740488
-330237999
-757069956
88921710
-358065920
890858820
-603879072
-55311780
58948275
285295496
-410799423
-241120495
-1026101650
-182381437
-364160733
-4500496
-151400862
-546799615
-54572504
-14906421
361811168
915570023
289034630
264071808
-910662175
-349227062
-80631432
27639243
-376899950
63216540
-157404756
34026496
36870656
632342880
289413264
4739552
-728461604
-787443618
221200901
-304251432
11315336
81075932
296571402
-613948530
-275133864
182745200
-86510592
-348448700
16212700
-417323140
634641824
-244917920
-154553836
513820266
40333692
20654400
-402694695
415649100
-42218503
93814398
111572750
902210540
-143808250
-188620768
632270296
92548052
323754264
37904465
395900070
211658115
491737480
-285024138
-42712910
-956815605
410386302
-215171532
-430964170
-59316040
-365120545
63339502
-686797652
-292576476
-30459980
17211710
22408855
591414516
-404302338
-564766925
-10268113
-32478726
-190239392
-241537230
35581391
-33797880
61060804
980275450
490644570
-314958422
-546468252
-93730500
-3302675
386954166
-119059710
29102959
-122779455
59896080
-279202290
-505194816
220894419
287359908
431078130
-254172831
-575409467
493936155
-802902976
395927632
412252999
-65815050
-15890319
-296843629
-143381280
-307842656
21981967
-4877472
-35234568
-397081480
-485071158
-142423177
-70257522
103976414
54963928
388480405
-832043704
150559344
140045620
-263568668
-3046998
-553644364
302080530
-610266
699640128
-74248485
-14108959
291119475
99731064
-84743973
305825296
-450815648
270598216
-706741833
-827892
-395167254
385166922
-136164061
-821592200
190027922
57567126
214615108
770163424
291234855
84779991
558414556
470962842
674402940
-95977296
-185134508
-233755899
223457180
-331166046
-494194974
-702374850
74444860
249649020
-154254936
44694336
72986519
32732404
271857345
-162125472
377381124
-812858844
-7634408
31140341
-202151200
71492640
373258872
-197789176
-37718543
-490898720
72240035
484336440
375029928
-6511792
16440424
143540508
-26172532
621134019
-305412372
-490335528
-88939683
484533218
-50123200
8091856
82090688
141613920
-696400992
-130141728
-252372198
168356100
-95820641
4712684
-915217212
-494598848
-25324866
-409334839
235346202
30654080
51354277
-126471680
-38354472
701249736
16505442
-26351708
-406762032
-438636120
169562272
-1134144
-15436960
167598210
68228496
-274826730
-95288445
-169768392
101860844
112872996
19001928
102754047
-9732636
-197561352
-233508784
565749885
55973300
542703168
53235696
-543535772
139890240
22875006
88229090
31543084
-314365260
49151025
17613360
-826347160
-268190548
-80236548
-49394640
493056064
681063228
189233443
-33173460
28432308
458411814
-624205452
-12855318
343555200
114578722
789618116
194472347
124293600
118617268
164248092
-508960382
227878056
-30132432
-190461414
513557219
-186667644
-31502520
63781707
-426792252
-86850540
26328680
260421156
619884073
352646640
140361976
63265281
-314754057
88141494
310806576
161878258
-183779088
261075678
9324979
57278878
361291356
-489119266
-681271040
114180366
179619750
205073994
-12029744
-84998280
-336053550
175746312
124225035
44762952
-36984681
914112210
-41476582
548787750
9734831
90973096
7945626
362063620
-115542
-74684949
-27610064
249877692
49974705
-339646608
92569900
-262588732
-371505936
92560683
-147405720
39250638
-57552408
275851954
814811688
317082360
-123666870
626146395
-849025989
-139342973
-54375636
115500948
-238056624
68841420
311469690
15489250
601009640
-643636167
-30162462
-147098259
86706213
-10648000
15475947
365925828
-262420552
234583200
683752398
-484232335
280741347
525750976
13458090
267105162
57652440
805876223
-231946488
-650944266
574139075
-26917660
-307323156
-300179835
378181376
-100806222
77771498
-97641336
859795884
100133333
-688844940
10809080
17668259
490719900
184487094
-527562752
478612704
395085792
-122041773
162201868
22685408
-440714376
-29780928
-260163312
161577045
-350470620
9063514
332433288
-63833292
213434871
-495642168
-674599545
-486891764
-159550935
35458476
-7991034
723100560
871097760
-390541408
256862473
-649312444
-15812083
164634704
51601808
-229004595
-356709525
78400512
856477062
554447043
345720265
379618031
-487210656
2366149
-7764258
-72596672
-15930548
380384442
67143509
155358042
532968836
1943400
-400358592
385040592
434612214
338996736
-91373756
221483808
-154177826
597681175
-205234442
288685486
-86650890
938789187
-315940680
72814675
-4042572
-27877432
-1298800
120982733
-17338941
670735260
116552750
228922839
-387742368
-487935813
-64501545
29269728
143233992
197554518
549867081
283892421
28747323
36299697
330740352
-79119750
284563944
149549904
-80812592
327579750
87004610
-362220846
-56587840
-119473122
-525306588
-503812278
-36958015
-466471874
-30253503
62502656
215094131
234393280
60287000
900136870
-263233130
-252883162
612836900
151072012
-5171947
170883326
-351729972
142799165
723988477
525807534
953388904
234568848
680203028
436877067
-292292217
-409850501
-8318432
-20931085
37068396
35029841
-178232985
65218190
790571340
70201668
401594696
351840580
-840195909
-172465165
-559325331
225840510
192531408
533531390
-649441674
849109359
150088920
-51430848
-437621568
-209986160
57152871
154506485
40244961
-11518026
264584340
-21964540
144040716
-19695041
-637915584
318856482
664815900
-78006796
-400242234
-48076123
-58682661
-31007496
266010828
205231939
-3936275
-260908830
-6398630
-235668442
74733848
68369884
176929064
792135060
-217434048
-535952508
-20075550
10185384
-250846404
-18822506
-609290640
12620560
3965253
-729311488
-163895124
-677411940
384839559
412050560
65122804
63931225
-130278189
452687900
-79240876
-209646400
292396884
-198404964
-194633920
377669614
257992464
26355142
670871460
-94745692
168543000
554053976
-100775595
431355014
-359128308
164565264
-35283744
373200128
-81509985
824547060
11236354
-13502922
-189515326
-669437280
-605589148
236456415
-12623820
499234365
200518088
-36639120
236125737
183518610
75637432
-350938402
24030681
-174041784
-109676991
-748180908
-541834314
2489655
368179472
-271131460
25248620
-461333712
131862588
279675880
-523449890
236450400
-846425672
16276544
12124312
67604259
-359755344
150317853
-129196608
-614273590
58335981
655437024
-61692048
-441897060
-4236544
280110656
-92793701
43263792
-46362880
-978785235
-711981776
-751898168
-273960423
