1000
492430400
-496841615
-173845968
-532529297
-427899655
75989170
75504030
640548000
-192060306
149297440
-663636970
-342954329
-23577624
410178035
-66143331
-43284199
110539352
229716006
-765097475
-101747992
155506444
-112247485
-258845064
-428131848
-54476146
-550916051
-367947078
-65383864
-352755000
192665824
161423320
121249000
910527210
74604972
-342021795
-118135210
244660668
38480637
145569279
-4759335
660550024
118083276
-349088558
48661284
14301450
-652491388
-194997504
-348731579
-277503012
49165480
-329223501
-18015824
215290304
82075420
-108082855
-248528550
356298740
-37114002
147035070
-262618650
64099044
-393170112
858549426
103498420
-191235606
-61120304
370508472
-125012508
-310901984
421880550
-67677600
-615374760
9045996
126359004
-29249905
-354418856
-316209588
-355367467
-49212640
243423312
147207360
910466348
-464576515
-236162430
319532160
-9937620
-38665729
-29061799
-72390903
-45575190
-51551024
-114362128
-114946078
-6490395
162208655
25815943
-114190279
-132638688
-405562395
-129494185
-737115458
-17857476
400246550
342927630
864928701
-184635340
-16678389
-189146339
158069040
-151231032
526717344
642273010
15693898
-188381139
21534656
-425938624
-289922553
-384129396
-45890636
43641474
-11266104
143762216
-79392732
541410558
-186647692
288839865
-523505770
-310928168
-416405344
-182154405
158733342
-16205835
-544641948
64638705
174770262
68638462
285516336
342402453
-11361426
16234925
72868770
359335340
354332765
48674173
-124464942
-234084830
161927896
-286302030
408313040
184820691
-10714330
-44343020
909821562
489561072
346742025
783205102
-26035434
205168958
-137628139
105099712
155236582
374065066
-577074960
-182715435
-916955980
279445215
-676891795
419813924
32171123
654385182
-60570192
-202795326
606783350
192507772
-78662514
418483002
167860350
-734013524
58760676
-156109590
59290688
110640904
461520752
161203474
-255941841
453923988
-633615429
158726416
-76700022
-309232132
499987500
-246130066
33406005
139981600
-451083015
-54616200
284110528
28291743
-847088116
130023980
154299046
226945110
27480265
-240742173
-22287320
570087328
515959345
-294426500
178510369
359222220
142855090
252961515
-136396539
-272897964
-306340972
715563878
-150283383
963758635
353272260
-36897648
2658012
-242159070
-491012224
-49485828
11040159
92504155
266698563
-127107568
844177977
444857322
-332473346
-439864880
864738354
-129062780
-247468284
249603158
54150304
531025110
-243155760
130526277
-205726620
-67128900
79227798
37953496
323606220
-71141814
406066716
-576942432
382996224
561926960
-13530896
-278855416
-82157340
-1946076
-432785305
205073980
-754364052
72799992
-83230246
54242512
56293461
-903910618
-510532380
917948148
218554740
-68574180
-700465508
391647690
-315900326
238015449
-519770636
-40493469
690231816
-177255532
-471358322
479870900
288039600
-82941888
-270679630
-258371289
-139308444
358756860
-130446630
6397664
529884205
-619744490
12975112
65997024
-577193144
-90553895
14029610
559772950
-62594230
194554628
-11841732
-330374324
64760884
-326293099
-617720624
-200878887
328289208
-144394528
259885142
576644800
132703744
20246356
-86815521
227676240
-317644236
279592554
606004611
218023080
-827375392
493344670
-259256060
-18857583
613898694
702173296
37535242
-528842688
243833051
-378453592
-315037184
203807764
-212693040
13647150
24200450
359767662
335601332
9632987
112721604
-36650375
127159120
363627654
5522470
-71744498
-169374530
-59507370
-387246929
-156562575
102979625
-424221708
591905672
65284080
79712010
-109900275
-2583087
-149641800
-28865138
82326011
72612888
-688067444
-151147238
-435895548
-44212652
-50660559
-201951792
431204526
381813972
-558494530
661446912
-417658215
721375283
-109837836
282731522
-7703949
30127832
491751483
-661250492
448763850
-773979486
-200165125
-535139954
52536239
41875256
-138806532
-251532935
178057303
70675682
489242280
65517770
-93829560
69563256
838483575
-553723518
284318124
413468416
-39526184
212727520
-8081607
-136787832
167981270
-129109552
221185446
-868021446
140590433
5613872
-159496491
25992954
656264855
-688309468
-59069248
-325852845
160699055
-156203904
472094160
-465286176
-28783700
-9071398
276532975
-225043128
-78055040
49340701
596113500
74180799
-228340662
-182440744
105361352
129121938
100260237
-788085660
141314004
893782030
389635095
145020050
-132649770
-3867568
123419592
-424780050
56576058
328817340
46940161
205328240
-59411322
110117058
-340677204
-238987770
101530825
368042790
-580176708
213962621
-186761918
-256027527
119558025
-125012376
820264485
278232600
602459748
308373863
111136016
266794872
-11263200
234260676
772781397
-371668086
-263883992
582156505
315193528
-14734005
73368860
736812160
538318725
-208640520
101737676
629781763
-271667370
221376114
-402758730
-279880248
-34740950
480411512
-94716310
388304580
104801164
224278824
-876752416
37001490
-138091030
-385129078
62409925
22263795
275526032
-5103534
-356804760
-453050182
-188468592
-658139896
-10682320
-104566248
-30788952
-33372114
104157984
-118152492
153469938
159332490
-18595240
156077724
150567012
-370194480
215852672
-3693559
52972240
258714534
-878492727
102510924
38658129
-177806169
45712296
-106651173
-41893488
242638543
141068525
-233988230
-61401043
328869390
726353001
-45471008
185515290
653016740
526560
-665347319
-833169665
-351145564
231684024
380248162
-63746640
206468240
-90997184
-614209434
-400227966
403120872
-63903337
17830076
111217950
-990717
-581064036
-223314351
44357644
236962578
-913929960
-322570920
-91563450
-144305032
399237375
236602780
-952158780
-360774297
-197169176
-193868675
-95073536
296425200
554211544
-170844444
37961078
21977305
321721654
361449760
144289824
-265925848
66186792
187916544
348445664
-112585053
23636732
37678248
244975368
293388492
-382295466
287743232
-1389150
-63710645
141037848
-333861255
-312910962
157858740
193914528
614052120
-536201850
455742696
462074784
-645415152
408954420
576254202
-28584738
623332875
-72114967
-159443904
446412960
276380370
692007325
-25051392
30231356
-525356650
-537260360
374832832
-79375816
-298522932
780292572
-651622344
-111477918
-673783369
49675440
-257277244
-219773320
-198825861
260681571
-6472464
-264922740
-223174380
583302096
-46652752
-194643228
197514135
82029864
893323704
-450924918
-170364544
-404072657
569085590
-171383128
-469691694
-108946089
311085900
-324209461
707654143
-478031036
8236770
76559255
-448670460
-113746386
210146280
-334636707
-948417360
452142144
614830380
91675896
28718067
-5652864
-531528690
86678904
519234247
10489965
115296244
567395212
-441121758
94660300
232788465
580938450
83760168
-445971168
-4090816
-160921261
441878535
-106684214
328879824
5843648
-213705200
488951250
-655231043
-619109604
-148422824
14664716
14842926
564011691
-557768845
-131770925
651614832
358679288
-99416352
-26735832
19625050
-73897020
316191256
480540850
351770992
-925946328
48850508
81990372
-17235790
150089205
-46851681
132399936
-4760060
-4923156
-247322139
-272768
133681724
-836667251
246641318
-254332118
97450764
63530775
-37101461
406593019
-752704680
-67497570
-200680244
60684739
-10038074
-720196898
159120572
-152529614
291747042
-487031000
-174726720
168037064
-762492448
318292400
73308498
-82731544
261213750
8950866
204105600
-23858436
221613588
144202853
376934255
-39856020
270783774
-139238100
-348624666
-679539255
-176735944
-646404108
392233735
569593730
-338924984
199503570
721159434
179306242
166710348
554576010
226580379
25746770
615921250
255091758
281776231
-102949392
-772817760
-137499696
459909779
-327929864
229770216
2848245
-156580772
-404866322
634443788
32927840
240420881
34281725
513895776
-186293840
-532487445
-441182800
263885832
855030912
-338915214
-3214320
-488080220
76035414
439534830
22712500
265551460
31279920
687442860
-10815224
-232107640
143121600
-80613150
-42614376
423418710
184029006
130230940
-128864443
-22053756
47096868
344385775
171975060
-695798280
-1011106
57778380
-232557534
52729138
-332258061
-116640784
78697944
113274494
-14011904
-107808144
66316023
-33850528
-37646775
-45987942
-257852734
-433410008
-87071181
451870979
609196856
-580666790
-56919753
-36264766
-158700192
-398890128
62154621
-246580605
-1805975
-33530784
638227512
-124599645
-25990118
432684824
-23466456
-83742501
-34932365
-494869812
-330760332
14201120
455801123
-181848753
-179763246
391478425
113802964
-372594528
-196496600
19466460
339217890
-490415730
-459648420
-67169703
492971352
271526269
-351819416
-199945368
527272420
458757716
-106336420
-241351488
485514000
87548704
176249020
313470344
195226350
107526200
194035275
-334164798
-34864700
-109951500
-169869642
53629968
961938696
-51157996
46041600
714860409
699047327
156905172
185147443
-240433296
96830848
60450530
-365819300
-399197304
418370547
-235067868
748557240
-41115590
-47720952
-440531080
-151959852
-320112450
-62624100
66636093
317482962
-59681586
755996202
-24390740
-172283337
581018518
-27661788
188917281
-610248800
-128987493
337811436
-211792372
567185730
-88107492
413731548
-90863343
-26018388
116210556
-579132888
-773782075
-326499946
-173053128
-469036899
461484107
230560174
631987684
-91615392
-546649688
137271336
219339208
393136470
850211565
387002658
-32302550
-632366046
-8830505
-114122580
89471285
17266513
-135720489
245841387
24760200
1307736
6589440
-623316430
-154190088
-161566190
10405824
629800067
-59814348
35198760
-640634630
172536124
32675748
116513802
-142518470
-21549712
-477898830
-529968384
-195939276
362727802
258559126
154523049
399746814
-84235536
-374289103
-197609158
261994418
70037841
-357933816
362660475
-630108867
55742460
712333440
-54913040
205669730
-24961482
178982283
138989750
-226518732
242564112
-130105614
-26084835
479901498
216850710
814217184
56905236
419931347
112151578
240766936
10549176
-708314490
-80500368
49855320
-529989368
295109856
-274871810
290190225
16392150
-162961616
-217411248
-351417657
83353227
249071850
51758178
233473605
31750708
-647461770
281374113
621054000
251788176
147583596
308098245
-336634056
-80298432
491761606
59307664
540780976
221231010
563768172
-759911850
-303069195
691916
-990555490
-55604147
26982292
21999432
95323986
896462040
