1000
82651320
419992192
388107070
-89631424
889741237
-11508588
-197356468
-212691010
-94428452
34715040
-325021084
-81202200
95586813
-714054656
75951700
394909302
17720612
432704754
-73766952
80772480
265365248
222829136
164977644
-571751171
-349925948
346966875
-489883450
49568734
248614840
-134900048
481255116
-272758044
11067995
688275888
-448969583
377922891
-542740954
-69780030
12286638
-343620660
53528418
3161949
-338068260
52002656
155115660
-362906824
-6946632
-315768024
-38143468
75888199
125029289
-94903520
344662008
-141645590
54024138
-365203332
-156371768
-239306100
181640127
-76137321
168885248
-305594652
-457954770
58813302
39719844
-471755249
417802096
186987801
81046264
-175498372
-34894976
-72448740
103964724
-636874984
-367116456
-449739264
73066323
430215258
683375616
87913782
-5735991
202925880
99782800
610640310
-13196008
278371728
89086023
851040122
3659292
47386016
820123800
-277408635
119769732
397240317
210124422
11443982
370111743
-307125847
-9949675
-704062290
276806475
-54848742
222097697
-189650898
26652665
-21353700
-479829420
84362775
344149429
29629704
180577408
-90934431
913859064
-501394930
-298426020
-374880906
-3172200
409195933
13516866
229632792
49687925
101998680
63703510
-321055295
-432402446
-84693441
14943747
-529505188
403897689
-163719920
-70619700
4049009
-59982440
299665128
-20172574
-113806145
-260962672
-25361420
878962218
960575128
-178075079
27416145
-486378992
-387195575
-13269320
524381570
89513984
170486784
234923532
301274152
222073500
-402990000
109959919
313313032
154705200
-269332084
749226198
93279658
-54957485
-432026676
-331089968
493262784
74022624
-354355568
492532908
-202253250
35104020
1996537
587859909
-41787900
-127372569
-477064278
216009384
-609216564
-684727812
55285520
-174111896
137409825
55490400
-273852198
68748820
318590864
-770704389
-655892050
-479462152
-24833624
67048420
859509154
-171576660
146603208
-667397120
-639923700
11547867
-680650165
-374095950
33313982
789021992
-907348053
54125580
286688026
-471253152
265603155
166873616
187202486
-373768950
261439935
-49580440
-1080684
54144036
-108945405
-174140700
334327635
-187310992
-763931250
-85017141
-297246672
-244677082
2148786
-43218168
201694160
693219384
-94005828
-354352020
-565193500
-81136440
-732569642
369464514
276677251
-826361388
-62621952
342649021
470747742
641669000
593818113
-443354640
16804980
-411463947
433462400
-688227255
263594520
-498603430
115968348
-119312320
-484342071
-362750080
-838785662
360008847
-155952358
-123829700
120525214
-120842943
165460512
362432811
-25090629
-496201922
42943524
366184999
-92320174
-438152184
-348056496
733905000
121926278
2473686
25385228
-433314600
10175910
28601640
-307709736
-95273760
-821115248
-50511934
317366705
-179256545
-734999150
152304592
21811680
-192826200
-116933544
-8392104
-244644227
134619232
-539959133
-172587660
-126910744
152173990
-271198826
8314200
-269330046
-124631304
612200248
-6811148
17302644
-839056008
-226055872
446322840
-248303542
78526404
-37524911
-153834156
-8928570
-36847107
-195062076
251157850
-115145756
92940933
354755592
-749390928
29342250
137138659
-65119964
-773036796
-154261053
22197444
286131447
-218380997
201894399
-88168500
370706109
67607640
418978248
509920252
-742452557
153509312
7068322
-17845482
-281520
349007314
-74964690
-685054923
350047824
110403865
190140448
414358894
160053894
244563861
-529907663
51857557
167358620
62034470
-91338208
-142989978
515710125
28553472
-182988028
156500239
-220304880
-7375365
212581872
-572558040
449351460
-558790080
-305276904
74501325
-596249660
-17886609
-68964510
-134967360
-534891852
-249062484
-134441125
-442108184
86662242
-25952211
666968438
590272312
-326618552
-173859000
70518888
599382150
475247728
-134445148
316663781
298025766
-20123337
445443372
-38102143
-493992984
469381071
527191272
-433501376
241124338
-31204498
28184382
-370297650
100086570
55724368
168473484
256260087
-701963664
-524269200
396356106
-179943678
-116169021
-885989532
834097517
82932681
226990162
812723800
96956964
-624518328
-593286264
10336450
354483262
560160770
99841829
316816026
126192090
-927240
-163771699
360491880
110657372
542292012
122481344
129108441
-350683342
-277358476
456886017
-319442856
-120569085
933563428
103571248
132575808
-166323888
660816813
597764486
119126658
-756395437
130468000
-18777616
-225943872
-2298300
58909760
10539171
171853760
-87199404
11894466
-242229977
143163024
8523891
295619225
-99255086
37827975
740347048
-19319980
-32885947
-21638204
159574017
-305495130
433868832
-205215912
-619655892
398710000
-61151953
-407223935
331976890
207548052
323154951
-319362640
483845804
122105920
-12357474
68885509
-208167874
191914398
195957918
-611905089
-247697136
-461943447
-333043032
-76265046
244748028
127913936
-239839596
124189062
506812878
-36225657
-48530636
-43234587
169828421
959303556
30842448
-68647284
225081450
-778051635
172924125
-151041600
-310278136
718742222
557955288
996789656
78051545
-51450792
-268469000
334200996
34449014
32458893
-104496774
-103653056
-51421006
-544740913
349765132
665250714
481533650
-90186876
-8674371
980320770
45315837
847066220
-85631940
-173458272
-353385780
60017265
-27135368
489777526
107795376
-8575025
109073700
-272284257
3033700
114803378
145216260
164765322
915625662
-277681824
-7560736
-210072264
136441149
57030976
-199612791
-9169272
702137999
-314981769
-40688736
-13778363
-430756160
-102999243
-717529976
-41285852
-193540200
-382679638
18661442
4637220
-52131636
-924065184
-112860265
-85136325
-62268858
-70267225
78577554
104493741
263977165
257252490
461802701
147016452
152394890
70121070
20521260
617033550
460252736
95416900
-42077312
-323126976
75414080
-236859385
493861698
-53666173
-76255620
842079420
694614564
-540484304
-526041864
-648115382
-1190529
-384793520
-36094038
-73563042
288505920
-579448920
684628800
-156936540
278342400
-348727488
533589850
337148415
9204639
-373839292
730562070
242026098
-26441760
-18995040
123822468
109868747
787634352
-38318592
-941524332
263477742
-474143110
-240128026
267626875
173735532
29327760
-29927310
570843153
50008983
184953216
-139739756
6773562
1283296
-312518400
606276100
28688216
-84953275
33661239
1794260
71067331
143653488
-21805902
103074944
-456213720
234484349
76685439
-60948888
259895930
707151640
121466184
159277664
3862776
519249262
-2813120
46724997
10044321
-301645506
-27717174
65683185
-335544590
-438079224
-251208426
-502940975
206697562
60716575
-472504982
-1435700
-14155490
-22627220
-437035088
21533598
367261103
284445903
-4892514
-874118028
-307475980
914382237
341044050
-78758592
-346655765
744072587
222324
-96727416
-84710502
97732575
-83296707
-7390265
-440392680
-427527144
122311492
-289619148
30214800
193676874
-956959
-294193431
-74552660
-108443850
50522070
-377253184
-764259663
-177891616
404051096
117333159
-19395823
136542656
854881958
269619495
26926065
1016594810
97113324
47214626
120468852
676499936
-61935688
771552000
684295576
361482
-166316647
-225269695
63488656
180558430
519240897
-138653356
-640222164
73110856
-295619112
100054610
-357717195
399729012
-712165770
-139421787
-52376110
-198307938
160170975
-795286050
-196207869
-2313689
-77905991
125814170
-215046645
-361469570
106562404
-412301500
-882554239
-491583170
-301850850
-20338637
28428200
-7445854
253730448
-841522500
264747600
-136121406
-146698965
-23607868
-188276025
-203607300
8888307
875181270
508048816
-594393390
637202468
410335471
-54720656
-835003260
9124960
54690432
261628128
-30032673
-134124417
-342584532
291832260
-16948880
-70580250
-729824788
176453214
-440006910
500102338
-344039262
-46969096
-317595312
-10148490
-134776530
238464760
441177064
112210956
174430802
182972106
102830
-50167776
-187586652
94285281
-501275198
290564085
-235055566
-848652126
-210037058
580763331
278166672
-83373513
128427431
41802330
810061080
-8252880
39842192
66330666
-215507644
-399571891
61131668
-368823244
312211864
-615552570
-265924020
453699477
141666118
6706500
-844685787
212387184
-146259324
-193909982
919506168
96137195
324683020
-214391250
-206373139
395802680
-3200190
399804132
-306068884
219767680
96962502
92202358
617823768
-671958487
89091060
-230105754
318110575
-692934294
-600061478
506569668
28845720
-63298245
-12821028
-56217600
-484519364
-16402848
-579250080
194432472
25301120
-101834690
487315872
46479294
507440616
-331374132
501599874
360087525
101123244
26382200
-263430306
896038880
318484032
-426500074
-44804124
582280974
-76058764
-401397230
-38955245
607082052
-105241294
-251849118
48820178
379883222
-628006540
-367544400
-54246444
982637
146849856
-262627196
-7825620
-44235616
-39903746
709263795
598700154
-203775221
-315307188
-358656
-103969964
48156240
-527225688
-622971195
65539256
-275830380
128981700
317263688
316317368
-856028964
-465150192
489378576
-67217025
-679746288
387017099
34762065
-71794350
315810874
-440199760
324265374
-85609381
280248640
14715595
-558317874
-187016118
-511106580
354745296
122281164
-279661582
-30882775
-103749481
-32156198
-311036820
226182726
131593329
582461856
170554890
131430174
-61812301
-446086076
-205006315
-91497210
433754727
32357000
-225232677
456439698
239422008
-189103104
-232881243
301460172
215695557
8979516
372596380
-137589865
-609587440
598610376
129574290
264957192
-258143424
-129798180
-64365084
192564312
-176766142
-196624645
-198665304
13523550
394952985
232751806
161920692
259406724
-78610095
-245920116
-376755938
-2844774
103486844
511021305
-934681841
-32959888
-107708038
-22305879
-522322290
283892220
-10610712
-340176735
-82871047
-253565148
-97737640
-234240452
-279252376
-388377024
-19969260
-213688839
-16708380
-138199504
-115289889
11396231
-396704454
-28178592
434370760
-92520348
-575307279
121910332
3659472
-67160874
-98794873
-339425073
426552480
-88514132
119376240
-212389383
59283468
24713820
334540800
-143682092
191131928
380607546
-270141265
-75954944
176533382
267841926
378060445
245522760
233321922
-753288640
907439436
132571637
-47715138
-223649145
435137538
-393378180
608639962
-592343748
8947840
-612177162
-728118010
-385998408
225001732
-25901408
151698960
