1000
196548478
-43336230
-184240940
-426391700
102732720
235945987
234956065
203444930
19331790
148591917
-18478944
-306441380
-228240523
22091300
-416774956
236694052
-667848480
-241912020
97660620
868519776
214672944
-124587315
586662912
-174756768
-668564281
252760608
147715282
-278434404
-470571847
-38197950
44297953
20019798
-68319648
185941206
-59183712
-14762704
332141128
-432614240
183763212
55250932
187205504
-142271388
-112718078
778147104
-59492221
-583736652
-482068160
-1007966569
-285797078
229055680
-121827615
-210142170
-77593380
-331821840
425327560
-126722057
251507200
470749236
-462209184
684416162
42211048
-573395416
28374006
-625208463
-200824320
-667648508
-167399968
108871135
242824080
167430666
-18053280
288747050
603390060
220830700
277519032
396674444
761781600
-982506512
-311751650
-330131915
150578130
-285653958
152694072
-127722100
-133616286
-519428840
-190994094
-231804392
-206605080
-582935808
639274116
-147712630
476197722
63662328
-662914330
314600883
15878395
27931254
-398393190
-4046280
-38494247
-144373996
689128427
598340666
-719469789
644339800
571742063
-39173412
11159875
-68151375
5912916
340039228
9144408
-221604320
-328587660
512088902
524409737
-64031558
310072464
32498816
-596777426
310108782
-653210448
-795329128
34717695
-23079672
-8889828
-78880496
-14671952
381520722
181155460
-70780736
255092376
-10670088
-209953128
418388595
174918282
-60532575
80073189
-265860312
-405371620
-370068090
-375368020
483677370
946528925
45917851
56600400
70473689
-44724480
743797390
-75426784
623339130
130051032
58012494
-19521568
8288840
-395099380
-285934912
205760486
845589095
268698010
-293434818
202591593
52870908
-326536525
433962092
661585056
-274627584
-179047633
159924726
-142890751
79992066
-18574496
199753190
-392488716
-365043840
335197300
-471214960
-245869734
129059744
-344559579
-282032476
5053806
-13030736
173948434
-78689925
-452967840
16091400
-117363852
-285726380
-568558372
-147014028
-1017278704
-52850490
400544454
-514855000
-48472830
-79786566
-552720024
284664721
-647496784
368185769
-704844567
173823696
691551024
-119496072
-124983620
400533525
-560966275
255458371
185164608
35405608
77629497
-70090740
10081475
-218864570
753321370
700707840
-193887133
241292244
-315927479
-7910250
-149009800
-164133756
36327872
119796700
124514120
135207393
-141719497
-141218082
-233693470
-412305270
370420816
197765935
200498056
11053095
159025684
-406699272
21883680
-414646622
440899440
62170530
113310608
192186372
70892820
-13664699
-112048917
-3826248
-15222114
-13441255
-198484994
-147346832
-349502350
81473843
-312200031
200392785
69442695
-829863957
210841347
-414243447
-7055010
626452500
784732968
-604035168
-68352520
-54679072
227658363
-239205566
-75989082
-333753266
-590347680
-2375472
-410873671
-16550625
114979400
524304480
-566745146
-176136048
-117012160
-284753040
188494020
-275300190
253076500
-27189681
574199838
-28745262
98702301
780046408
349509256
508038678
-18390235
258300588
-256792796
453316666
106341512
512244810
-69350425
111152398
-720479676
-27125650
-44508609
169735990
-430647096
-553636062
-389982980
674950116
941363515
938642625
192520
475581495
-29408920
-22810860
-353351712
13049276
78301968
-95579510
-368354844
-412887375
583160768
-5280206
228105534
-179447075
-55883488
-133959014
85982240
-226236084
153294000
231977025
-595990080
278486257
97136235
-388724934
-181639111
-23653124
-181629882
-752939860
754699
89101822
608377328
578357786
-53560401
-769170480
-71431360
-197624252
412538520
-42091378
-57400976
-70447104
-244260644
115897114
-32336080
-4898112
76384288
5871950
275065154
387671991
97599732
-291296224
78360100
-657413900
-152174344
-424633616
527746725
-202507340
197650510
427638078
-276839376
-694626618
-256934568
-339716333
-493435462
86553501
264791870
-46183680
-101614603
-115675798
-516467700
-297383409
-107872310
-717106273
208345039
558138339
-745672280
67640860
20066800
578585336
-95795448
-52289688
-158571940
-77345345
-589366000
236526444
-48160195
98736750
-78540000
-104796396
-110540460
55267592
-116431249
50990960
-608892688
23590566
-168177070
46446510
400619266
469738010
122882424
4545
20366832
418218104
-7280490
-552409515
49694832
-278699334
354620244
26936603
166698582
770310684
296103040
-644750916
-125793320
2749125
-45042453
-81569034
66462525
-711105161
-168165536
-23146656
393542508
-289915164
885204580
-259393310
-286747512
-212793216
383192232
-34206900
124451474
20984733
-316579722
528278124
-62740640
-4969510
537490863
-168662331
-148915548
-166459637
-466447312
105353859
-334231345
-806122766
-328091840
231084876
-963328035
-449124122
122708850
-204718982
-3832058
56691126
649511127
-109451108
-15555976
-159092892
646445051
346784754
-468628675
-391691979
-244647648
-764231013
74206989
-223412308
182954952
24089004
-219409840
792892192
169372518
-10070368
-53348850
-501617160
-446090370
93721005
557915317
549032208
-90414528
-526593092
-868782752
58314960
-367295730
183219894
-394220812
182911250
-479911728
-557501199
-41466870
-14539980
-434249775
628554850
-387366761
14097408
21408126
181612911
-16135364
-55650831
-21270092
105985676
-59845262
60781084
-25049449
-196491020
1364060
-625725975
-214418500
-493770480
-125229312
-150754056
651844152
-37266282
777702417
33060924
21988272
-143807664
138046005
509303474
-94897296
-52779136
-363694080
711384700
149984143
-366373110
-1674660
-186281400
-108789717
92019375
-140855451
-585480
138426745
-261445527
625052
-17857714
-47343978
-4126800
-140567700
46435235
-38362401
323792718
465163001
323005347
-39605600
2189364
-224744080
50367776
34315520
8838308
-173313140
37273326
674667630
667694272
187709445
238752353
-37305860
-499327002
-235772291
-76855534
-637641532
-654873450
-735613725
-114371896
-341123496
-136619595
275106045
132379962
-25843173
357036050
-310425938
-230524200
-990331548
-129729600
659109296
12516504
670831164
918999200
-975837405
-361669285
-435204935
-656358000
-93122568
97024640
810324338
76025236
871889001
-9388608
284304720
374363696
-186769488
-32838240
340363296
-193185152
723338610
69618567
-24660252
145624224
120062952
236011512
95436950
544960500
-412866633
-319550064
489431340
201419967
73489207
-3097022
-198705583
190273040
432191734
499209100
-584430084
79177511
279334395
-370298016
-325131512
-320330203
-139611582
269312436
107797128
88107195
876827700
365821662
-160133250
514073931
218327730
225766987
-148453680
285704406
340240330
104430464
423761814
-15226575
-210490310
-857353354
145422981
83702730
482030172
187176836
-236544961
-246647825
214693820
-577311933
-444712008
-62718786
892027488
-221335968
19043525
-3317382
-489924770
-901641086
78636680
-757034285
-92986380
44547730
161081668
-15130800
655499213
-17085102
-46529697
655629104
-28086296
-818998800
-347512032
-15503560
-218115975
458093638
-518279860
140651082
-76359678
619142720
200218049
-934747356
-13957668
-110246271
-148089622
-519566340
277187174
-299526812
-61712352
442605835
414422052
-93088155
116369827
481384575
-495846225
212088124
-15935022
32213691
-684069965
306504800
-680086267
253944860
77872095
106051204
-221004342
129104174
173862160
-167019424
340976792
25683561
241193875
274464720
-8225993
-216637070
-257236848
276682099
497438460
600369084
-51158648
619675234
92685263
71297226
126408600
-300553142
99683742
-325058455
364534795
37502075
-208416684
834210380
-278137554
195735766
-58438760
-985862685
-87379422
11159236
-103104660
616841728
-174426980
-367395278
-784467873
-568004544
44870526
-429861306
409704360
-43316529
49767916
58570514
598282230
-254881770
221076900
-294785813
351846625
-3112452
125697460
47873293
62167030
-528599709
279928014
131594195
404226
-117997105
-74572112
-582172051
157670541
376898104
-543341190
-51301404
-211214296
-258713812
-463770000
97153771
-20420094
-346638348
-162756168
-142142214
-410003166
-67334057
-5181605
153677601
-396378258
2116836
-89752527
-144745380
105042039
158567420
-507328446
-292645489
-490287820
-590122020
49987872
-857478600
17699262
313727715
66682566
-106401133
-26206331
-387508020
555333288
34962052
-678587427
9497417
430993310
-217978281
291115805
669477704
-452801781
-89044000
-675079348
-121423642
-322964028
-95269940
288732600
235204068
72936184
-272557396
163985282
148252649
86582217
-733875408
-605715200
-323603775
-278663822
284677261
135007236
-440447219
111793968
-44886555
552420280
94176685
-68657292
36058124
33003103
-137799164
30175536
103569475
167100855
4712050
-25046028
-460501376
793419480
-150401838
-461738076
197459196
-173672500
-413759808
-131811700
123636744
20940654
-661687614
-122767704
-183590784
303604632
-212734074
461710908
118864980
259526251
-800800611
431678336
-691480946
-812797494
-34338032
-176005907
29868779
313260860
337368320
-20605325
-173387249
219950704
-42746184
277705254
1458858
2532075
-232780619
-460887336
36681989
6493060
187527119
679052000
297128058
-237035220
27514254
-227474884
-312866613
-6481633
-75620000
30876027
797849076
192954840
63925632
84947941
260664275
766427319
31256880
290576020
-389898156
731588506
179924556
661510332
-170107548
560974086
-43667254
-156988454
14310940
242585847
-191943947
384868848
-443269824
-214594212
-161471063
-1243452
12379900
-300388956
-36247123
36855585
193737908
104867358
-327096000
-41308575
1009531740
-721515295
-1870119
-72268924
-26693408
21309372
-53870310
-542624894
509733870
338532768
-381808188
-522562812
-314339610
210313344
404157778
1000864066
77552965
408992850
127815540
1663788
-69740080
-139098036
-394328061
279845492
358667136
316086945
252296880
-124980024
-140887704
81771378
626894328
-491810170
142301160
184643745
87963888
389172496
-303066397
101288583
553942350
-31955688
228070479
236822052
-1470400
195922196
-44748069
-321818420
-486251968
-315663624
-89293002
350764695
642526868
396913535
-483857400
-660424632
352776816
-726868528
119974215
143071167
-297716211
-75216976
-347488590
-399025536
148118841
-660776328
574186710
-63999990
195362346
-533820816
-43680408
-213358600
445940969
418921646
-85209724
-39036480
326158716
-105402990
53363772
2088000
527992125
298652490
-328250580
-158728240
278449040
-265432888
-346004617
-428344904
-101345476
