1000
-151853920
-599976186
-27088360
48270183
873219985
544908168
-271550025
98532720
19502000
114568092
-672649353
-35395905
162868420
-905675316
-258798888
-426405050
-176123020
164969991
-101095668
134032616
888999379
-28838144
230509241
-15538073
-539594260
282967800
80221768
249012066
-114086440
-359891792
-415630424
19295840
-317238831
-214324920
293511784
-64608672
254332125
167491116
20072064
-88400260
954183984
-145687419
-340263468
-143513865
44030775
399809601
451098242
-121651845
219166912
-114951438
606844548
18603090
897558574
292371560
-192886308
-189622576
-186478084
244109437
387616355
-326494512
-781121360
431250865
81945717
360904978
-342418449
232100457
19930332
-531332350
-275742234
456054264
10278276
100341270
-19523841
-379585924
-474641139
-470207520
385455686
360118759
459615843
-126316736
-222662724
-171069538
-797572831
285735585
-22061121
-122998116
-524888206
-321974985
66976158
-642618624
-10085663
21958979
317841450
41276525
629264167
-349128419
-65767170
-229759080
91114434
-3503892
-179355942
785007458
118197060
-747782149
-14557998
-280479213
-33463416
-897559003
-73241544
-63825905
653069342
-214969671
875836239
143562330
-698132472
44279441
291441042
-395934360
20270348
213881305
-20596567
-230638104
-669561984
-104790759
-258789435
-242343264
33519648
-7440690
-204273072
-244589856
28621
-283355402
-250094416
-22661674
-13823454
418512860
444276266
-214319172
-260023396
-114829696
258386507
336938719
434435456
-352253835
-11350656
-993631155
362731804
-205535880
57567042
-8658180
-216516328
-22992123
-278862612
-379288224
73559760
437624292
850080886
-564498906
-317175628
140446151
-13380465
455169830
273248739
-423969224
74367975
-26865454
81109143
-617051280
-284390855
-293433775
4220910
-79587568
53451316
61968384
551718414
-44584722
60634661
-44391257
-310727338
-529234230
-106057119
326255688
157072110
299411856
-395766580
3417065
-509927184
-626198341
57827999
-54740616
-9153172
93847920
-643570472
-58486675
-197308170
-48744766
-283358582
-90136536
109964334
57427428
-498403752
469433236
25068384
618220592
-148357995
343266364
-14939096
14755611
-84961672
-4790928
96316366
-771838683
-85251880
-12649953
-188245954
107441181
-306843939
-60129262
183884580
-13014872
-7593897
104988003
502496802
10313149
-216589248
33100704
-265596410
-367478475
211408196
-734580720
569266395
362800160
192370390
511883080
-124510504
345501444
-430696355
-303989763
279897240
-362057932
136097385
33523680
-7679325
-353598815
184665760
56640528
-661038621
-452479974
-808248
-231227916
-496551840
90629700
-395104900
349648530
30901650
418936605
-510083046
-218563764
-229646862
-353355612
-464066955
980108254
-73576397
-68742818
-389253025
812778950
-518547375
464025250
-322861616
56328750
-97050690
11543952
-660655496
92570835
-394480160
136515860
394323040
122129675
-2068992
42843060
-661446574
-112227422
-364149280
486579191
282261168
193777152
-720882521
-22253772
-1029162904
-759554688
-297566100
-250709888
-19942784
-708374689
221017338
-143845003
-520340423
696497874
-249690500
-676092060
130870532
170187901
566132628
7820804
3334528
42692328
415016442
604240368
-129925275
-302568192
-367990007
-349646764
-189124686
18836958
404593452
-43706485
-25063922
587840976
-57421190
124883109
-100274320
-207301284
-325338316
-284261423
-310410695
-236188834
-103018864
51304940
23507700
349995315
810345492
-748281170
-404208972
333849600
-59178270
-132345113
-21782418
-782159295
-539575722
190074000
82906384
185428152
-172715550
-24601269
-700245888
367663450
-317064
-199523731
343949814
617236544
20578922
-45612072
-636129648
-144166848
828092458
-92483349
906121980
-298366185
1812960
594746768
-122777600
-84975078
538630721
165425520
253279720
571444608
180975768
-47696889
-721512792
233078840
710959354
663535912
23552830
-707906475
-395031930
-26834243
-172725
234517745
866342404
37310472
-274849650
404389240
188745630
101694896
-148703148
-90513492
187708985
110722645
6797736
-472986232
-1551110
-210066912
-3154620
184328960
-862892857
193191552
31614075
-596157240
14638189
67660439
-38319820
-463785459
-373722762
-336237866
473765865
-458123039
-618983903
100729488
-140569578
444086036
-537565419
37170441
-130622271
245151872
-791908108
-23300160
122905342
432376812
92494009
171975490
-143389224
552684276
-490288128
-348765432
172210090
-1017320800
-55193008
-4072082
156442500
-473169996
441586620
935703160
355408625
456292786
-63341000
-2078555
171572126
-157696308
358213832
-68871345
-657121507
82311474
-632154105
120301623
-21657987
-195986495
-320251360
58228092
-263798180
74821406
442209452
-61924352
-93322666
34895544
666723365
148061205
-785939955
359805732
-207128565
165266465
55339992
447143349
174261943
486852264
638664663
-36813033
12326025
249807800
26895564
-26117718
-38740944
120407737
579618975
-197484410
39814881
-83391836
-790316078
-18832044
-416344947
670982112
72153228
66504424
401430205
-223149960
122061120
-292736475
728481116
187757371
-261151626
208441276
14848500
-378491673
13884748
620413840
215651800
525664040
-643614996
133200808
461059942
191955148
-295768748
96077553
34879455
111964916
-20673158
217666812
-341424633
-199710668
179662260
240898950
578298578
-412910628
-227670479
-254424378
-46698720
359360510
42267456
754008320
572779512
-464124780
29743485
-114885780
802644020
67435800
-15353310
-261237564
-41279896
-363091764
295624849
19270623
15202224
-42768308
91429850
497186722
-24459105
314371497
-219842700
749278464
438381720
-402159104
-64502074
693133804
11789712
127202236
622282005
582518832
-15747950
-643993214
11326525
32339757
-74803740
85129164
841526276
388603600
-58588530
-246635043
492295610
97766497
-143657900
112113672
530999728
-28708830
-377940570
177207306
188079952
503488384
548811450
231336272
197851218
201704580
-542381594
-36319752
318213035
97752144
-10731854
-137670003
662012520
405832256
420116044
-106642041
-117743800
658237073
-88323087
-10029316
14858238
809477000
-39752400
280959882
-78160285
118798616
83282432
-178978950
-11572698
755599824
110087146
802539865
-542258100
561301056
227224130
-369644625
20225608
451898802
-513661962
-25020971
48566920
-239699871
240223878
-256702575
-703449295
406716309
-359923584
712397884
130304796
-26629120
184844960
481275
-468782559
631170050
-270699341
-104758100
-183000393
258396740
-318828206
-677715314
24784691
-78675638
-80093910
-38983758
146584184
-3070360
72240714
-119589696
92288376
-35098272
255060864
-164652584
-23832952
845150928
-358072680
446541536
-6164014
-278723347
853607453
-355735044
-509864079
-722673420
-555914415
-55490851
115966340
-37948320
-101216192
506463786
-83684360
266215320
409459052
-47656372
368038227
45042075
806194347
32180864
189152300
37314540
25802336
161121895
-627392720
444236732
707085519
-307541328
10638128
704261219
331538832
608372054
-126247275
-587408558
-541356552
466827321
-206843
859261221
373755100
20326680
-177658713
272694812
-254421575
-160054340
157428070
-64095360
-240782649
258309116
-193173901
-214591136
-86619066
-742788000
-447787953
508762622
195524353
-31107787
-618044661
-24076647
567626663
585371988
410581127
-412177751
-578995344
569727708
65887121
-205201512
-4250775
-61107904
-42194080
-404549622
-322226400
363577932
343098
174290481
26325000
21390677
99809920
383580244
-230969301
-110077500
255012534
831410724
10418548
8903559
219895218
1014123264
343919503
4616493
-104679531
714886100
423121968
903700116
-106705662
-570853965
-126814758
611427230
657634744
-33530800
52992466
75166038
-158431680
102352010
702216956
71524154
-168467893
-336196575
679486848
-39263926
-694010625
710296320
-490940188
60749553
706802153
363711972
158263523
-194762376
-45239540
-186207620
-11304722
102228228
843927500
229561020
46609959
37751149
86492396
-104951376
-317071437
-474197850
131620200
-86669352
-426145950
-466338600
-7686048
276184584
3075440
43198281
71229802
673686738
117842340
-11550438
652771846
103794668
-502386388
56026526
-20745499
430650683
-202485366
53336448
756722820
39077577
-163435914
-35378048
-578432565
71762180
-67541870
-101078614
-659604
-139673520
-14102032
427212800
302336460
86306675
435134133
2411464
209573938
140125074
672598302
-189515964
-135408322
25507062
-132355949
174520101
284568459
-836552349
-83525904
-153410094
234137772
-256935875
-1856001
862405028
584191776
-630256536
124225576
464715000
8730582
157380774
-244312160
-449219668
-387728811
67705180
-203995948
-779616640
-275666468
-314053530
-37834989
10457538
-26053568
479945508
114369370
-24719023
829332
142795359
2888160
53428580
450544404
610259265
-506240574
-457134600
55108486
-193642371
166971224
-79568228
-73906896
-87349743
-270974922
-314177245
-6606432
326974811
-559903430
485569534
-407706089
-44737068
-267268815
-192072485
89958498
17121210
-1481814
-559886936
165034320
94032950
983674536
132643783
-261284898
-117936825
-41238670
-17806040
96417108
-11691662
-131243904
152453607
-280395730
-195057915
-201419621
35822501
-63927603
-73353927
-247254200
274921352
-23790976
-73338756
-489861120
72569532
7267740
-229700940
239285595
-188073584
-13390044
-195233427
12406185
205103678
110345254
-111624482
247838843
574919072
513575510
5974320
195183328
-246404358
-44530244
-11402420
10121408
151398388
-26744926
473833515
84518478
212457508
29216072
739698492
298378042
-498831608
-686483259
-107009868
-1592739
-73757784
43548456
-32440562
-60757893
51741408
-326185580
-270840328
12124380
264162757
70972340
-105075348
-459857928
-259468099
-111976656
25825345
-55305624
-879666768
157338400
-176346300
-139614004
-55785795
-198158233
-330294684
-196700236
-596814994
-72637560
-100674756
538860240
673036860
577331496
-84070485
433551022
272442950
-158206378
-148126464
1979748
-453342400
-547318880
675281232
15545040
-33268104
393261780
-58464819
-21849786
-417320751
128889234
250735296
-538629868
334990710
-350596610
415096932
238408768
-518459085
39991392
-621630329
-580376586
-142432976
-159362589
-376689285
-48023703
702772521
435207322
392995392
60183130
109516560
-129208320
54867495
-443591321
39674063
-4606458
-71943780
-46228736
-19699821
-1594260
153331584
13050875
-240697232
