1000
-775446840
-508727424
370645968
-458827002
-85709768
-16977312
-432731325
215005052
-31251276
-4985911
310099730
119782320
-201456052
-116481422
292468599
-59446100
-194496832
131368055
11082300
8499539
423012744
78605505
-110726770
-50499465
-270593082
314355744
403555412
296018212
449991995
217504116
-722957196
-493845891
264408858
212243832
27619947
771657166
-562457500
667136338
951989132
-548741556
72283728
-337104300
263925288
231229620
-305332904
311548104
923101417
523045950
-142985277
-174490110
-505047920
-553881155
-247600920
110797512
-886688704
-658134108
-236952243
333387926
329817351
334916325
410839310
-174437847
-6609578
-134577600
-90536444
260805152
-11532784
-380526520
485917540
33022930
-715066812
125905293
-928280988
767040285
-32434470
-95447040
-456095948
-483881153
-473230704
-84586938
-351132395
-24846248
-415810596
511344640
38016216
-674529097
-502024750
551303584
-842114847
-299710044
-335397568
-72196215
-106424520
312644400
89532242
503009273
-72678911
59089128
200714728
-426425288
3677036
116286270
180480960
-10619624
205393284
-330883564
457273300
-372882160
-301419272
-276390336
-518118741
441008480
773788092
-192376259
108731476
5938125
348087051
-32033183
-170628940
490467560
-370333800
25758600
-982377249
-83602104
-654331248
466630584
53930752
325426800
-33500376
-22957376
452174229
147180264
-194128649
-168120378
493089520
128816928
-163509568
540512280
41399940
229455702
570614275
-41750825
63548784
-124097484
36036192
-401136320
-136583355
-444278007
183306498
-177354553
11943568
-51855848
104770211
80451954
-141162839
-34070071
20646816
-11921250
-278503488
-726822164
-379865164
467748270
152492255
194609668
270413980
26194049
159648565
-220926108
308485216
-149148075
-98608172
-713629630
-180561080
32252183
-246387040
521626760
-23229000
32205060
822340501
-153833444
748972837
-48343155
9150075
-530278560
-34911250
-395133120
-61412302
111770604
-557094360
-333825660
32115720
-398612715
122844332
187649180
-242790233
-47122532
166460879
499558336
-49582125
-408496585
136612711
-198006760
-26281314
-42364300
543074430
-321645578
342812844
-377061672
108851560
-88970224
-892355275
165565587
-53032392
199804467
-874628154
86770300
288565704
373729470
-152788837
205675542
-602675080
-5542908
138631590
-338870432
-104043453
224886570
95957500
-606519063
-74795292
576474840
-502536506
-245473228
138168622
-367399308
64388178
169557754
67256366
180604044
-7580944
-716483928
93579610
350889168
-228217927
157596426
61493802
-199655929
349605600
-508833990
735655448
-98413920
583038720
401449974
10973760
107093910
-328477016
-735237888
205374529
-761625752
83002000
50144832
42834610
691264839
329353920
-11169158
-377373888
-268322442
-28767648
-405906774
26279308
834118474
-606786188
169761100
808179933
-13959512
54529530
-73939370
-61030582
-419731717
209870550
102371940
357975903
24681627
162837241
156654120
116701632
51939504
-317286564
45003908
-37013594
-74045805
264571162
210053034
231843101
-68461052
160097894
56483811
-154955218
-116506005
-123684100
28294291
122138720
229839380
-286984485
71485665
138251196
73789920
101505131
-286742793
-86838632
-130881042
-5888502
177767980
-2846396
175499592
-329244286
76358073
-67499798
-129574394
345320775
-159004421
134238741
-133174955
-119536989
76551475
-310565682
-46975071
-200174100
282351657
95421408
427893774
-117013176
-983683100
671835120
-365762616
-39113063
-170230340
16796899
-340116150
14105286
-616571249
-75823150
212679268
-7541748
140598957
-672032400
621020061
502268988
263162400
594181639
225899559
242653696
588301406
-197290200
42649065
-505788633
294768900
531088191
369504060
-346837032
-87990266
-53211660
402132055
8059898
21367476
-93223620
86344258
-64356320
-35544088
389653638
-301112610
146672284
-27104804
-646320093
-565666577
-390872070
237391764
444430140
-887866520
113600490
235571168
-551161250
-103720186
877982490
-218092896
135868096
-79924488
94627203
15624015
-595815957
-10743479
624793455
-248202558
-576035504
543094314
-19049372
-205832775
-264688274
181890940
-724243292
123099200
22933108
-179489261
301316613
-26409120
-331469000
7702632
-70502574
135455418
-68442578
31158056
435332320
214661772
284349322
-186438540
-57539524
-389859540
-17599616
-30413460
-6058288
-220227720
-24574102
-470668125
-448983618
250661368
-66856500
215218521
-171723634
-183562800
522121336
645848508
-59839612
395539435
760583292
17658640
-31235680
-103002480
14990055
25508736
-704284130
-3869817
-55860402
-26250408
10494132
-403553360
639754233
-43669384
-968823252
-193070784
738498340
-734439589
59909082
-442390625
-90974420
203742000
-15793673
-136638813
-232299827
205112988
-495470960
556004580
293400510
74862276
261396870
-124035470
18910472
39828800
-45096876
-247439390
-147138432
-288200218
-328694744
-75876636
262132970
179332472
716440396
-482542885
881338158
429220317
269713818
-6759129
-443582060
311675178
-11797440
275421190
-911278669
24994959
163249968
162377933
-213261521
446488328
167765365
-209331108
173353184
-24349234
-66512658
72697600
550941072
197288949
-668302087
-443785920
-391007534
-1726515
711370932
-319446246
-2594648
13110650
58810844
-225035636
7065840
-243405474
-240537440
89605440
739019916
320640936
-68859254
11626552
290088660
41899746
69701437
34719270
-1185925
131528960
173808300
-58158628
99998440
32856219
190365921
-76372054
145050999
-766074113
-166285486
-933883796
-235529018
-29416248
-340969067
-103841916
-47003616
-473243778
428872944
320344176
18370245
-278570687
542462250
102498028
-639284046
54849179
532768032
167130460
-458224770
127290174
106082472
159199005
-2854446
-359943271
-452160306
0
-638876104
526504960
-3620622
-472146100
-116199184
396681325
-30681504
-103346232
-442666814
511676020
558146655
283509408
116011920
13097160
-391996080
6760448
-161750040
-100706328
-852522300
-595865322
182671324
325777104
-509425940
156363064
32427124
-33990877
284920286
40085397
-36074808
428291572
-9982120
495006720
219489738
725154131
233607678
-210898260
8390252
76987785
430169840
397190250
-490469907
87774240
-207260217
70435633
-359178750
510458535
-322185940
-610921220
-29154356
-112181496
-237604730
-197290530
34701875
554757975
47215620
-744110710
-198004510
-36221184
37727625
409679564
326771269
-860277878
-15344030
-547926600
299109366
-5501412
469640430
-393527610
272084848
-48995973
8320375
367342494
177103368
-866620994
51518978
-155479634
-75817136
-135043636
115891776
127600395
729076980
77565555
52660685
269127156
465709519
-399156750
-62030562
-34056911
-53306740
225424208
-49904488
169569642
-142598567
-9795798
260980884
-377382432
-2907184
2379948
15926960
-884866488
-290368100
412292370
-313434576
68646352
-369280440
107623248
190681146
-58321620
366061285
-114305332
399084894
31950374
24712796
-107387578
117547230
516078879
-321105276
55775208
-224489752
-721050741
-174986823
57533385
-207742420
47434184
-358116696
464351160
82522160
-590511766
-556572624
377290752
-517563984
160656953
292237
-185959032
396287509
-80739530
191664704
-58813960
84816000
189059244
-244459095
-357753508
81255930
-123634616
345556518
-452383464
764721651
-75480048
-292996460
-418998624
244088744
138009616
290391765
-825856748
359737196
1339129
47043954
39420780
-156534070
60105900
20578688
509278352
125746426
-150116113
-113531769
4086075
100327304
-126910928
12752080
-82771776
203132678
-318825360
-691511680
-648983738
16249376
813138084
-116278512
-136143616
738905170
-551690955
140506757
66114984
194083188
696756480
-130639127
11822328
-92200248
47584440
-41724375
242904532
-142866619
507165692
120904080
264171560
721177490
52824408
297732710
677263750
-14977119
122183310
509367916
-341830050
62366512
383013060
299114074
504174728
291581239
-321324257
-124581960
582222708
-298905054
-49927806
-448101024
365983712
11912806
-335657032
14932720
108932565
151416876
-81216900
-69889180
-20159292
-578105728
188099457
-147575520
-240377271
747706200
59892946
-869809246
161299670
-753324217
-42308393
7029557
55539660
50641188
204697374
155203480
-69022848
76650782
677811872
71983823
-4707443
-198012363
-268511940
-224092614
-2465600
206744326
591938913
-199253136
14693090
201531713
-86005464
73467272
-33143892
265836464
93575328
471271454
43781568
-155138520
-1751112
-11332486
-616977378
286887783
-977283247
-53404174
-82254364
301972920
36121680
600918849
148771616
109792434
-735106840
313470450
37962925
2548576
-640850088
302415552
81007735
626151080
-331893230
-348626079
171764432
-92200838
89388337
133121232
-136921200
-31368526
14193174
7089382
35916821
687695346
-23869128
247939866
640030512
120953896
297734888
-1744379
-172194876
-381133962
281489366
-36966747
-235495322
-15640912
162818832
130427650
579092267
-245296128
-53902020
-13105752
-84867804
-550994808
-199601161
-290452440
-14973581
-259070820
273301548
292247136
-330879006
-575364078
809862688
276122236
818243577
-111091848
121152930
151509021
-216800353
119936490
-1025216220
-310928916
-92237307
79657616
392907767
302168064
588222976
154170909
-139172094
942344
-602594496
792247176
-350286276
-547570001
7214444
-134087913
68558820
-505153508
3343654
-55018691
-132423228
-63208200
-383184900
-115483770
219404571
771335138
-209158950
173538856
297394434
507314430
371210787
-13536000
91011144
124715119
-33332400
-973613865
-11563344
-385331584
-395393544
760814370
212717907
410823908
282033939
14687913
-491536150
496943616
290305444
-141916320
-4463796
53344800
23255512
-269888924
-84991739
-331705356
195027795
125694477
-784829503
-355184228
823375098
332910816
-212145568
-997378260
167967160
-693762300
-54250336
8788790
579676592
112063710
259700211
90624248
-58602185
-149540044
-362363040
-17287544
-241400150
-306407829
-296566649
-34657668
201125925
627861780
118540422
-491048604
1032830880
-55583640
44984034
-616166070
568614165
-11748450
-517479188
-36418135
-79994447
-934409322
-489005712
-91369278
-50709198
904148649
581290776
37277608
121121748
684952060
-109046511
-41978862
135646623
-32254024
-21069708
932502271
187345501
-62193429
170692620
-19142976
45770562
-66940749
-1944850
498494018
110531075
567368948
-9149952
