1000
535754142
-57337595
636303620
183127536
-700041708
-917065284
300375000
-267638616
-358246875
-146888770
494768736
-218679654
-359640498
-61918964
-319935798
327783915
30600396
779460760
467791083
405424605
-99649494
91286188
12553030
72247794
406833280
-180608148
295337322
-179132787
107241690
-117495024
-155577330
-340282762
309658434
4272780
-294893458
289606368
230299082
187838780
-171442037
-285735135
256754412
-60275728
-137406825
-787398238
283340032
-343003206
566390304
503102001
-58080000
192163483
585579456
52604016
7849205
298790118
-142710000
-817780493
208298076
87023544
-337859466
671755014
-188524764
547292832
15478540
713132088
-415242639
56571906
-403739856
-83294400
52682206
24277972
-113344253
-681900090
393528218
61834150
-497080140
231871889
-164706750
13832073
-148595964
193151616
235003744
-14824260
-11736618
-9348741
23059080
-426539511
336533510
699605440
-248105826
-261056275
172902128
450988308
171045525
-356337362
242427705
-390596484
618659776
3451221
-398276328
-13225572
161434850
309306635
-43844310
418779380
-373334280
-321219328
-668494961
-107993358
218981958
64243968
-108398316
755207024
18082170
-262062161
-602262386
-556415280
-685729880
11397057
-46368273
106531860
-49013602
-151837374
-77664320
96016590
3742059
-389435541
-111922450
-36222552
-237800976
-374253300
-690043000
-105467180
125164578
300851044
-129544044
967693350
297034080
-222187793
-186568459
66776754
259868760
-592114875
329279027
-691598050
29844735
-87335972
77686479
-416252078
21000290
160851485
538887920
107539632
352356688
-38722320
-323368790
409545118
692744598
-518615550
-551795180
-42714880
258992910
-24594232
-326005589
441081994
49508784
-207197316
96698006
-134038962
18581031
-25151880
-97786320
-445481400
-373106580
517543752
456255972
-87346422
84619908
244582492
90901276
41836086
495172635
60563116
236188288
315499408
-439325187
-6066940
-37398222
85907822
-90625392
-723359184
3870828
-545130285
-279713354
-136252962
36805914
359128225
-13032252
-12601464
472235140
-472347115
478220264
78773575
132827130
272716665
-30950516
293014956
466783250
736749607
23042010
386743203
-197459290
22350510
150068534
-240659940
-425409088
942016824
-158632850
-138171146
-88944624
49647678
-14271186
196903928
385485865
94783112
-683979110
160536052
168045440
343294128
398600352
244848820
-157719268
336793831
-214860770
31300688
43444100
-521266218
161730800
18585732
496412176
468861210
55413045
176969520
522410662
742466950
128315092
383618745
-40793368
26486030
-107258591
-908855396
-11344644
117856000
204517992
136357850
-9495360
-16850592
541577647
-214847955
-66385506
84861436
-935107380
-520968672
918698251
57738120
-346738096
142839866
-112246784
559320000
-722044264
-18664764
775952511
-360758204
-308808880
186555132
289491020
86374488
-47270548
-598251965
-399498535
195897543
-501628074
-313091536
704706550
178559858
54097245
-81799686
-99852450
-599984103
550704076
-178901041
-242506260
100471921
-488326257
-130533040
-70288698
-39888900
83760156
-286151947
139890891
-668673175
-177715296
-406855407
85282578
-232766040
55576160
-610363512
-337959055
339367788
-159995840
-352610544
354059076
139638538
198294146
11430099
8745633
-839985300
-15475152
60262796
-57153915
-387826440
-53326994
-559867140
-777046820
328605055
-137441010
525483200
671187104
-526041790
-383635446
45661348
-524631284
-45286549
-647298041
220841943
-115447808
406615653
202790464
-481209216
-746881642
249121020
-9848800
739314936
324590299
70504212
-236955098
196864288
-128783688
-700390845
-39376168
439218120
111879458
-307870038
418932818
201916800
771961327
121678095
-75097728
48009632
56088576
488726098
-395356377
171237702
344276415
48495013
-220731554
-480169710
109833724
-744330925
357266000
-213178045
81159320
157000725
193595124
34059795
-417974517
-295450225
12403591
86603032
-476093852
-599107188
6443298
-94698362
-695059016
222091710
-142695
-364827475
33579100
729943956
123129148
38731252
609329637
-622472908
205722373
40049842
341359618
-69982757
-423159300
156307126
-694774520
391752310
70372092
486024700
-7817588
39533967
568115806
790320369
-78602450
-558833121
125010105
1015183990
-240589854
126173040
10559955
-158137798
35991182
656771184
97985270
-459966012
-391207586
1724069
-224637320
1791504
-479628072
149946160
-239380704
-164139753
-16290390
-492763104
83042630
643995360
7241356
97234605
898408980
-371333672
-19542325
-2196944
165004416
-116794834
210396240
321714000
-57248586
8474517
680062508
495796200
-103020545
-125677470
-365674200
-559418220
-82395841
78044510
-41451618
-44262334
218607420
-416359788
-684557720
-286228539
-723205049
-175172624
514018620
131636589
-411575840
426253068
-220893686
401662712
301494492
-18498537
541099627
-93601308
4041976
-636243180
74014848
638004681
-153368919
-375414000
381167480
-57079962
748812975
25065612
-3768540
-279438720
-42489902
-817663800
-214594112
-192544272
94623064
-537789945
590732868
536306980
540980972
-1785816
-367650480
602728035
100145344
-418229688
-85630948
256583325
88263054
462855645
657645210
-198602580
-427896672
18766470
-50969400
-3216312
-28163910
57017828
-54573738
-292987323
610370744
286393128
177622302
249768040
-713764276
-43252499
104770575
-553435344
611709750
31124285
154854952
-77575310
-233169048
-430001838
199743320
384686995
473326614
842042988
-205851648
612483838
-67879088
-258955305
-142139920
23808075
214001040
-385425604
706043520
-439263000
-116506112
-358406576
597907345
59843520
131710704
441199736
306279080
506832216
142344242
-31070928
9093770
294685300
567762176
82954102
-509739980
5656856
-225820620
-199695782
398104564
-94695000
35895587
-272501999
-220596233
-77134640
386600775
515606650
36723176
110924624
-36458772
272117160
406922285
133076115
-86301450
17719560
-420430732
-168127120
28203395
-4497775
8104809
-2259479
474948344
30362580
-322087320
66388732
2718576
-46600026
6594054
-2339350
392854462
17256785
-420199096
-7610577
180913272
-30040050
-7934784
249814380
-46791804
111515211
-112827080
-55733851
-218231184
88583814
653773400
25055860
-450039457
92846456
110288410
18666214
57260730
126237244
-202830842
14519466
-475202264
136838180
-55964633
-260934428
-344389590
678453783
-57945888
-177909578
335665795
-427933150
315183732
-38028630
-126941196
42586250
-283533835
-57421332
62279355
-590135800
52375578
-267108570
-155905572
63969750
39011370
37101530
220756575
-222278272
89160540
-430751873
-21180706
302980612
-911264022
-69910880
158715906
74506575
70541268
-13942886
594898447
220444224
216583424
335855800
161597862
925279056
-35790304
-691578048
92073503
-149589154
-481464392
-479694620
-179225805
28987741
188148792
2940623
-322247640
-70457802
-180134780
11601550
-241945968
580952100
-123833034
-336078620
50236140
-509993210
280425574
-28570605
247797330
60587996
-722507500
226390824
-311432320
139935488
-67993026
394061696
-462601292
-60513555
21716436
-202607535
-24827852
91625488
352753360
77383539
-23369304
90043884
158582592
-85871420
249202800
119071620
-146312763
-489627934
-283120476
130624200
-254795880
242438768
743690922
-624426175
513749756
-10783125
-340457650
-355645392
-289908099
-123747432
-27947592
626585058
-682310760
-116638899
118572597
-30152220
520938636
-216700785
-18943648
323928900
-28395387
507634176
147374079
-5462080
234680212
67064865
-92024054
118534719
133437348
235738685
4476248
34968372
-597352866
422749392
-145792416
-21378686
-42630382
-118043814
259861745
-606900
376608500
25370242
-197120097
-279118040
-840384248
-330473528
-360744412
705102804
-260708175
-329032900
-139229895
572811516
145972593
-292640400
724529520
148143904
548163170
257662526
265586000
246073115
-712515195
792907810
6809610
-213699790
-35043750
-540446830
-101837097
-84906675
46010609
-150043608
16927488
-605002715
328923930
-281701548
190796880
117487496
-510910615
759170178
-139013070
-588359136
-131955945
-36348912
-94553508
541810932
-33345676
-43434468
234888523
-529495200
-533019760
-202254666
-352591554
385477144
813450
27221822
315185919
807617685
-65715784
241203399
827411900
268511566
473541564
-293932737
-249524
64614636
72778563
478380960
32667648
260726132
-110673024
60740709
-150521895
233512986
-7296954
-711361464
-79400887
-66930124
-857419082
329921592
-173421945
-228194026
-229348755
223183782
-31336272
-204684480
-391402620
375659235
-472206795
116762556
398094850
-288211896
367650630
-36721152
-735768640
-193992690
630207370
-639257892
82119632
-228084710
-355149241
588413025
-473306880
-138344850
-102638665
-121974863
-463879962
196027381
129047520
-25532576
162772860
-680238152
-77820600
104963950
40690162
-122817240
-446445832
-556829441
117235888
-197085856
-383067344
-200517380
-262983180
296662982
-216229824
-875531430
-133011774
850677164
210578419
-273095695
153279826
488100600
-247953712
74566322
-119370880
-168423408
307270508
79534761
-86766540
97489350
-81548892
-463160412
178542648
61781770
-464448347
-399517155
306849464
-256055635
56412290
2621925
6608160
598965002
-202718214
14217112
189530120
395405400
-34940317
-346024700
-24115364
95432016
-164730800
70395
-642994752
-29151510
38283295
-469772995
13316490
-175369842
913117634
-575812951
572069850
-493574389
-475015941
-806515798
638107140
274238004
-3736502
-114179600
491560797
618791642
-66482616
-5027682
352710723
-59455610
424401615
494584364
-78577398
-197912080
153882558
7003338
-151982976
-247286250
34496594
-444057255
-7245840
219651300
258602097
-417377211
-163801035
-42397333
268943976
-84788964
129635375
-321771494
21798950
101932336
97679102
216564140
63294711
-121380896
-408125685
-162902574
26977524
-327035541
100848616
-277173966
388777613
25773928
345647709
-62295194
144606506
-475715280
-11949951
-86171404
224127840
-823218963
-577241735
-560321128
40594944
-34251450
7009860
-66288915
-118338545
-89064661
332702550
4122576
-154434908
-48075880
-628840224
409866565
-640215114
378141300
-360120576
806305412
-422014779
140085776
219326436
456400360
316674158
-571556102
-802890809
505760066
67627784
258519478
151171340
103968432
-805738496
-5904063
-81975876
-117563005
-65653630
-301840
-216865975
-91141960
