1000
-102555468
195701888
-6984348
-519020436
-163462220
-105530764
16237093
227328150
-44744700
-402612224
539662622
202071435
10475080
42129632
-316785763
-52289480
151721856
268019450
445609584
-240637397
98244110
-16960112
285341036
-49155232
-395027325
-534127352
780786889
7693920
707007462
-301329352
-51455784
132559100
277801349
517163652
335734818
-322633570
-483774240
323788544
-164518708
-349898016
355216905
271600329
-95962320
965393451
-293272138
156460133
-495625540
-395244080
259529586
40844826
-295722186
139147242
102987192
314515166
-421917615
-381945312
172752648
-191584348
-5751440
21654638
-130375224
462113032
-406340112
-88244236
-199927650
305144760
3350904
99063568
-108711408
-107699164
258184095
526827744
97820288
596917987
-69769902
225922088
-123677750
276992760
552781858
-315747314
-121077036
506508342
-174030120
464678469
103546776
109571791
131290200
184859648
6334659
18998865
21058226
-196861012
-464785185
-164919873
6951036
-61062704
-207317712
-12806640
180741332
96894421
412064264
-505296792
-375404210
177472014
-313718450
566292384
137208236
-14702352
703481291
94045267
343263626
112695716
742513128
-27416466
563815680
-75063594
-216022368
3378128
-162222425
-14420088
-116824720
-324476965
53230211
-46020680
-635565800
-144579760
-763429952
36094044
202682784
604936269
-477004093
497413805
943044660
-192922827
111285790
-34102816
385340994
107467503
134373328
-3002064
-980305590
-75171975
250073159
-403923472
227839808
-234433485
-49298200
-248983846
126436475
257903118
196712100
7415405
-123668186
-205201745
-46799532
-530209940
651507150
-436930065
20637436
148099665
-405337162
154309793
-76908000
-625465032
23860080
-8061715
3118302
-52351306
-407394120
168475632
149760
-21829990
-136574901
31942664
350703151
466359354
-1603390
-49239120
496947852
58151079
4569876
36016078
81448005
-632607870
-164940188
125365914
-385150926
154967760
122277540
651153048
243486464
-31083400
-39283788
401124741
152506860
99765632
-119365696
572811536
-36748420
29181606
490467472
-27430986
240403986
162785742
-1483889
210819480
-123024902
-247640824
56324218
123397440
-103026703
156701607
-293749120
368735586
-10593640
173255348
462108314
-770146762
50773687
57145500
-129530043
-100212084
-582152437
-161301626
366123552
-152678526
8241288
146462496
-406919673
-156222416
-149402790
201240390
-312685065
2481036
685282441
491924751
-82255030
299915751
102630522
-290178660
504481609
-483797976
-567925684
188072860
-859584313
-91937216
-18665676
-823557119
-98868653
43071847
-68395600
612547925
-29397996
22712858
-507227523
102917490
473402244
128599152
168357040
-404265740
-534098166
-615900798
-153321060
-336077764
-208573255
293069105
-139149372
14002344
-538969734
-251238976
79447947
-268930728
-36667392
-533241696
122168745
80700004
46773186
-691276264
-538985876
-212834323
-103633673
-32758544
30753384
-166750031
401703910
774414651
-718416300
-113333328
238636860
474379290
-117838917
324776426
168140595
-148628556
-265207020
372679125
340570320
159918914
46211967
-506416174
614995752
24268860
-315404060
-860111634
-691197805
-101359832
32035497
-172139360
120424262
-491854160
177467986
95650729
435628528
-748705193
-449016312
13596940
86490465
2340380
-5276908
294928944
16902856
-155318362
-334678454
-511207361
801243776
75520836
47832636
-18876858
-80226089
50300783
-79498488
92640840
-662642328
-163978336
-639598920
6341458
-599040200
432428810
445693104
-226112070
-85707258
330937810
758962926
-594571808
103723652
-296410752
-61647040
390859506
151991460
-27641677
-415612945
35357594
141048888
15758184
324004401
126620736
20861402
-252263816
173930320
-7350205
-500964534
53854420
429442020
35865576
-12650256
-117152959
207666954
380384235
103326048
-1563940
-201253814
-161268000
936670644
73116736
-304052480
843651486
499705494
540182312
203701848
-333817848
-683319280
534065625
31748222
68669338
282656920
49271040
461144140
-175589568
-887601008
-73427200
-301315264
-436978325
-1019588085
97103448
12351440
-129271017
442572210
59448730
751148851
-1033068636
-43843782
-135126880
-287041032
-175019060
437052880
-1009772829
131034312
180151276
-63278880
-59237004
-69752150
91865664
167838552
126433872
548931120
5520734
-67522600
398338635
-359324400
316599472
-168272976
-48195406
79917408
-163227051
-103933575
-297595065
-104386920
31891656
-669258576
-78151815
-364206725
-347769600
-39792081
134412000
100715368
-163023802
187762662
-890738433
-216443850
-243896716
-236884684
359966673
-287825398
-57212292
-22082520
866171008
-139440216
846025011
-398081632
-271032684
31284890
-47983280
-224424702
-2153390
-1050162
-127456416
-297288288
44029080
-1291961
-110013140
-27677286
710336881
-101961801
423348024
282623250
-79173878
232374811
329870790
88054560
156982192
7536265
-374001390
-80088960
-164374611
-485175525
45804288
-949158760
322809493
31017646
225241956
-25786674
-131862120
273358944
18448452
-621947040
140875008
-363326372
182585592
-91010325
62045350
66242358
199111836
340690993
-236971242
-122162913
524963288
204189152
-52335612
-261457271
8707810
-18052757
-35079282
19095256
-160114389
539133804
-424686522
-257341425
-389232823
-28849820
-81207520
239496913
291776919
89815518
-68601759
-378819387
-368617920
78557897
-343679857
23736388
-64332816
-509089230
338297316
-41681848
-222079607
-56748992
27699200
8943483
-269751132
30884640
-50079510
254734326
62553000
-262964745
-143586272
-610151424
-199931424
917791304
18315996
-749212460
147279132
-54467730
154449438
-59489700
-777096127
-664850040
-273275296
-600526105
-452234032
-126948802
-97841430
364919940
184223928
-20732145
231664460
-32514205
686712
3829748
47628957
225369630
226156173
-161255755
329105873
491819703
173516280
-174698552
483200655
-211680672
300711766
1100988
-437616492
-33329808
-360074295
-214799491
444477264
-765008756
-301346352
82104264
16370760
-831987724
6706308
160842960
-801529866
40149648
293087160
-704560332
314864267
41621535
-139993196
-653360904
-349737172
-857033247
-29566512
-130485160
-404559320
-87153556
-96360742
604932848
-224602710
-293540668
117719940
-369082657
-192745876
-516571776
657075061
313683825
22356458
236087320
-685750624
-693447369
654981015
-598963220
16696670
259986324
-95532954
935356180
-22161959
-25480838
-418570215
88815874
735059815
-470908032
-218836795
216404076
-27250125
-196130095
-277451328
-689724
-164643723
398207520
143478732
-775153488
63803754
-94347344
-45095490
-477321263
-110509053
-784608651
-32320182
947190311
-477757616
-163525420
287212893
-220473063
-543931528
-270578412
91491904
87386208
-723786012
-279470598
-446005059
-703418860
174540100
399243000
195358440
-32803295
-207282096
400498560
33606542
-38188344
101732254
385144080
-131423700
-194826555
21170002
518747856
50375142
-154842160
-172939911
354399750
79498354
308724768
777443235
-39430827
-126960714
154463996
-205578180
165367965
12162982
240372
317908561
117216560
-164870002
252135660
-64100184
331741875
-330071648
268827624
-124107770
1275842
-21030048
-222494272
324012808
231175704
-133137584
611046891
100422792
-135406425
136714080
117189370
1906806
460556928
140512312
-46003652
8873438
240953750
33828996
253474833
439123896
22069928
12948219
-300688580
114708384
-793621818
68959050
751849076
129039140
-39910224
-34284902
217916400
-126795022
146485332
67091850
-111718919
-1534150
-4589160
-503582430
-300448062
-72755692
-457204995
118459740
-29193824
-39032320
50382087
-462196580
-230718027
81545063
367556992
277705743
22817879
266710560
-135318472
159212144
133439376
-525855066
-574508193
-130188397
-116899200
121594440
212044674
-203836256
-145813902
668253960
-385715736
-106902988
50625162
80662392
45491490
-758554720
351883440
307957484
-558948075
489443005
4587492
-12706650
159798120
148238039
195528080
262252095
277880932
-207975096
178654302
77072968
667555772
-215765654
-132509430
-862529455
749214576
-4316625
-37973244
-194322000
847872453
532090000
-125788740
-355368468
-178015495
-456191682
321978796
-7362208
-144462850
186940992
-674862192
-773247744
944900870
3001350
-34102858
175200804
-5494074
-92622384
-43219176
-143994250
-3947177
868940391
119398221
-179505278
635303493
219905710
2771340
235102494
6180100
-114251832
82855812
-1026554340
-5626840
160690656
-109332849
112507010
131437678
-320761368
-339910356
-624680265
-359889600
248848004
178722720
-122949836
37035410
-18632439
-44617976
268157586
577294432
234036558
294570486
-77853986
-347015160
-788270200
-515824112
-14834498
-55587499
626549517
383910252
-410286000
286637568
277417910
-72260349
-255739840
264300752
-435052842
-519043536
79730164
-256096516
-801897516
786495570
2232980
-122022387
-401526600
7035875
147573660
-152401854
327111120
55835465
415182298
-602311248
41176190
-954964500
-164611269
817661900
-479835678
-445559409
-363915860
342130208
393004502
-101622662
819853056
-577711548
90318750
53596226
5564670
118467600
19635642
322295520
-638976432
-144503834
-534372781
357249072
-885574025
-345493406
650301379
-140688050
-760506745
116481625
515133196
340238240
-286890318
-237255662
25390320
-205783560
-10621676
-597766937
113720220
32351580
-606611604
426074740
6610797
-336358957
-118888077
-208999498
10428632
-133741860
134108073
-352225724
-488748654
349043338
-462797484
-290642814
522524574
-144809582
553471303
219789384
106387751
-97775061
690111532
165084936
501450381
209180448
-168687452
-368468497
728007603
-481578020
-479791620
-350806090
447586928
-124558104
-8468319
-932999140
-359370636
-8291808
140141232
-150425291
-56990268
-877242772
231855568
240014954
-23546700
-199696820
407774654
264496183
56325879
-154189575
-651392790
286687944
48446464
-670558616
-112396860
-274418442
193571784
72147306
-237818185
-120038935
-40380480
620550072
-229008797
-246913878
-228692408
-12978
-518907222
77175392
-15231084
-53116682
-410040
436485430
641307456
723134806
354786720
-120815660
-756567916
269216976
781328466
47800004
142849876
1993824
-339936780
108518004
-453222770
-241750600
114382720
35073
555372810
161563556
-2123468
-166885200
-488256120
93340224
-532725086
-220368007
60372564
32033852
161841888
-319117189
262806944
-35738082
209096316
