1000
-36882432
-185263050
-594738676
326726728
-54233074
-22637834
66468992
645360033
49859150
-60422780
-549932368
703447328
-154475975
-94292275
135107572
-41222736
6179520
300036768
457046784
-653831064
162111021
-438989408
-160191200
-217794205
29141956
727453980
-183353976
-114925507
634658288
-177702714
-800520243
-344758176
-264697680
33739542
49378626
582455153
282359830
358079904
201905032
315423240
-60250099
-143797511
-494682160
-435764056
189463003
485415537
-189990430
-35094559
105162340
183913290
-303166123
-109784074
399138783
-42332570
164719968
-304928822
451858192
-333671352
886159374
-136478706
-214855344
359957080
-195892086
-602992800
-39347336
40020134
-425689110
-416165954
113865600
88247152
-624280373
-7994250
26662480
-34505556
386245178
-81013856
-528863118
277350117
3172848
234078768
265204510
286475248
-164532348
-84883356
879073720
-413835324
448091952
11342936
-129696400
-579053748
-658042128
-680328547
-905537517
-162908505
105871354
484930876
91493424
470999400
973988
6344374
272190204
66850048
-84568701
-151440660
-17795704
9236000
424680500
-191224956
-32846568
82674308
477057250
-33301504
259635276
-146246463
871814121
-205209340
111555108
209223603
-210427173
-88306944
-374803205
-89657323
133152288
763424259
394867944
326587224
256032448
-72341324
-3543866
-545732364
-168597326
-247306883
-254658040
-177182692
-11333854
84429112
-340329664
4812885
45751420
-366432214
-42024600
24045000
20981813
204432168
514638243
33861344
-753561664
-213950896
-560074104
-22385985
-434540210
17893539
-244594716
820943457
426200179
62359738
-86948271
379676322
-319717437
-349030115
310712160
-130582270
-427705458
86140035
732468272
6417345
-272615360
119566944
110028
527492120
-25805285
-22566300
-64063224
-387011120
-55139350
-7212546
371720925
332536065
574731666
-500663702
14700840
263245323
808186802
-109403274
539325864
-341999060
11866425
63799390
138345573
45766512
102074908
-80530830
377108844
-478300680
-407932320
72728934
-2830432
26594372
-110763740
-359632518
-748093304
115348428
879093079
221779041
-70630966
-417443688
-45022707
-130516263
-806013912
26559720
-24023295
28366767
-61660309
166303312
70288728
-158633904
337663602
-139887330
24562091
561040560
409511772
-143990784
-1126609
5419260
-111264228
627773952
-100925518
-360101733
-153808600
487907674
-369931712
-427856286
-245632257
-4322916
-402282074
130775147
211885696
-481174714
16530415
-118421814
-4481235
-49679072
-62039970
722329390
-152419824
208271098
32184805
-95686830
308014344
-148553741
522005094
846165825
475259418
761896368
869109800
23799672
181545728
-333173655
-800901270
273819544
332640289
682139520
255611392
344767332
150384255
-33828103
150593872
98141562
-266245835
-295551470
266219055
-137412396
357843882
-531926451
-683902550
220440000
-331816760
-85978515
-593805712
-556044291
-6433884
972598944
25606800
371107473
163635045
-326013606
358739832
-123333248
359854696
-275365376
42816510
-325917646
243164050
-156835800
-15318415
-538456734
-232464771
-825288731
-638452034
-313051551
-359650962
112730135
-11103445
132035430
-48418496
-245634660
-116437912
-5504574
-69863724
400884820
272193467
64478428
-598262296
270854394
209146023
49197888
-168409026
-648693708
279164640
232395482
-172198542
-342754235
55881312
-66333978
-347503044
84661817
20239296
539029821
-624706002
309797004
193838400
-18871188
-660345984
-489448368
-18169884
187348174
-18914400
-569092878
-607642548
-88528924
212726343
-649526997
-227444332
802914084
178303820
375051887
18268710
-143713798
285397650
355131996
-154486908
-522765252
212961320
391749376
-22947942
33454064
113403150
321374047
-220294217
44110164
242996955
-197616580
-20590740
-808254154
-301626450
-60336704
470744625
-47672452
31152210
-300856376
-220363451
60557380
-111606817
-247109548
763091607
-83163225
-493241210
345492200
825857374
-151458168
-249361400
-13420836
-99927300
-658602100
121960300
301020301
-697162410
385971315
-39527780
72411196
263671608
44849987
45199128
-772387382
117950936
-720617520
-80619610
-293329400
25597674
-575732505
-367708644
603403185
-659166660
84469888
224779035
188363520
430712496
-56702888
162009742
-21451712
-549839934
-104857368
156865880
404333265
367046856
-238159110
-51172374
536540382
-116439237
-67815150
337672192
-31487450
24806021
230148096
536582220
213382914
191988225
450386750
407487283
-582189360
-427552961
364587536
-175151329
-4834653
-432922378
-258430929
75267192
-61378564
28717284
425679303
-244634175
-626317494
233991872
474533631
58498550
712194125
2861136
106528896
446445874
172932160
478933520
-136177126
205566210
17653441
56277072
301015872
-133246068
-480313306
833375697
11389493
-143534748
455699280
160982404
467346504
500337874
58292241
-24159222
-167788138
252670242
626974012
-157085804
190233736
107138052
-12932541
463450983
224935925
117116151
761949660
-485820104
-321994976
481845768
147734584
476038216
-13061875
34954755
613039168
91192500
-58856616
73557644
81079080
52445724
-551080816
362139117
145063300
41699294
-542339192
642868368
-23690349
-95756920
78895872
48123031
59389077
-443678934
-173270280
462680020
122147872
-24975456
-164927952
-345940645
-7585050
859367496
25933496
-83975535
-1184040
-191317000
-49416168
80637360
17737346
5101360
293184160
1188000
755773746
102856725
-501571245
605890831
-74957328
190441986
-113543700
600643364
-12250530
-202624415
-14693580
243956920
356174560
4516448
-671710998
-11516250
492734790
1084550
-492332240
45917642
36682551
-131025528
201904147
-242122320
471538122
-264201675
302111810
-612295425
263251494
399570066
-105486750
-123758196
-89194124
-137847556
71332422
132539854
501716072
359770985
97709668
-35113482
185512710
-56227624
465688410
-116334036
-18228958
507672270
-336600822
668441000
9225594
-394887045
38565888
-37498592
-79376128
12433400
-462693322
-431013934
-816715188
-493092132
199412544
108689728
-484037120
-474412170
-306602153
-19458220
392613507
-32990700
408160044
13611672
182580020
-112727232
-557180750
794760109
-903667200
3496056
-97213500
4986018
173684425
-113110830
-785091636
99292380
127113670
306773418
-339254649
81703503
-247799772
-414698130
153498422
193557748
428873472
-27783396
313679562
-107117364
537294546
-72474600
103349380
-9343698
434020425
12767722
-1902852
-199547970
462600880
-665641068
69009975
285378976
-149744000
-164796912
218671833
-133650300
-120513360
-23744148
-543540996
826668864
-71223450
214424772
-11821695
160677739
-260764803
-40769496
-657212850
-93841506
463929994
-142947380
98950795
1222200
375094948
48897360
42149905
290743980
-94577702
-344813526
210128130
-815745216
-288312880
83938720
-884686132
-477121422
-222933547
381236579
-633338676
-98020524
-361300025
503801980
-339543624
99134470
-436873840
-54900552
30534153
125551296
405346032
-232395648
-327986040
-491928280
-56228304
34952166
149886192
372137895
543824028
-580472442
-301971975
584627328
96373312
15273909
-248728753
-140129381
-276024063
-148034430
72206718
-499435274
667592625
-452592660
158760840
-337103060
122296992
-1753780
-282266195
126741705
-629139556
-30869800
-254148919
129252088
-585964560
-987333180
-619679568
536782198
287976168
-66881268
-272416784
-34599780
-264310750
151586625
-808571998
44641630
-386880104
-103609608
608612682
363540576
150732400
415052368
-867746310
-62580160
-422306280
-3196200
-68708829
401740122
264907760
-639508230
-858487656
124857850
74929720
223434420
182993026
-36573480
-45663168
-756166400
-35516832
196257677
436577088
726042597
-112047248
-203172151
38959980
153317352
229313614
-908726047
-866563824
-330223284
-226424025
125093595
-582699216
-67043040
-22871955
212512380
-4402431
189165041
689888772
4432772
9711326
550300740
-63393543
10120236
646975650
-111483378
-175368905
206218812
-33398145
-256951240
69057996
364145355
276922740
-377810928
-70454400
35121920
-260865460
-169250416
713683647
-252511440
13395465
38494404
373972116
43452675
71645400
644015470
-556956
40543140
204481176
142137199
754117224
-406022364
-67976127
43315200
111568481
72919670
435579249
-526822632
3812640
-330995494
191370768
110237288
83927205
-143890859
-82772850
-270133912
-69707516
-379413612
-105840270
-319981600
349800
-68158350
-22199474
-374113938
-729447264
-102584050
767792245
100798794
-86895150
56905776
-124395988
694768424
-763687938
45756837
110597736
493481296
384077463
40646190
782337525
493996056
-450314088
-1003722486
-896754194
77300208
158536440
-508785180
40981860
349414240
88931883
480358237
324553175
-934187500
65045677
12109150
-97405416
110316141
129928403
-231764414
42021639
61315815
212424410
-574850614
-630020215
273145906
-291943500
91876440
279168437
309691590
707680084
150017392
-670961838
434270304
520564338
-196530400
6528976
-52815168
325732725
-193134280
171541800
802409049
18855936
357304203
61238250
-28195776
-116195850
243190965
-293957404
-56739566
-8290051
101045452
-396257130
138360
89274930
-247852899
-464238565
338418038
690409005
17840872
-46915801
170497600
77889177
653674480
-146262022
-397631975
222028614
-147423789
149286026
240189600
-186011804
53523288
-345296424
-287000892
-432011755
352580184
69755040
272186352
683498752
-875085432
54539630
-295380192
-25794792
91928480
298348914
277619241
-355347056
-62547615
509310396
-47179855
41064339
11850138
-155893070
-724829328
-106690416
-480977196
-865875374
136582144
-312009252
7088528
89896665
-84328664
459648014
916136100
556429566
575485311
-337806
-31483988
-368247214
262747012
106229494
616880632
685269572
114779313
185106336
127184424
-740050725
213385326
-69017284
114729600
-225971208
-75494970
-202140659
-165924389
320984846
-485688710
-10524031
104604264
34975710
-164449108
239609786
204744496
-581069952
-208385973
-59765750
98553003
-252672596
72828000
13062225
-116600336
-464718870
-29337674
219717300
73894920
128763025
-366455232
-262754310
411993690
-148744350
-821687464
376091210
320869971
-245791087
-417466368
-57961107
455250545
-266136588
19269054
-125105415
231980916
-338075460
672866233
130997060
147512133
359446362
116845720
121924748
-375614640
-517082758
-256707780
-53216940
84820123
158625621
52884960
189029411
