1000
-955378312
-79845200
176685526
17287305
-107748550
-92458150
-673971712
-209921415
-262289472
73825752
-297857130
6989400
-26953720
20786080
-285093870
525178184
-162611010
433621890
-584007510
71115752
-13322220
-74772971
-498910104
-218409807
498381180
-345101838
-311963832
711246480
-173406530
573524172
-4955922
580394022
602087850
539748984
144103442
178340910
-921883800
-284613117
-246494286
289363122
238214182
233272979
-669329151
15695108
97843284
839016075
-112314261
-107091670
-882698922
355959672
-196608755
-165105420
-5281200
-65513850
-23028225
16867076
87297584
131762865
129920284
259546973
-934324743
269801182
499236468
107061600
5101992
80916592
-61352088
-108326240
-632782157
-293492715
-431988960
409893960
-607699932
11140570
-960595398
-32029572
224000854
-175413744
-11868774
72281094
-144065790
29011928
-46030350
514930080
-187088535
-38242344
-56238542
-181587467
-38011818
-441579280
-165838140
-957025071
110299332
-227412801
-21774096
382228156
225618702
626892770
-218289804
-995551110
30399683
-200991970
313806539
47780859
466732790
-152906161
52647504
22368304
477923266
424488153
-11547996
-177055510
106791630
919044590
-217088424
-22449735
156835502
673972077
11013834
138522461
218823220
-461271803
4380926
46387755
-18110736
-773045910
145122268
-55914090
390977680
-746216167
-205236444
-475860800
-100757817
113501080
765789925
517881868
-196474950
743280540
322810851
6005022
80638950
14400512
-363951536
-573828660
-635525220
473692868
105936624
88283776
-60211935
-309008610
282511557
354799500
66417876
21491190
-538441020
361746731
92204736
-45537232
69017705
-169429761
-10535580
-44582586
-262939341
-148274534
353359552
-456781625
-134920784
-718788
-426028800
116983750
-331176577
-91800030
-302149764
255820114
813755487
-13451165
173225196
-108326592
-248015835
-837207290
-500226376
366086325
-58983864
135298328
-229439056
-57648984
-233431352
-508868400
580944774
-248650256
-96102470
433700394
453069550
-94502336
-230306238
-524555676
177073026
-830746624
312384886
-67979775
251346784
607052774
637203572
15330
90365625
-103492380
490952786
-316059208
636639156
20117478
7060995
150029682
233957328
944738550
756689472
209599893
615603142
-108074745
517946250
66271400
142250200
175200336
-189970058
80216370
-193329231
-2030528
90284192
-60160824
429381225
-220892224
-33892593
35895864
42048292
-112726145
-425918868
-3841800
-169051968
-475690993
-714140959
-754478549
95777784
-95596200
-694739402
-121494002
68006624
-44544390
-224889273
123854850
311908833
-732130326
94829308
-879169670
-9392109
-76446108
-32500419
-573987678
321374702
699242040
-10702764
-300732432
1031755832
573279773
199408554
36292527
150289116
-380332071
29361878
170027460
79119378
226305306
884058496
-461162250
406418265
65269205
-190257780
111201870
-261237636
-180115955
224715543
-319449750
-128445394
172821612
-25956608
308717344
-949949736
-606451636
-42729150
-917830738
-14240560
111922428
7460076
82634240
232211309
-427937433
-609959930
23938039
-112304138
-446989788
533016384
-518465388
273922665
784792008
-914152548
-5638464
-861193296
111539295
375883164
-419551216
-691799384
-123799104
142397640
310522425
69327688
-158487680
12633030
-396589884
41871060
-285705960
626388558
999680
-312807024
343218831
-285577994
2579640
-348063300
131943142
-540434308
181721925
-8605650
615385512
-74601350
30844704
239573378
287767532
-449034980
68261440
-152205309
-652223124
319215160
-513497610
320331680
249799356
403183074
-113449104
164401500
-114093888
558729688
3942457
34662900
102582000
3884741
-546075275
897595416
-105272849
-109708662
98072101
296952192
104451120
-115408696
-341634480
11206520
-17535150
692393350
-268274218
-385450322
672090991
40589420
297470620
-323350404
89471304
53950995
2354088
49644155
1482468
-629023560
-101725065
-7536578
744892687
-117003172
-295774647
-187828158
-445565232
-538261245
115079100
592626708
-962548320
201345452
-606876870
128714670
12666708
-256324392
-452721600
-125377164
-130035930
-556328880
623391528
762556070
428491044
775505328
14257000
668990850
-219335878
593119124
-245922692
-52210200
-10383534
410523584
22742961
11031720
-41438275
-332508852
37338522
-597505068
742476576
515038335
476611520
268693880
-193750704
711753908
-268382864
-34845180
-159069357
-417744430
-220059108
54952925
-617975708
983684112
-122191360
-629968196
48243236
389194770
426677721
457674648
458999077
62823300
-87246285
-30374721
794365228
10122732
28961824
497453288
187019607
150874136
1734451
-97775040
281705151
-147973530
23310336
-44767919
-33271686
-562876114
136829490
-242542448
522438574
-435232689
-97822824
-622185595
39873811
66291539
251749378
259406141
13429107
75625702
-67963969
107392848
588959926
-43889180
-41293975
-56507565
-27605820
36495600
-1284696
-224178971
346226475
-165803284
-260725850
602049238
120344259
843149427
353548164
-436844037
98236840
141474196
947349642
8411044
389238685
309851952
-391899114
147885090
-13000008
-468877500
245716912
308375136
-141007424
-70577083
-783417339
-174093995
894047440
-64602417
40131516
865886736
-633686004
-726972972
-281782124
-20340096
-731370744
-411618224
501548200
-122997966
-66191088
-484245096
28749848
862574832
158188018
360955300
-96292944
-116977065
65625756
-350949024
-221732856
14329000
-548062470
485553960
-168267400
160301020
-258947099
-6852370
-353537646
-269004736
8573103
-248132676
759529143
-203359380
11523715
145247344
431022702
-38700652
-933786208
-70770078
204513309
848355120
28242314
-250348392
200071980
-402248671
41916060
-750440843
369029520
382770217
-105955444
316521018
-173422200
154673064
512640582
-233541507
-660421864
247693095
-40499370
135352266
-80952190
-296084208
1037081936
-950218085
297598870
5566635
278917587
-283951340
900332036
340045554
26341625
595508450
-64000981
-506899725
169590912
-328572440
161461272
623070240
-395295866
-382869396
648185268
-273262980
166039537
-65256100
40505580
818894566
-150570688
44942260
91699920
-138396945
87057893
-280235028
585048740
-75876372
-58140551
-241654854
-99051510
-55906925
312305126
1967058
-754694997
-233927533
-678920698
-788359704
-443335248
-569250780
319634841
-50603875
-76422465
-101486902
44555992
354573080
-120538902
39271887
-218210998
153482364
336352192
-85833426
-194809923
955688448
324576872
180676224
104617728
6101890
235118245
233730231
-112927056
320083422
-523081513
-511537628
-639065076
-319052247
366198469
-215809158
203546643
-574298064
872020275
-151472344
360278282
-27377340
-106651220
773933225
653504748
-195823376
114000424
572425518
-487933771
-21059472
-10413240
205219189
-9135828
-108935440
233053682
-238296735
-235157468
-213580323
480077688
-118701528
-456716050
27821452
-850614336
-385935646
-394587630
-29081429
-8719334
19799504
-124201260
-103808925
214207241
152875560
-224168232
-9048246
79527360
519326672
121012813
877255850
-196682535
-298465536
-812042280
-192420300
585585496
-32209660
439886138
-313243625
-269808140
-370476502
-340497482
-2586696
212067032
113975100
158604630
-946929416
-17079768
53858180
40689610
-282446058
17474688
579509805
2003568
249269076
422907632
625542615
-132388350
191930714
971724418
127156031
-15048134
-80800812
227663084
-114444709
326825632
-205397192
-752829987
-66243475
-963750429
-361157316
-132635360
256150065
243501860
52269380
187436092
415174320
-19220325
177821972
-659263976
247099718
-94761944
-138029280
-199038672
260718192
51524448
32420608
691854569
-374373606
197848944
-101006109
-119017398
3430108
-718333623
24905562
-436900386
11910006
-38542978
-111240462
-88202523
3325870
-267287838
-687681920
-408934260
-999022647
-223296535
767015964
609441672
-105646146
-25210
-793656
-221131240
-143142992
244924490
-123984396
291612542
-116741436
-152497422
-14933880
507965156
-211921200
-8962265
32995962
-267403680
234613991
-63370890
-309807914
-511213962
-70717979
-32124644
-155013980
-88476806
-473213880
505243152
-145555814
-192349458
-524271077
180376315
402196872
23186824
301099356
-79642836
12119688
367910100
-140100318
266901275
-221937435
-872904624
-822612298
-5552036
111700446
410308970
-194457816
-138950700
-3550825
466695080
361672949
315651840
-493979412
950569560
-97867101
-99381867
46852575
-402881050
-38194364
-58455186
83045200
-428850402
116775324
80695944
-329706144
228150104
135189874
7987958
11912960
426935124
333354560
67312857
44220378
16363750
-282432682
684103860
-830890368
644993860
-823550188
596580712
68011256
9358776
-226579194
-19892868
-173281460
-70707652
-46818204
-216355431
139168256
252128016
28298116
-104347671
118303150
-109772187
-73924557
-449146126
-230447880
114276723
583938440
381349878
133457337
160957125
358323680
-515912670
142745870
100618439
188978400
-305360081
132295968
122359298
-7076058
258246260
50579640
-106441280
-679384188
-48611044
126996050
24801920
-349645212
292848864
-63757760
91100070
-194777024
-55317951
1035636286
-781235119
-282384413
-879676285
185792848
-104499954
154424919
385331880
254266650
-129908628
-21252792
129561876
-769581194
-36671976
425320010
554009687
117737984
330351375
-34647856
102787164
-379523970
236533370
283701652
-226867200
453347004
1028388672
-149605620
463926726
41538168
436652528
-547772375
6392812
278974861
-266629380
675760464
-58298384
511295694
-39494236
35664993
-664456577
792462820
-384281664
-91948419
481742226
420668140
467346618
-32150844
61366032
-272311686
271183800
432138945
29204300
-309599848
-114090435
-563779116
797102375
-182299964
-546170317
53935218
-425211054
-105726376
96113845
138455696
-238186800
174966660
-346723710
698743934
688693236
-122245344
107626714
372203445
552191850
-430217648
59965400
37553750
66618426
329807225
-473371990
40352598
-295322283
406061632
67041760
341609709
-94821474
-150935664
73731888
174312135
6094067
-182146692
-138737508
-149952075
336825788
-679902883
-8932701
17309592
-95949020
-969529424
172831950
-47113141
396358200
31233310
211959759
148265427
118418550
-136717038
85483700
-598527263
157100658
-236755824
-217581642
-57017367
69124806
-15834528
-59680482
-524535252
-305646336
13048728
-149148702
40962320
769242
-708621200
237973788
243726312
160434728
218563056
153877540
