1000
-142919959
501638768
108774252
125720562
-275867604
-212506986
525834718
142245534
-113967288
509255238
122485740
-258745569
24577020
629038392
-202313304
-272428806
-587312
-432388676
255294
-2883120
-36338260
238433768
83856045
627861850
383150420
-23812614
-161562354
483644112
-128510564
-136490688
401243808
-246242336
-498393870
-59958660
-54948147
103401837
-66045916
737273680
18535440
-929386304
622929844
-16060146
50098550
-53308622
192956650
126142100
-27085690
51898352
-192112115
-244466668
-190432592
-3837552
-27558179
-809159400
-399664914
426501600
-43482020
-203275883
767003076
290982120
240877845
-235465738
50331600
151538544
-307985708
-53636086
-23119592
-353058000
-75189060
-654302070
-205998692
60708664
525020760
-93401344
183912876
-121319896
-62717592
681227375
14710044
-724465720
-37336820
-435543818
-249236444
130191072
530674448
-31003153
606764305
-426149802
573173622
151838091
-481675023
198771120
24161220
-72166500
-48596170
150798858
-9910320
43510779
-23764290
-592626776
132201234
-29140800
183574825
168719430
-183706380
-1046548464
71259692
-200464164
230619345
92414112
51187240
468252260
-759298275
214046169
173378440
718203365
50577681
500415247
-114464904
35103736
10796468
-68825130
196607367
-275512740
317042777
293151286
569994744
-96041025
8743244
-189806660
298452748
104044176
-559955700
-95143265
25164160
-227306664
566395900
-47409850
55365243
274935804
-229598720
-171968704
71616948
182968404
-860375950
-328018264
-3832290
-562856452
-369216920
-415925442
-3189222
-507415740
980205530
-137186532
-182677761
-310059750
14799834
190174105
-63942858
-155151360
-161742464
-480234618
810456195
822633298
46677842
-4647125
-59685335
-896679960
107354016
-300371590
-84581293
735235550
-43365784
-30953887
10017280
17633762
-388445438
-445674480
11289200
-591538800
-70669701
-426662610
113380878
223131672
7222074
60370592
-337184160
-656574674
-155699492
-138710016
-502275680
176005379
-198808441
-260445284
-73229512
-32468159
-133553680
57489264
-361621260
300438078
261847124
480306225
173041341
579489606
366549300
23143131
-393712404
-171425226
-622649502
213893032
-629280957
33104544
272729625
91065849
279149624
-192135735
-7305648
-227207656
-150662792
91123264
292245954
110425140
223336245
589695308
105064258
237074915
-538291100
149657081
-719856705
-107728537
-889685619
134243216
-42657120
-368585104
647686970
-174297285
-189757602
-59244062
203189618
35840232
-61722150
-717560040
-304933859
168128592
407442688
229466424
397291824
638926132
168535255
97422150
-375168820
435032550
-596423962
-15129428
36170946
-7541700
-861292250
136996323
-77885955
133484536
-216466734
-97858880
-17304035
181415773
-254925495
-250012700
-718260108
-409424284
-443240438
-533371116
41189304
-768668142
430787064
-164930482
7036350
267120000
-426381060
241505908
430432272
15232756
-648137438
-130273360
-161410716
-296355000
-398015800
-15517755
227194944
-275432525
-115755920
374250495
12770251
-13776630
31684455
-757189043
-642213432
202084416
552001182
-591027852
-719912752
379386626
371838560
478504593
-7885352
-6425395
-134472558
-465298684
-420010972
232813470
-30368312
393981910
288949532
-259986111
-104813595
-47887263
620502002
-867974562
-161422499
-382716576
13995852
2092725
115602292
-65058639
236250092
84306220
-665740608
219574966
-324924831
-796407950
-210831986
-175838976
-956402775
-81878568
-484332016
359185360
-513050700
204852892
-471664934
934200
549574170
274885625
19659028
-467206450
-86738952
95800436
-552202245
-28324362
89962080
868567729
-540146474
699089517
52631361
-235727370
528160461
209371844
-82709850
-140451948
58415375
-430443360
202473876
262259922
-189392364
-496133883
11546037
-117369681
145766340
159268632
18302504
-995905995
739049080
22909079
-470128020
458368800
629109861
565845630
-220148166
-213911750
-530967672
240320721
-175540024
-138597039
945307904
-587330793
-647817640
377412376
467234766
-69419985
-36968491
200100456
-223939632
5974319
-336232952
-292356183
-641800698
-27418190
47173530
127536750
109634080
255710812
83509956
284680992
446997212
118710176
-234893250
360655200
-311749973
50618990
259264852
-75319119
59164363
-729130450
62601680
200492640
-47598360
-92837312
-167912802
-159627716
-383461416
39806576
-603225607
-22789440
-1930184
118981344
333618831
68574208
-113642880
286149400
-771469516
-469118425
221234918
-414968128
-188082276
435355080
430940575
17516142
142364848
337495086
-604529302
410104404
-205124040
394959474
129433500
371089268
-303200000
-39936076
159513600
-35747932
403812072
276844440
11555037
-189779148
-20633300
346405572
-61165506
-45842739
-20094
-568585234
-88827315
64529541
-245959808
16086516
-701825904
277929056
-234803646
556028982
-92640240
-253356960
257635449
321385375
-132876039
-10044672
-22523640
-68836031
96875647
-387041578
695221174
-595472544
-570247000
-244397829
-298013472
-4996464
-745411072
978379248
-15600845
-26362007
-150361406
137625525
481505066
612849500
-589997898
-57826960
431702586
-819520940
-871327443
4032472
-379844556
14479752
60195968
-1034480772
327464574
432921867
205526016
28770976
170688960
379387715
-178257561
-376012703
118626489
623178144
-580709322
21123170
-448232553
-483473192
-657728658
172491264
129494372
-880780320
611371209
-138017480
107792432
-339118912
-7780262
-111808800
-101734965
119431688
507258971
815771250
6957432
-545980666
-700588280
-351883935
221724134
168779840
-36643500
-254075392
974358834
165542797
-645151416
66267552
-113566474
860409569
-521432632
145666736
745574578
-2267008
-698330340
-227073429
-147299494
334492278
-220500268
-11070208
-541355320
232635180
-201123000
-38178762
-6397636
-25784330
-72807600
364340144
418439726
-82593181
554527140
41278361
372779629
-62101812
11156420
-338792270
-529169132
-237739684
-361209595
-248041220
67204812
-18879336
155167940
-240236000
7600380
-597336174
-85418154
102184999
121354419
-388105506
42915840
-142246720
-874085346
152638304
93350075
-91963344
170547058
576945216
-137417126
-186240465
-95774562
425457006
-182256900
91147692
-43507513
-18289588
-642040938
720857875
-298231272
69994232
536052636
-658758321
-33614416
881602780
-487939974
309898401
-294022968
108839822
483120910
-130760666
-799449042
-98686245
147366128
-365206960
-115571844
-244221120
-47918520
849707452
156534318
-170461224
-260462695
-318500092
11553710
-340099749
99646996
457603090
-258028938
37422054
-44411618
695712726
106803520
-169921584
341428238
-83879424
140101164
-45507805
673034100
349281504
-366599831
340270632
2245550
752770308
9521700
5503092
122949308
767466688
31199220
-31581342
-167025561
288968784
-69953665
73940853
-2587493
-284791259
-14812288
464853636
-189064587
400057581
-83746284
91774132
-569886947
12676230
287664300
-42783456
-308601972
49617033
396470304
801075918
-109532962
-29125230
-7789500
-178756776
155270280
310143690
-490992420
278616330
322141077
600735404
311137950
179051059
162280005
623203581
200536520
188928256
206857650
-774359274
440980531
-43169154
185292261
-26992294
-285387696
-95755419
-255561258
-223410710
-471952180
-60710640
138585460
5415300
-449108620
555930
-203449467
-3621830
388764360
-143678816
204710208
119847022
37368114
131648800
222575196
236321654
-602762580
460100585
-117505878
-25485513
-951570240
-461933086
-202925792
277045314
19446413
274402920
-132367072
-34375158
-433220781
-67448808
826541470
-135370704
-36716694
153259128
16954117
27767268
82745760
-57937308
-46788300
-377892852
462080575
459351552
-278243875
30839744
-144247866
-303832990
-41989338
825454897
-67476528
-420707628
547305720
672904736
228591055
-5912167
136542996
-12617150
-352053690
-89736756
538538671
-196298543
383106840
21551276
-21403200
222870189
499143929
-17372190
203833434
638317436
-311474736
-188598712
-305354010
-68057443
-94606080
296993940
699836992
224119090
29763909
-370516737
399350596
-710860965
674073648
-241762422
63124992
13026186
338661193
18218419
-30291792
-141956037
-134733656
-15345370
691401456
372344874
3626370
-433470336
497067250
-227311392
-390183425
126414940
-578183193
423689475
806262742
33770974
16784180
160950112
13148832
413751366
-590764056
-96302712
-210398020
-1287200
60083893
75676770
386842602
-4309360
179400375
166629750
154179129
211125936
-775426788
-666929906
-187262496
50430408
549198534
-269797278
81561639
251106414
34394066
2479051
-102101523
376990422
-31733880
-103004850
35579250
97033475
-542130960
-805086768
-414157023
82707494
-269267848
-3512311
10828890
-560107764
241654251
-15318666
-19862040
-682116820
835208200
-533240388
436346354
-336615818
-860100
-190192656
-347502015
-179136662
-10460817
-54155702
102003285
-307293561
791031408
72224880
34329112
-54182592
19681340
426625188
-58715529
-335880
29039136
-386151174
15103718
-204180480
-76228975
-522618800
181363422
-232983100
105918262
194147520
-156497004
197366
-190807552
-16805880
623724115
-1584660
194855076
7484088
585092095
24387080
-890830488
-31683021
397971128
435107376
716000
-340658545
228513636
-384950448
-74610504
5707842
-315745650
-63233180
-89192527
-414189418
68228216
42494400
118307496
409738284
187722792
-254419104
655832112
546355260
413531715
-263533176
-454120275
-682532456
-216201570
-417802272
156193762
-807188912
47956080
427908000
658996171
686566238
-242821012
-513938656
-791487720
-174474613
134034040
14911715
-125450481
44580
11394563
-215264220
-418731192
594150995
167891034
-261340640
485781712
-410839680
23451792
-567665598
-26262626
-489474494
653343900
329198254
-388591420
233596879
-554519922
-443274780
-190536168
-702873962
-39020597
-221927430
-618857460
121178099
-627722760
207871476
555375140
605867724
366720993
946393839
9350400
92605888
-64883028
-244323540
69768834
-90805296
-190323160
419226260
-655745656
-5692050
90001632
-53172342
610932600
538512912
-313786000
-264212082
50232016
-719383133
70537548
-225047108
-48461124
-14338078
215931968
-288060088
-139706867
520614382
33030126
-3435315
-63021176
11283060
42074929
-594287606
-460744372
417219231
-15922722
-449695104
170358870
46762456
-264353996
-270602124
16758950
-60245550
-32340756
-32368589
-305959965
475830029
-153975796
403942675
