1000
-71582492
6472260
-9398376
13503249
-20479464
-16573711
337256881
390121848
229747092
37798342
-165024230
-614362680
-166993294
510089400
-71704175
42390720
156761685
-129432260
14375470
487620
352645280
-241787124
-176140776
-43820541
754201924
-164687068
-6159032
20811450
-223963576
-87292146
34086360
-418792452
451528236
77102480
-352927275
-32605524
-87697044
198850879
-425113920
-336566912
-139454238
313284510
50832746
-546061300
-39733926
851841195
742951512
-327950530
-233731101
-226892820
-532084600
181379666
426043842
-3710454
-33663280
503345112
-179894408
-203502600
-23791516
50087206
-595872272
22145143
475122504
20593305
208694412
-879523022
-69412320
600819345
-40314589
-10975920
-393227712
-113631640
535744648
-744473180
-187688610
-84908910
19026792
163757280
21843500
361774164
406860300
513760313
37418184
86186806
126308189
-403475619
-423011034
151907562
-42030444
-153411114
-343212799
-413256000
3543767
-71124746
-91175119
302482464
237993536
478602807
234510440
-216055879
53703424
-181123965
-133566750
115242144
193477265
29871800
111951400
308133692
68697
197320262
-5942064
-146320082
458547936
-306430211
46326059
28915755
-476328000
21302280
-5295654
410580324
-319336665
-125056511
-93778360
-206773140
-66962025
-660330091
484578192
-289303014
-221708704
-85879542
5765721
296547155
-30813614
-56644588
-253561431
14173755
-662213136
813708332
-246488341
76821122
38617683
-370956520
-368788232
12571659
3639060
-282863100
43319342
143664072
486570363
243042795
-613489932
342171648
58959199
-185284197
-2063628
-415753
-9334512
-501024108
-89080265
-38575350
-51573602
-735215250
-737757300
-48155580
508476280
211721578
-37449056
-676699050
124614138
-510096300
-541609767
92649750
-199734941
-63622300
-330222432
193357228
331010508
-111997962
-135879450
16073112
-83940980
-179958646
-2868390
14290880
750118746
8346800
-134405896
-290962080
527819580
871566774
16271490
97306560
56820175
2167256
621766015
186046250
6711028
1584108
116470974
204741290
15990030
141742466
31618760
926706380
180472320
-49159019
173987250
412983675
517032900
93986808
-182352836
404303405
-1808667
361832250
386190447
-496940000
222406338
-70622200
-401624674
-511441664
538020588
-445844034
-623706944
143083583
-61220940
-590843620
-78618357
-649527528
-471350913
-248718403
278352690
-330284600
-749282096
106089236
591855768
4771866
-882999685
-73351806
116678856
589937440
69588276
15700720
229427640
-8763872
-77961923
410978654
-513932202
-4413955
-158488811
20476728
889650205
-690658600
-154334190
285922165
-943624227
-117568176
-16522306
-2813228
373378187
-68748966
-219979584
2606526
-195357396
-175022080
261022958
666331094
-17335944
297854312
730239525
63686436
-388358906
-506311145
-566285194
70573050
-317065040
-432549387
-262200150
-811120904
-26528706
-647205737
-117617712
-394860228
574327416
-29504157
-101517840
133248918
643167522
247584060
167138475
-27729954
113752275
568555640
233893674
-396754848
297718890
459513600
9576985
-374613951
82025352
-146754395
457764168
-69950570
-367756368
-42223961
99647968
-356348075
11020226
-640824576
776481528
-225633306
-509705130
-179073732
-21573144
-113110833
-80791410
-75065428
256547081
-10034451
39293010
-378691976
-56112000
378347065
225317692
748950216
-101922228
-100116168
-65037462
-24572834
-293847269
46957736
-159748150
-314156448
200413920
-236498186
558559950
223692330
16724142
332707684
-821164333
32042178
-282687900
-47730060
322578936
323328100
43820769
356623844
-653862174
783294470
-12199677
383948451
183126088
-148440648
-2833242
394275924
15990475
-54806903
389542740
-162285536
-428951943
718022165
661554360
219096586
49669596
-281687670
-1018934365
-386332160
-440352000
434133096
634609780
31773980
-558445404
165232172
58450392
-9919428
-53782236
729572140
29815552
-46762800
-1001589722
99542541
-503905992
-443138616
-32573612
-68634584
322944710
210815280
20962170
-218293086
-433128978
332034500
877278102
-194026252
-253344
61382736
-212320857
-38684308
-162041841
-231709667
-101904960
-239873614
478011002
217930896
425544174
-307843564
686927802
257527266
-196513188
-78458168
-281889045
-306742521
-2032590
14049837
-4517952
-125927568
-743089152
289288194
-598307904
-574923480
89903632
109940544
-34717518
-32393792
678603237
272014500
-400499055
-98940296
415653329
10183327
372080124
259269802
705779214
-47287240
23084415
-34350099
-31355038
923524342
-199957284
46006752
-79393860
-2946064
1595696
-350233982
-194372152
-271777986
-4521636
-62280596
29204890
-17166327
89786268
148685064
317965068
143981299
-96756450
255690239
288945734
-36620875
-509589040
-354333448
102632150
180775920
226644050
480089098
452755606
152228099
578926392
409796563
260494000
164021825
818574264
-753083544
-377846113
-227362500
177938610
481765410
26310001
-396915834
-100632360
597559410
-106063202
24939195
94673748
70844928
-914666720
229556376
-139384242
414674900
271092377
-862388307
-568543647
-454959348
65356221
-261949055
-634776817
157970232
256417710
168636300
776695000
32167167
-82278734
-412569345
188259700
484107896
-489561266
-16128276
262543216
-197667470
-12378870
19866970
167863520
-46041244
14677676
589481145
81856509
107027004
86990124
9386298
198779126
-510780452
463256288
53603529
446764176
316799835
-177776820
71880446
-187949058
52569472
62901696
172853830
-456587900
-74906852
-528420330
494689380
-239798042
139885850
-436375608
874664700
487338254
-271698
124210944
-116318670
-75571100
153020630
-10023200
-780402114
167320332
-264083895
-51219587
55932250
-345025775
539194700
-334637460
246144
4528368
-72576672
-449323116
109858203
-80808567
-188065220
403594875
32972800
94098915
26071360
786261006
-371265958
399868994
-74633010
375437829
-341791982
-405993504
745356927
-144920818
-538446584
-133153152
116610735
7077623
158657724
-270418941
146689175
516939408
15414014
75097834
-4111500
57600101
152789280
280046700
-98036712
30944848
-139482780
353510856
264452892
-28461492
-409837782
747486603
3078665
201947900
233281708
-147378546
-590161600
-408376022
136781936
282154432
-93387476
-55637725
126975810
84837312
170454156
237483240
-489643446
40628016
71183424
27065700
112445695
-242498700
-9712542
343315440
243028700
-97789020
-747985028
-256671530
182665425
-47639361
-12641013
110339984
63942333
-123444636
39056836
47906628
-698933520
-223966617
-94530825
7495614
-824855664
-101440305
-354312
852777142
-7344220
724707863
-327350967
-302299680
-14697066
-37253700
-46695566
-533053360
767467792
-30290460
-141134196
55842720
-198295282
-26676000
24673650
181333541
-687777154
269787024
-390284505
28007837
-37504117
-357796147
-90856584
-187096575
401983442
-525152928
-540625176
-322052105
93836556
-136323096
-463139597
139877627
822205649
-628611120
2149281
-109416380
-264590404
-107637336
485406576
-202233696
248293786
328895294
-137945214
-611497760
283347598
-255006416
80223165
-409617880
519145200
108807765
36454704
-252203600
16321360
-207115656
-584977536
160692640
47415300
43637344
313558980
111567687
-48300043
276936882
479019178
-56139762
-1014326401
306397987
124928230
182134220
-21762354
-381613084
57536864
-24262728
392778496
593364435
332644284
212926170
-1014103989
194528412
235304043
-404859402
-135657350
-42826385
-51981572
-110754215
137566400
85462620
-438141496
370830315
-78564844
490874108
-105426510
393506080
921305235
-198913770
-262691338
85688912
265935570
-462144618
349662222
23490408
189881687
-269015823
151464447
-463224970
226735250
-270804960
533736125
639386308
-230714300
51189502
-609485256
-58337640
118831728
207992677
142903295
96076608
13197900
68513325
-66329181
72031345
177825802
-233848625
-3235419
-223951910
-536507390
-682837975
-52455804
32713219
-174933492
33042786
-503094480
265977456
160394352
944162875
-401478105
-360953208
-689221140
46528274
350085564
6666807
350662200
185518840
204128496
-102254364
-347462451
182477220
218994626
442999389
370271964
598103163
4719975
-723341528
-110229902
130262868
-330866532
-9517230
-527796890
86752757
970393470
-57190074
699002258
-158027370
915809244
-143863308
90293918
523231974
89225700
13372614
-118514815
-695293781
72375216
70335207
-45048012
-88098128
52788377
74129469
451976700
-48983824
85727340
157742118
-115941546
-653226156
847137414
196723200
-111980496
278883430
182573237
-806747104
534093576
1675856
-68376224
-771633457
-49600925
-932229000
-65248926
1189524
197246655
15555039
271215330
-522224010
689628368
-54574564
-452700352
703838564
31271168
-9051552
15520020
-203525416
-37021750
91729704
-405986490
-175756812
-156483345
-840982570
180652032
178845559
160320654
143527680
-37005145
170236224
289270969
587743296
424961201
310313376
55854764
605045880
-268638500
-210230400
-321605060
-384748442
-55139805
347132810
10545535
-353323704
71227220
398697216
-8633686
-111295390
-247021785
-127791980
343108080
-99570149
3367500
288860252
89556033
-48019840
-931791798
-2928242
67991264
267899772
46743296
25992120
-924803808
-775060
-184253317
-21654213
260694400
102500226
-3440694
17955324
119716002
-251436874
69334470
-31792509
-238068990
391209672
262134072
-462511818
7383200
588464010
715366400
62431145
57531012
-213375168
-427962380
36988380
468197400
113916495
119090036
-481533129
819247200
-107721650
545264850
-59000466
-449756043
353131520
-405501217
-2199154
-24235925
-22246716
5238908
124841286
70556980
258293910
-621304782
242345096
-22070505
131697900
48668130
-78101270
-178367740
495073458
72300150
-72358560
-98782848
-879510528
-790887900
-85512317
-84837888
384715125
50707116
187710083
-695202472
121504032
404401600
409280976
658798650
235832960
-23449990
224375602
-207208450
23012075
-254245836
-121736229
362544336
-768871972
792495822
-167602790
68420800
-486211583
62927280
264535878
71988422
-1960317
-552296976
9617036
-4064000
-139946850
42313968
-1543581
-230033826
165134782
-354449406
-641945910
-108394166
-228876276
-1292976
-295337760
36471400
-881862146
507250527
146141798
11689824
1623132
-616118292
-52246290
586177731
215676675
793348338
6544978
-205150582
-57212510
-79007847
239825010
-360018340
