1000
36774751
-619958535
-617151360
-504923118
287804118
-508729200
-62257041
247455468
83333250
-352115344
-6756360
108100480
-513409543
-109899883
-208346196
-306839360
-187048900
283024287
402016928
95526720
53752050
115399760
137580
368372400
-228750724
-9912460
101665416
27716068
-83719850
-510677552
666854216
315698383
22271893
183158325
-284075142
-246043464
735801863
93139704
187921305
650516400
873929832
-174315790
-323208522
242827928
-20500820
-459009400
477450974
670910045
470662944
20883530
-288436464
25882751
717569000
-491440544
35438822
365647512
-638674278
-175298526
90945850
256859682
-144298104
23803827
669177017
-53132391
57965986
333160860
112132731
191314488
-354913200
-133622364
45311295
-236733543
-255512070
-724954536
-156898656
-13035965
109538702
-634664760
-252241466
-33857774
11969208
-75495880
212613336
-9999090
93319222
-248031320
-349279296
638295600
-168421032
-588597126
-16857180
-12275380
156903615
-492498230
-1774196
-325107118
-84394457
26994934
253982542
120620712
-696355730
-79149882
-140208350
-215377968
695282328
167480352
-85525540
6406400
108836448
7867203
-481471380
261069300
-178817424
-635646201
87685064
477513193
-23526828
-92023230
-116851480
317819580
212655267
-443483871
-476679183
381413349
264794070
-209742763
-717733797
325993347
-259660374
231803706
62740166
123034912
425765340
-23915650
-56864991
148657262
206540490
-172804104
11193182
280572192
215317536
-546686680
121357584
-45497346
28590556
-320621784
-168265966
15861944
12034204
-655924053
4320902
366589870
-263856255
437179312
-109015949
237618605
-4662656
37219188
173094269
674683407
176911896
229455176
352792848
-580759200
-157004460
450574957
-410717065
434594181
-20560874
-11455530
105542144
-527819862
-142280616
-251355610
7077560
-166569513
13380096
159701577
-181594241
-11776638
-601182578
140032760
-553769798
-720937882
18757696
-553487268
-174777855
214005960
-462198830
147392349
-180789798
-199973512
-248813216
-67081815
178996435
-267066060
-89243060
-748508130
950664756
-134886084
-62691310
-451724880
-34013504
-139547226
-530829720
-143770144
141628305
-82650386
216423468
-215860224
689565828
171452710
-433692102
204996798
-41405580
-4734126
156413831
710376458
-249975255
-247405152
36834944
895409250
255285402
85814170
67520932
-186022704
-118623498
-119299296
106231662
-342704952
-16661640
23454720
-14636530
822474568
774454338
-59505718
-12985780
-284748556
45144320
-66008178
-67178510
-231375369
-174030848
-477394960
-582292531
197257620
285654226
-258062496
-2437940
-120818238
81275924
-32226912
701340882
-509618196
-524072457
-6628453
-87571956
-184728282
-90325836
-108461920
128833607
-54946080
-93932160
-444639148
603942802
319934560
-71597490
269199315
-587662020
27678535
-482698392
191536410
-327797448
342073040
73818855
935161280
-607336128
781631820
198692456
-45142320
177049176
11801793
-218848395
-324090903
-146379
389004260
-435606615
209576536
31092380
588761664
235869640
-286418827
-708597664
-496481392
41505891
227940822
105278365
143437970
621765108
30258294
449594202
50492064
-13282260
464582137
66734170
-114229031
-35013327
-435574391
-432068800
-388669994
348626640
166474304
292167168
-164302440
135862320
359511975
-89467230
110819608
-134732382
-367246308
50869299
-34336776
-878162479
-176578094
326276292
282301239
133541319
-593549957
4572190
-103932094
123310656
166830983
-23581836
302082651
637952735
-261593585
-140625472
194276928
-349157100
331671863
144410970
603960844
461367558
663582063
374535712
-376788984
-570647540
257476800
-72057104
-282929331
254964227
68822445
-398240165
-63974034
126269197
-284177775
-26607279
35025140
-239690328
332149725
-43623820
283841000
232635008
186569580
-290239620
49407520
-256189592
-596299850
-141914304
63532254
-179821431
-559668736
-297129824
-313776128
70601361
166156890
256235238
-406028112
830272653
349308465
140137812
-362492011
626618916
-138200844
27920025
-333301172
-434508165
-510803980
221657172
526161308
-36424080
-819660647
-221484520
406438780
353695398
92901244
451976433
-313512402
234764114
904188736
-5587356
-448489643
-72161184
638322885
-115217568
-231170353
86032815
335164500
97445545
-613893555
-67392512
76007144
-933300
-142495344
-264349440
26354700
65995510
3872295
-37101100
238968175
335364559
656147736
-2595164
240805620
-1014641922
236399918
78107940
44760772
243854568
464621860
-329769542
-549528125
-103364352
46073220
-316147300
9822054
-208396160
700655358
-17238356
-17182832
-365248686
491789362
503712000
400340812
186192624
-8317890
-96469620
211427937
984762638
389290230
-19028790
28676244
26142051
-772141909
234790136
177412728
28278978
-4930947
394422255
74078508
10766052
-741413381
-99467939
371626101
-477946008
843258918
425920464
-732226560
-183217413
-134210840
290372112
-88826760
222861735
14070420
-203734327
103785902
-44371048
33655077
191225040
505835280
392434588
60837990
-314677704
64923520
587634264
395087616
-396376618
-99998220
842270
-813819608
175295900
71002590
-405633150
-19914625
-44651180
536726250
-545347198
25123950
302219736
-738654579
-404580165
140768078
-204888508
-56201600
188762932
-96246940
47696820
949157298
-175314030
-156168000
-159391752
470040104
117649128
-339651120
-292756056
-150049746
721834956
-154064064
90160041
27208532
108239830
-659006788
91953353
263024133
583062798
15225398
347680014
52663797
-379148728
-301998713
-497874690
427520421
5194890
13228845
83881140
-567285492
-195224575
-283575294
-17786920
-45724533
-870343452
100832622
-243253910
-1048931721
38254230
27762037
40871325
-285318050
-629332704
-108856048
-38585580
-456437586
-500912475
-39308952
11982402
-138548250
-15975423
645178758
-208655580
76521893
-79346380
-264496344
-103622408
327946104
-44781996
664916928
-135951255
642119517
485039754
522605884
49418226
-229437722
-10003904
-444811572
-99081792
-521008554
47682856
440622554
167198480
701114901
-210507888
566543632
-642367495
-104821080
-229434387
-164506083
724788517
-619043472
-18228587
12637716
-385981601
60298686
-33870222
-162600696
-354407746
-16612292
-283289151
-350397333
-28771776
-472933890
191953826
-107509972
44357280
-928230048
153161064
-984008701
556702311
842312992
517203673
10113194
-28040378
374008650
15603903
-472181010
-953017314
595280644
591790587
85497888
12767150
-11767800
-28350420
479934050
-190708362
869930766
-875674338
89553570
147717515
-248998932
327937446
23485458
-450820006
-853197908
-319988944
374665788
140786800
170083098
-84129552
519949290
321072839
6203253
-18014502
-344880520
-61443740
-107506560
181916596
679683450
883011299
-351276500
-118526938
-4841774
549558150
300607716
-439598040
249710560
35691060
630265530
-171228640
-116725278
78364017
-273287184
8653840
335948878
-188993507
-315620159
-91855158
238506498
350347005
107130816
-334867700
-78513700
-385992858
388028888
85990884
301371408
-508462128
400696894
185258112
604892340
489231015
302233294
-709348598
419592096
-52050984
983368288
-252259588
197411733
-204456648
-52708825
11395620
-288510217
-602052844
443474850
-325816110
-42819884
-59075526
-339222195
-433703180
292667880
3943720
-42911590
149279424
-6892650
-90376520
57718197
214055360
291579288
-266930876
-29716000
-312532992
331058304
-627373040
30134013
-176603933
-287111286
601998705
-1186056
122182424
-8925798
351681330
322234506
-3808525
-430891326
-513993532
72970800
-435227100
162817011
-314152105
40274129
190556286
124602
-48161007
-38704575
60567443
5607795
-148273104
-393013573
-679166422
-169359696
-191987838
321361950
-380996256
-70799330
-111113275
-518560600
971743350
-12270608
-336356604
-600817210
-392978827
-411279000
-130907774
-371782848
-51256702
77322060
-224358904
536443080
280055498
-117478872
486902427
14428512
-61004194
471642052
-99196530
263606187
393311240
71538726
562258830
87927548
-619362138
546560994
95563864
-155430000
477131129
830469372
187836884
200383744
79560606
129534126
262977000
92571496
-852172776
-751925502
250275060
-419101368
460575621
-581254899
-112596765
17393520
-135451248
84284784
388893886
-114803452
698990976
402761484
52211255
-65235188
-22628760
-322184041
415082420
-50407550
-83657340
47055180
-205691756
78453414
753506221
-118588784
4588584
-144908820
-15922260
-2508327
73808995
-234310796
19342512
-269132710
34765668
378032961
409001986
-178968792
-312063050
78224026
-144264043
59231770
-13217077
-191836140
-94596576
74167013
-272544126
83626730
129511710
-573947988
-948989925
-64810086
36901594
789335040
256652032
-25558242
17920833
-40579947
-153694399
64999935
206265152
474400172
-297234207
72318788
155582521
210893598
673114728
245451650
433810600
572413668
262317330
138453634
-169740682
18402930
428308095
9281856
446387844
-315611235
324764720
42218026
-17546184
-5875710
154628370
-23585224
-12107230
-54525550
-94242863
513573380
45685430
-641042634
-669681220
-324774372
1501705
-137750760
-260217660
-748457946
-527850974
-217076510
320472018
-275917144
-66559238
-221098680
-32055135
280258902
-204685141
-18597846
-132937992
435006446
-59452976
19953648
-372090836
-546633586
-545772546
138124380
-22559788
431423586
-401806560
-28889629
-387760186
-601232208
63927846
120099036
124224506
35871000
-68831200
-14862825
97053459
492752835
-286037144
-210402005
17080279
-32999535
560513629
-621461570
115289300
-61641678
-44106696
401993319
-339971408
-155483965
492013242
-2601209
-332264268
341116824
16433934
214168210
320500998
-22649216
47965905
-99414462
500560923
163600640
-130900034
428313115
-615024354
3157920
285038446
-33272525
-474985224
-278156801
182567056
-168821135
55189425
-7566669
-9148299
-221475727
-113386696
-215542242
345515442
-178975440
2684654
-199307592
-279885670
-51544878
28896681
-683359164
-382946200
138792080
-169037844
256448928
214391364
-693682836
375325041
-203884803
97691945
-1261893
-814917600
20522862
105198368
-14614600
-421119524
430183152
230081046
253545744
-74571549
-35388564
10982187
136147465
-213578227
-41374053
-109316250
-499480604
131341386
20183234
103989600
257547560
-220286655
-204963096
-936990
316888620
-159562546
571835228
26315992
395048232
114754436
-246798116
-322652160
-5198865
-621009796
364436310
