1000
21996806
-94632948
186573585
-563322166
-658903004
-182041608
145892544
-214188520
706708302
415480721
222339600
2270996
-198429440
48666474
-206379807
655708900
-108254077
15428646
-212413636
-55567694
381725004
29999192
42849180
-757491120
36020052
53124526
-355598880
714135417
-96369024
525498299
-74709655
486344320
-79898472
473119980
-352046779
376672000
-227853360
-145971600
-98955966
-70313103
166208889
81471555
-280936288
-185551020
-449359999
15607152
433274112
-95233680
-1003198560
523510344
-424267272
95662215
3694208
-186962688
252478656
-356123567
-325450335
-16414512
176070700
-459499761
81980730
133589844
-18595812
-54750000
31393573
259692849
119245975
101276304
183129380
765237176
-165545750
449608887
-104891979
204272338
-284712452
309499740
-560018884
-355444416
206545736
-820851570
288756540
467575808
167860798
-38101544
-65730402
806963322
-531698611
-384287850
411675047
190171392
-35201925
119489370
-417068073
124764640
173805908
247354800
150370218
524863402
-372694740
625972445
-535266193
388814580
183899250
571851900
-11201796
58287180
374656744
-781931507
-140519094
778570866
-142225732
-782016146
276547150
482086650
169288625
-476873210
17017050
210806196
-331698922
422218130
309459432
97248448
89946532
-27702790
255824382
374068040
101583909
64454256
-89034912
-626055804
-17569623
10417040
93470806
478391958
105672327
318384176
428698692
4625644
-254768970
242312376
-34268072
194251125
-1013295312
-639565425
669400128
-216679796
-291779844
529472808
-299765760
188475360
-33194502
-19916897
-610029904
264743248
-3333345
392220334
4575243
-238125396
-447652381
-81233789
-166661165
423763354
282750456
-21520261
-9186292
14490135
287402643
23997284
-32442660
-38477424
127817415
-153682998
262835136
113455964
489270064
8288780
-74686638
-39474360
14998224
525102412
-78005646
-10594125
-610001785
70983596
131386215
279349715
677736936
-39168077
395686825
-30298874
45159339
517254560
-273196924
544964303
501949008
-249723996
-62584802
-653282562
47244505
-146995490
95022165
375777770
-45319824
7492590
-118406112
-105293500
116257518
603440500
-230801372
-240004660
535679235
-364690290
-699078624
20257825
-253941905
34858350
21633930
-391415415
-25161185
-274925836
294283955
-513994800
-477687864
-170084420
136611312
-777188980
-74706928
58610970
-719956138
131172048
-237194098
71706000
-282180852
-23956842
-104537889
222925274
-249798138
308443556
-75223662
-68690428
-476849932
251247506
-7778834
-248799158
-98653869
-32846250
231907467
-68961282
-849684990
-60321036
377268192
117675876
21228280
-261424625
15350775
262015
31393700
68291729
16106300
1431808
-331772826
182207862
-57765813
-2023578
94916670
11023040
276257304
-107398222
404279746
370293080
-30917035
-368183632
318343041
568995498
-5632720
565556786
-14562756
-133949234
706862
-125488764
-734402352
461287920
-51149736
-61812989
-842457330
49632804
212286872
-81647335
-475837371
451092804
382442631
-446929259
70584458
95535734
120619515
496999663
174868990
14428800
220422708
60842925
490549800
228699552
-338758770
26208216
263000403
-596124408
627352290
160106310
22864776
-821319708
-110756235
-614051832
-550117870
-444699333
408214235
-143863112
280338196
-284244088
-69860286
293328889
10311886
151079792
-472211740
524262561
-353070872
337414565
-77129250
117596009
34161325
-37707340
225526460
558161541
-3371004
44987850
231808582
234092859
133674838
311656395
-43786596
61799457
-492758464
35283840
34881297
-8767002
799077888
-275329401
39856358
325690488
871087
198974100
-9496760
749339744
-102558522
-820188460
-174238428
-575465905
845329120
-108344672
375295788
301752508
67420998
335922258
-738008550
-125495768
-929585986
-30155360
-89823740
19334525
43823439
-520365200
-357832440
47757600
-330993749
-2132794
-182712222
884934069
-23089470
1035745630
21405609
187319310
3398592
-396412687
-748648359
-620707230
694305024
91654020
588063408
-550526370
60198402
-134054280
-715906154
64304000
-159667968
46301112
395459424
-185046818
636028673
22376155
366216550
271988160
-420358770
-144405635
54205704
-265303462
-6612300
-99047000
-65368728
923924340
-666373344
-467467028
70282054
29192926
742255434
-232748181
-5504362
23192832
-210466080
107543105
-167905386
453501120
895929111
-440593530
-260204230
-132320492
229248357
173483840
345611200
-460062656
-142518525
191722768
58239235
-778100160
958391775
-322194004
53614262
-507810008
-545533824
-35393425
538156164
389752560
17677355
632333520
370796778
-82096440
382723874
40387050
615080532
-307140185
-27754963
423372528
212467968
-285570537
464322016
-78084009
803769638
-228616338
-880556023
-84834820
224618040
454748019
-277509120
472626649
-290269548
414908274
-87083198
-266406609
-363282432
-258066364
-244765920
-440206282
21681744
401540946
421045130
184992600
-45038938
-47683020
-474929265
-211122612
209115200
-10269894
-237220221
-145017054
-276953198
435840608
-174880272
76507365
269712684
101075155
-102274227
10680885
-425944000
213202822
-91828740
-285327373
-149086308
-13273316
-735740412
-234255960
597892312
-222281514
152418396
55731682
40089315
770848867
189434662
-4318988
-94769868
-28419552
508668758
-400283904
-214123566
704945862
-422055736
-415376424
-430815006
-159682158
112720680
-97132140
78215870
163696442
414165024
297509672
864004
76091532
-13891430
142734844
-245996600
102588028
111283536
-343346850
-202080000
188583360
-378212994
62518495
65449377
118308904
-162090312
444345638
480064664
-132277194
-298482722
-72594900
1369400
19957592
-529601160
-132657525
-262665315
-132682528
-65084500
540572864
-69715616
-157254594
-538780435
-153126526
33864402
15116745
336176995
-67895786
-537857544
-522475680
-19021470
-453037797
189688894
33798413
417053925
350738360
-113951344
413509008
-520639036
904581760
84324207
-88683579
-274196351
631949550
-491327465
213919875
-137922214
531116571
-507065540
257488646
264630480
483936710
-472858656
-116511376
-790354220
21670152
-897567858
415538415
204633828
-363557856
-655617016
575939067
-871660057
314260672
259033505
118942325
735414476
22832311
-102032600
-287342735
-39137840
-837861290
290228136
-54487620
-377918072
-532988736
80238232
124214528
-128402214
-8727920
-281852584
-20136669
642454540
-4681834
74684077
-35239253
239593320
-266464435
-39527268
93385324
185656866
-343719927
-363771000
52842225
-183949773
161472228
-751069488
334377238
104337408
-8614606
43312422
807476260
721782738
-320420425
-58502630
-479577798
-333149544
-232516982
459118530
-149962338
-1002393640
-143881208
154491824
169042744
219122736
692799696
105478200
-602029645
-47105604
463439403
302999850
211911288
-78702319
353366592
47622400
-10078620
-120754400
154923435
444734586
-25256868
75073591
221610033
-193480194
-431882730
340497165
-128850800
-214433324
-69735402
174419728
-33386128
85013548
-391393485
-18327324
-142532165
52261100
462323637
-145289565
-218499566
-3438666
18351080
-273258796
213885660
-745370608
474888438
-161189468
-375733344
-867981790
221075014
-141069456
675488422
9599070
-354206928
-173819646
-253867885
501041625
-222236971
-354351567
-61204932
101391030
-12006054
-413536203
-446767678
403080462
-183136668
-124716190
20202140
-10887678
-347550280
-382545690
-426868722
-38458182
-27817221
92138046
67460602
-284479638
-38899973
-8150435
-46371290
564840864
-295927450
-653312016
406401160
123803622
70377812
510489
-10686720
-595222684
315096561
372966806
364628622
691356600
-13956138
92334096
582517428
182012532
-253436876
-120736537
10645320
-41372226
-6685122
56336386
-43995906
197170200
42975120
834243144
83189436
71174700
-8053122
-306189114
-97722460
-244152150
-270776082
-743290416
-353155596
2110480
734319839
-140758011
112072920
16715491
463620729
-2720764
-450776442
366762332
61142389
59877658
-326828258
91727440
-19280592
-417324384
18545208
-481176045
229810595
39463014
227458725
609463155
-293004397
272995593
237186570
58110020
-21152014
17985474
256801610
498365472
200025180
-681844888
601826820
563485420
-2472448
94433688
-463615500
31495394
-126651987
25148495
-167276048
-218373120
161965120
-45269833
-637624280
632681092
-201042315
-419327172
176253272
231694720
478584631
130738960
-258093050
-130828260
117507236
-346217388
-388190232
-92911740
595222614
-3039432
-337466976
36207085
-250076594
244550790
-337142400
47323704
-51170427
46002786
590670358
466143687
-2667496
-19535486
-177463488
-7083134
-3529638
60977306
-1083672
-250445034
-252940140
-515005856
333401197
59822118
149589600
287408832
-283828260
-143392960
-82792332
31698542
-822623472
3589518
269497240
771717504
147903103
-734232638
86022500
-751706620
283846970
-18014760
609221058
50173955
19043453
296991916
38056392
-158875992
415293240
83145420
-485851862
30987796
148707504
640413432
734186112
674212189
-256357873
-409494834
2664728
248269048
-332726684
-59238010
-105413280
368689524
-467814660
-181414420
-18437158
62310
165881682
-142511220
704469032
-829327032
83194826
372034782
-115257938
-173462084
292826248
124832008
-390185258
207044860
-598580336
262302223
47055435
-84013440
-808251808
-136538070
451256688
-278991740
318473445
-509169356
-713507052
383723208
-70434000
260474784
-554388940
-163507986
71560044
189808136
-9198219
119040940
416012937
-530689500
-245767380
66497600
-470708635
120427072
76842560
593928938
-190793720
-522970987
231278307
-193326211
-125927680
-191501856
56645666
478091850
136972524
110539644
109168396
-72302170
-180160470
-150734034
-904134
-43054536
302060696
9873006
-37571040
-174421728
-588516823
51128449
234374539
864107365
-810637000
48574585
244291840
456421400
269239383
-5721375
-162628881
-546531342
56441265
-584487360
85194612
-54611491
24086504
644043600
-129441247
-71749696
82983355
-816988384
438198204
353145042
531346236
-4053477
-11578044
-275409760
-42229440
-482347528
86306067
-360741657
-718955505
197455362
-17407014
-217463330
268921940
552470
-343657125
166214022
1005572088
379962968
122009463
234746356
-178972200
113475552
6688304
-361058444
-61973706
100814418
15211182
-162314620
-40633002
-638165976
-717015734
166866645
221542959
-473015980
-517054720
202615215
-94903515
982831300
794608860
