1000
368641416
384918556
-32418370
9900300
896316825
22987952
-42979596
173864484
284889088
474592731
-384011173
-50722636
-109665728
-516468400
162536033
39870028
-132311410
268793632
96790554
-340137972
221450962
86004146
-504917952
329087844
595403415
-467184179
96142970
-449617787
-185973558
13064016
-80487432
-23886082
18878206
70331040
6936450
-159528960
-158931720
458761194
85725359
-23234379
97379562
258552840
231708792
289224923
-690700650
-488027778
-784707456
155970318
518577470
12380110
23090484
-170752617
-123667152
-368311426
-427217544
-119775336
45896146
-543662334
101981360
484038718
199597344
-15248448
42547995
334974339
655941864
-20202210
-174804188
69856150
238023000
-30305835
-105424525
399654295
-721459045
-806840
32813732
-131492484
646276140
347599200
459384980
-85772305
48823189
14269440
569144430
-308562800
106068672
-80647814
32780798
-46043442
-176953700
47557538
90591090
153308294
-240064100
806719733
33751070
-543327084
-34928010
439153748
443211076
-755273460
49423179
-513758490
-231732410
-480571392
98847860
-46068537
-189112801
120357132
255682792
543716598
465092824
-535894395
156585632
109352500
-191840850
-452408978
212761332
-302840600
-23807714
179598832
-73852080
-12539164
27332292
-244181176
94314024
28536657
-854626635
53476928
19870362
121779840
-250902015
285584160
407324720
-375419655
-35686602
48098622
218935290
-70646642
-397635784
204074420
-74131390
23854089
368291920
667491012
-502232346
-235830400
112921120
110288886
-140782400
-594632720
-996233312
676536651
-62918320
37345880
-665006783
243272643
500398732
-197125410
19454400
-66997986
-411786856
60990280
-43421736
-114847612
83432034
660581814
42161089
-708598260
-409498958
17305178
-696029742
-445339872
-198955783
-20351470
292556532
209177350
-96203395
-131401575
-51921714
747494580
-44012133
648109385
282312624
-408392391
57147727
31716930
-35970750
-84735210
-232890314
573977502
-256505250
-452194375
58180608
379666689
314382475
900210728
-133093536
-337568386
141011325
-6736000
953704
163219712
-535326470
393223992
537537999
-75919579
-664466028
-3882642
-139918329
-494015781
741948420
115270559
6598385
83442744
409256260
-372444605
338000740
-113661366
25938192
514208640
190504860
-118333035
-2677764
13213692
-93637602
43429855
473555721
136601344
420921424
-726890274
-78259629
-89325180
31001978
412694892
-807596504
-13289922
182368536
64205328
-148992
-477292688
241197390
168585030
358361056
551556954
-207487686
426368490
-6030605
30897904
-78560810
21925904
19598592
-61134150
162758180
-7358740
37336010
-336420820
513676270
555234030
-223358400
-13958400
-468885934
-26795622
-207901632
-15936544
-250086142
276305375
411973248
-16999416
-198957980
-296084940
12578816
-584130304
4519110
130476446
-570785540
-407618302
406717896
268905395
-134919720
-1031525950
44205160
113071576
34638296
137598275
-398594154
-408515040
23307696
80611110
-95346250
-134374742
281248784
-381941319
-134256618
30031018
-63456792
598528800
665191098
-359626071
45953740
287597394
-291205560
34438710
-64778824
-409451520
19439784
270031073
-2607840
-534643728
162203550
-862650125
25784892
32917950
-250345893
340754238
-2104830
645720551
881443620
53882036
577185196
151467696
362256768
-541848255
82867415
2107000
-241933398
-83719306
-310614106
107641050
42020550
-380134503
554823650
-65237634
331503165
713927600
60187860
-2075037
-813389841
64648619
1202168
26472400
247427656
195938463
102756655
-136499112
43253630
-3874992
-57194850
-36443184
-140619726
-552385824
908709562
-73340472
-20900994
145631856
-107187564
797910504
-303484848
195598218
348569164
-86887570
-15766840
-387564538
276304148
24983140
891754920
-291469606
-30804912
-668727414
-216692550
-672125760
-87210349
31745086
-187856450
131121557
105334299
643575970
-10206492
-157686711
671755020
214268301
-518298139
600103766
-369134751
-49743994
291909054
211095408
-97455033
-166925031
504209274
1587324
-657605520
-363035630
-198492979
738653828
193026420
316132530
-491769900
-717255144
-48767495
-135615940
-69712822
-311299155
-3916278
-787909980
-54893160
59361600
-65037109
-88548955
-272384
-38854886
46703697
110404920
-747818376
15677088
-13995234
190150035
200849700
53359617
5656915
-11746944
21752220
12853984
-798216980
47251440
-447991320
-207794341
-161915670
-502147725
410641350
-564102569
254319254
-67596170
69396873
-265782600
157008464
365630623
365944593
-650338308
264844500
142993457
-3960560
-67203326
-469537458
-14438064
-94830301
-137522392
65047508
-164726032
117570271
29336064
-47042694
-109095816
117878612
-187137704
48067500
20094290
324310316
-208744505
-383433300
-50663250
43462870
12012532
81635267
-603124454
698359725
71400000
631090584
-318983595
347936134
138212074
-236521065
-482523936
-4954486
348268500
76857165
-525824915
834615888
100994712
-794879960
133718291
-14534121
-685545625
-215046429
325652802
-1015857012
96348107
72536577
123156976
-343056350
-768632760
459572856
123425480
-13438310
1657656
459705776
529136843
452185629
-12062430
-84465332
-562007292
-222299410
-148622779
-50174712
-146937184
204396872
302676432
3284853
166056912
-14738880
-335883644
411998432
484127400
-281493373
-283608900
2033048
235359576
-17474184
606603948
-77615706
13105710
-498792415
132630259
-39558466
412071840
939877522
-133405139
13887878
183146274
13130403
-148036700
10105850
375278830
-201999363
-729705167
872677680
681103038
-245356317
140909757
-288754004
139556034
168328316
-817507408
-638367955
-688674285
-198200874
-8517432
667033257
228847681
-39527930
288576470
-958299795
-49764750
22198150
627630250
58284000
468371336
529374848
401292684
-31721592
-82113820
-410130
-97164927
-5079845
-227592492
-112558572
-837292617
302939268
239991670
83143795
-160722298
-225395930
276405665
53834223
-426309254
-178599558
156541965
-131177089
787978656
-350292924
251222510
-144893757
-446370936
33350000
187083932
185691696
214704
-374413531
-50033616
-67657492
-929957435
-930560856
189824313
10523694
13407616
277929840
54753504
390457044
413874341
718637832
-828886951
7695715
-39653892
-222564888
72263730
19211940
-488819190
-204455748
-50766675
-132550904
-411096686
24238578
23730159
67445076
450995040
119609978
-156850400
518506042
-914669020
-892335000
-155637230
54661432
-418576244
557330256
93163080
-212533513
874419696
610847796
-75555024
-443957822
-12452316
64747809
-11639403
-165779166
-66969663
117827476
897640902
15007770
653148531
548340278
40955014
-368714836
-592787968
-102865734
16635828
-576514575
-798502928
-216870180
9202606
-62379180
144399786
-424105280
-169072420
-29270260
-243362579
-164217820
487088250
-285639312
143449695
79550537
-122226976
17649279
-15760514
207496146
160055792
620999379
-288507880
-155805280
-54491040
138860986
560929850
50920584
55470000
383372579
-290793932
183856392
-64024016
84122580
-38523621
-383193206
623803763
-271847310
201100350
-623478960
-994069611
-44773353
852977125
357464940
-225867318
104399750
-286398024
332515058
180143492
33744172
-273993926
2932005
201844566
216928992
468881400
167052340
-125641560
-66429750
61845266
-490845816
272747298
459321576
521527273
348139884
-512477350
135149615
-146658654
-240042452
214324794
-5661563
28394996
-37713540
-28244860
-668372698
-180435330
-259973955
-281935990
-365970825
180353320
225679044
-14561815
-399018240
-46271043
-190346975
-64280205
-529439752
234736
-491103662
-272910618
77108096
242376102
-34645104
93722310
-27942976
76722048
727579470
-239964830
213927971
289224144
68266253
141101424
52950456
-50046393
-271648445
-172872796
-54015408
32985910
-3229160
12416613
-25490451
317188305
-260990646
17472856
-74882092
198032788
122025864
42778918
50656672
269401176
227485176
327502072
4016246
-625007320
78521908
-51043180
34238105
413768466
453947600
853360950
204093260
-44366518
-12387288
-9010612
572258064
-85294976
-314757592
-101062875
7507404
590589884
-158733994
-114756730
1495130
532142568
-155311249
15989484
374022989
-144610752
-952155019
-559331076
2222906
-33066345
-292971861
425506221
137694100
356980056
174559926
-10087596
215264403
637796308
683742934
126780178
-205013928
518266804
900987666
-126296126
-353000894
-6572784
-589948422
9499182
-695100404
-636173090
529076622
530880549
-18189171
-59512522
125055774
-845559603
-512404502
-474387800
212136576
-31847821
-369215704
48303605
18800700
399058266
717527634
219290589
-328439244
8357078
-9642790
322891411
136735056
-50000874
26385408
507504409
-614507832
200432576
298205172
-157698075
-6715312
322961835
1305723
6611722
79013040
662729418
-303094960
-12319600
343999370
-722163200
26959296
-275911860
-36556812
-103291632
-656853136
401308362
-53929350
883291947
293724806
131333279
-235290890
95694700
570420250
-334308096
6655586
-22212378
-182323344
-96618181
-306775189
341959922
-262531170
57004556
348637770
456722982
-181546591
-368081184
-17178351
205374774
12952034
-66004792
278768484
42928402
-110220448
1015854186
-204787440
-513671693
-1461402
-86552874
-506840652
-214354000
-284861000
201980925
34479756
-218663971
41779340
164993024
233352020
605565760
-126688159
542512685
-8870022
-347598720
462944736
372979236
-179418104
-281015528
-282868950
-2535796
-125280382
-172788510
-138922080
-315767355
-174288157
66471130
-119992538
-150808352
-86080995
-591816370
626957485
67118526
-316691840
-13783056
153557562
-733149747
-1711485
-76134278
-75680952
-344821500
100144936
136467696
-987102324
-205792225
512170356
-375599270
-88434960
39549972
-73473712
-365452308
-102476584
-74487825
10437291
478021810
-268682678
-36544647
-96458583
905603744
-49123704
-406333579
-518180400
157643211
-245167132
-126822375
-2695212
792087260
-512513424
-316693584
-79016812
465704700
-74661560
291171012
639984626
-163905905
-521446032
-713687824
824150646
92650995
-37551646
-805845456
258774345
230200197
354000816
584251482
-491170603
-817959090
62528040
735169287
73811124
36574650
-32365827
-9758672
-198489222
-230616855
-59158593
-393185364
-72730416
397252608
-47127000
219883029
-62156808
213751725
-249531424
229447300
467336736
192362521
-30736944
-189557655
-112788897
629552040
