1000
-54889569
-66131442
569153094
-49136243
824980790
-348367956
-101142288
-184326876
448403970
320137403
-4660776
361202880
77581125
-434297856
-342394455
483678208
-3784676
368533944
362789280
93355990
-30847190
-453615856
-71950856
18541600
683085444
-6956752
293375580
300908772
-432431838
-248418400
-635334840
-569812278
-416530464
613072100
-72195795
-222827075
75592512
-418327632
39598728
-514355742
345693670
616823298
-181700880
443604700
-421247340
23073079
-431989635
122588115
-254869776
582916864
602679779
420386460
696088971
-24157152
208125680
-304228320
-270253834
-9699246
137544192
-43958880
195023936
79859210
-101128534
-26228260
184624765
144760780
101041269
434246572
4523888
121495568
197042352
-233545920
-413849727
-293692761
-241489680
79789152
40336335
122438745
-102574494
111829611
245538315
601253844
-546488080
122510700
-66879589
-812983220
-38897714
-77289114
-228677712
-534319520
-437100825
-528794112
-15250955
-177509490
-126383033
3190600
-160788590
-120108285
44936787
14733969
564478486
47030190
338470400
-137958898
100466982
643973974
627279432
-32386716
-325607188
8553483
191511264
36850140
400090244
-23233496
-709571163
913771368
-58025076
-308801120
897687330
110897094
-240783700
231776040
10049645
55899396
326909725
-153298321
-258546114
279143227
-315946200
568359952
-227277876
285060588
-44989144
-3763851
-213945528
203387752
741220300
-29930700
16395888
-199123848
-423242095
294310782
202164226
-24682091
44846244
24083920
-574194195
22009044
-2132688
-164278681
-225522210
13768783
-4979766
-545563575
-9173268
-242154750
745908716
709869
20071700
694252
23347476
182602152
-450697152
124054848
36592683
158898887
-9776320
-125104823
-118230420
973422158
-359902569
-37209533
-169062403
-25247597
-316871184
585597184
-295450160
-433850753
241924208
84429144
-307320085
523236500
-70430600
145510370
-31182086
-53810048
93474018
634307597
330229430
-178443972
-627222960
15420432
-43570202
178786712
51177576
-674016640
507620534
-5422222
422259080
2837996
221557127
117936090
-442714990
25371024
-19513144
29238000
309925780
-48219650
-183089475
12105555
6145639
348373350
-429801852
260107003
644229384
72274344
-162201280
-102686571
175686657
293515574
-26192869
2280096
52435820
-352698444
-104022282
-410884033
-196795614
-47933676
-175949488
458935008
124693504
32398476
444122705
-65806864
-23425024
392191136
958267848
-55443375
-775845000
-3835018
-40217892
101810520
-260257352
-36114749
96800880
-206784144
201684990
-364894888
-370451872
650450280
-124238185
-150538500
559708020
649224718
-75012210
114675396
13081040
38745477
-274948130
-12949805
-351814174
-75422718
-197160168
-134936136
-170055886
123958296
726238576
-11351736
-6080480
-202045568
24077152
112943097
89315780
-470085391
-8819230
-181059450
48819792
-416536624
275690961
69037640
-409925945
-599927365
682676170
-250249090
-110581578
68616450
225403142
-284169783
-94188346
37917857
136423358
-728884100
56608992
88199228
-103210808
-559355355
365358135
175240545
222616476
-300897960
621288320
194709704
131246115
950469180
762760284
14424542
-232720938
-700528640
-37815440
-449411535
-367512268
-58235133
-453689576
527354190
-177975846
5628182
153289462
-65932008
469864226
120185462
152251000
386568186
210975097
140755230
-140007011
336242643
2837072
1011522100
522109331
-419043709
-31981250
511552650
255283616
-92210215
-201093
-76968775
-695962362
222605598
645998784
522683280
-3305716
284382639
-24544618
396155694
-253711304
196020968
33785710
573051842
280265460
140857574
148934730
-153601840
149923884
-819668770
-889154990
8775516
352986876
-28896732
-406682610
544773147
-411663348
-100150425
-306708171
353937025
-186996244
25224875
-118161952
-198883256
516183680
242527488
37117756
81133800
-179619363
-479182990
326543829
96561155
-261917836
-62233832
201085020
385326
155712626
-678028893
-531377283
191529465
56437732
-671249383
9191466
-86036144
-861133845
314380206
-466643856
-99627032
223535550
-16695250
-259826008
-798768
88368046
559893378
-913780035
-115092362
689811304
-10408281
-87195576
-892005072
16209661
-14394274
-791898988
710682731
545855550
-131516784
-172566436
296966070
113670462
-226847595
466930530
196752689
196287478
-180347464
-2981461
-125819568
-3697551
70664648
-597840190
244588182
318158008
-571826252
114596541
908994440
198312120
230806656
-885796040
-18485504
343252404
81828894
-5717467
-395274912
-288182499
90747177
254104842
607006609
-38119491
-159307658
172523456
-97778142
-194474754
127057095
294982985
-133761320
-232548575
668752489
231865158
221549883
-455326521
-422437873
-27774510
-28066590
-10548351
63532364
140008563
-233175900
-453863076
298577362
33664815
44968504
-219104288
139213278
153597824
698504130
204882848
613398170
-217991620
-256009302
-253593718
103491960
-205618077
-54363546
461897800
-202103576
323487051
345496736
-4210125
-566145008
534304374
316354479
-236016000
-435628784
-325697915
-451492300
-78152067
-637755684
-2010425
127412835
22726906
104162995
34495560
-35852262
-81715656
-90948312
-144786740
846864480
-457360267
409297800
74828096
-130901280
443593780
79877376
160634240
-313172955
-349734522
651986265
-25678950
-537098280
-23878376
-479980576
167594532
-342925442
-111606798
313597996
397005300
-154372170
-209994666
-350119900
-465307569
-520284996
-70265256
-78543045
-84509712
351352467
132869712
625257600
-4501734
-319420140
-219967887
57994528
156470821
209202288
623498421
25648974
70502535
-774093740
633932432
110727680
43203636
-138009144
129101339
-207140580
400161160
24340800
80764080
80940213
-92586960
-381754448
399556644
-447081855
-135412032
22279644
-284696433
-381251451
66142230
507026520
-13692510
10339420
132971481
29468576
-217024390
-630345320
-172810275
39823000
41626204
814990000
-153266265
-96686590
4539450
100546560
-51867231
264337059
-433036730
178361169
453311749
-287001480
-603436525
277614297
-42150122
-242193798
-351911070
67002042
-203208918
-394656125
-282076764
-31867022
-282784166
43124760
-840104968
42937388
1046136
-54125650
-20392916
373801100
-181134720
-184116120
-313658270
502753548
-338311490
304577602
400699434
-305997597
80297415
307164
519371919
913546195
-390925608
656672487
-226060416
283078980
23617400
-909532152
191854908
-20969330
-258444462
499501923
-443588838
575094771
-814337588
-18493272
761238324
-59878687
221036256
423545747
319003306
403085304
147902010
-179037788
84383047
-501440160
-163181432
422983664
-362011952
32006910
77904200
279926744
-129300017
445529450
-356012966
-322000406
-205599270
-581062328
10142675
-206354385
-338229467
-444554075
272303616
-359369365
856161414
-134004640
497893708
44163292
-305339248
18394180
28267668
-294564082
-467257196
389185220
813038546
215108775
-261513
100045768
-76989780
248350218
353153
-517906840
-307226882
408360372
-311710280
-778075740
20833491
130741000
-829095267
-424747899
-526794048
451605105
11029330
197776446
-130103240
-10066880
-91662585
-9978957
389591612
-724937980
-633616158
14479388
353092400
272350980
379504852
-493251456
188435775
-132988294
169163540
121315122
-164286654
547803840
-324234821
-9672976
-372287428
-339379237
-49408596
602085740
110227120
-447536782
-312602990
113490767
-666720333
728708120
186497658
-1967546
291068288
55575520
11893200
-151365756
391553250
-100001020
3698952
-181878126
-32579712
-332441154
167817608
259819305
-14549766
52104378
-443469618
585583428
148937032
-536608460
110014608
-80276180
-269896784
135896256
15796632
196301548
118172716
43027495
372350905
-767853184
-7425250
-103608072
-264599590
520559715
-25829170
39961869
165214750
672141207
153127830
392868000
50245728
688795367
-430831520
257217682
17301756
-2073732
351821730
190721470
891850240
176361240
141881088
-157756525
20352332
783232912
-87720340
-274762389
441472068
728495378
-81383940
-201518135
-59750959
-159215014
-215034089
10078380
-155725317
-100165
27473810
-78296192
180722722
-441743220
368786272
320251064
13479900
-247790934
-425879726
631653880
934549
-81250431
-30318225
124309080
-155252593
177211556
312718704
238493021
124750124
-231172430
11356072
-129489371
109578900
-4516750
229568658
-311020260
-218392400
579235600
-529714116
-1012396644
110352018
-17235904
-833661920
-182993480
534191232
372085560
-625470392
-183816195
173514070
121011982
-49027140
-330161052
313093334
-273760403
41362825
95021904
-118621692
-215324302
24813536
245058472
364319655
-116353020
625183602
-742715197
-77810490
784078640
467156937
634946045
670568030
138270500
-125165313
54839862
-158264566
-185564970
7245112
52014864
-143021952
92357496
-163247700
-323701080
15268390
114346750
-373713164
75801216
-447941382
77292236
363757500
274499792
-576464340
-439190696
442753122
-642342360
-248675796
-779724657
-695446992
408302686
-404176333
16623840
123058050
-34399746
644858291
75432480
97064005
-335978730
460029453
-350062251
-258526072
157456860
-728152992
-174368899
31074462
906467016
532045584
71822277
82187800
302966596
-539023917
-339522510
-37716420
-319702240
416561152
-80256462
-31175454
118282062
670561000
426481955
70166560
-20681370
5879608
-812671860
-140563024
-247772928
-123126308
469560
8224248
-198553070
-808260000
-93315160
384739791
380728025
-282810896
-4136580
-195862088
1784925
-137851455
484737004
51437536
-24287588
50882832
-175774509
-477106416
139601715
46851933
13282464
-10721529
-754774345
-702806604
-170888308
-101775996
75971640
-207225305
644191200
145312400
12728407
-76950263
-127100620
-564602306
71372613
403517184
24027171
-19861920
228647550
734172504
592586622
61493124
-870793776
-14215942
145597291
-215892044
-227099223
135347329
-521962182
-123312228
-121802940
205625613
-22674589
-619065920
-357800506
-568513056
459429670
30970512
242460780
-510828234
95236952
218124614
160941624
45929916
442104460
680770625
106927892
285859456
144399144
557598316
-576874356
37174240
368246420
131527044
586062080
-195750688
-199555100
270111810
-112454672
69767958
-46575880
-335176710
-361213500
-397182942
-203441856
-305196848
578030400
-67898530
151827400
218895645
-636504105
-387542400
437725520
-178194950
3210120
31773396
115947944
63547225
7894372
