1000
111798315
-132622678
380816508
-202325004
-98584941
94948464
-95485752
-18404336
264508092
106131259
152461700
-43588776
83904361
-3427236
251360835
680686917
2743476
-153085800
68415627
374570863
-53140164
-259213218
-211185624
633680250
329678950
-175198314
-106694910
-61610896
266972545
-506240592
-31311650
-105596352
-662809770
156092766
512079595
-63075534
66477472
-213458056
-14818369
-132740608
-108394816
692384924
-398356660
89881240
489890358
-49994720
-480670034
190866429
-1002455348
8162734
887816952
-738548416
227892195
-60073008
-106970075
-217584566
-468366864
-181055695
-149156658
482184617
-422567436
-328064276
24850228
341037206
-9417536
-459096615
24718980
-71148313
-673492673
-34257456
968950703
-522665041
-77854728
257169510
-316425414
81632810
13796643
119500300
-274557675
523741834
-63206589
-126002700
-376495834
559307673
-773942364
100044072
342649590
-8565780
-78793920
-292606125
95340670
336535254
9885288
414274635
304770696
443268750
24566370
203972499
115682484
-82481945
30416498
-92580650
-116773740
61605414
-720907425
-43345608
3364042
-503160945
265874112
-960826230
-351628672
114013592
-517801300
-305408000
32343020
-96658343
539360692
24485846
-325003752
-935450148
391403198
403664360
-243211472
-157212860
376594497
-371035236
-275922405
-8357265
273595960
603797056
321886272
-141418582
-23142444
149877210
-34433253
123399345
65415070
214186332
-524958858
109426076
-654887137
-187827450
42704704
796956750
19626192
-330242990
-55628658
184740423
676449720
113661900
212659935
-12304976
-1026617590
94475817
6345900
92774134
81361976
75699363
-18863523
-161884731
324841860
-473734676
-7196364
-41972062
-147060321
-9757105
379721931
-333664083
-116200581
-97321169
16684976
-46676882
-207586996
-273272415
-46023046
57160800
-228677573
437148936
47216272
-506712391
115007040
514222220
-607772332
-168209011
-15827786
36083280
-24113727
-772677769
218203869
-362023602
-284504400
318569482
-661819600
92074752
86062312
-2103515
-410170410
-148783908
58908435
-14688112
576067614
5639379
-58077423
723065094
221729157
-318108224
436664802
6737570
686152928
-42668197
257762050
339323400
29735680
-4693720
213620270
239691396
107504992
-485882126
939562830
623023129
-350919504
-494066507
-518386770
564909710
12185173
93546860
-205491250
375486059
1581550
46646368
-140831726
852162480
-170440832
262761050
-130245000
-51913624
75909761
51065950
-380456770
248600
253732320
-232815583
-47230617
-85159411
-269273400
240592625
87911890
-562347847
-21935296
-14053124
-365323829
-31912650
40670412
-608122417
-636653820
-21131448
-334016991
102336783
178693421
6581460
-89112816
344966562
-80052092
-479632363
216100093
-287713770
467374032
575744550
46763002
-118003137
-182842506
-88565680
916426276
4660880
-304839531
-61588450
30367275
353740152
-376511802
220318425
-298629088
-3574850
-199877139
37480179
-72211970
-275796533
217182212
-105095232
40922300
-687365161
63274288
156109300
73312992
392367803
-240082500
471634680
-456079470
729972588
-282394134
-46840200
36337700
-196763584
33248468
6181626
64655500
-707287880
2327322
205926552
-88162034
560492318
-65011340
6649335
756751437
-367987339
76172705
-195921333
-367017462
414489751
-93801750
-135709574
-782476405
621164020
-190076492
-54701504
-779410800
555868200
-95927130
175243725
172046494
9753320
122537220
466086948
-533334480
-470483532
186371926
-158364924
-16804830
-75687534
-275668440
-533187040
-195401176
-426453120
-43875216
-210301944
-225198352
6625223
94594969
275068725
-93907864
27005247
-50544026
-35261440
656646822
60102404
-739406745
-3864770
-2714400
-374864868
-126185577
57661872
9778020
179047423
-140486380
-525441280
92036672
33592725
679661729
-158173880
-423544024
-44325957
-92951320
-92248400
-86095161
334641718
348943594
-5244105
757448490
98057475
-547413576
-9022476
-271371528
64650680
5258961
-757065837
-48788880
-29363125
37082375
24286080
-513609448
199933422
-356644494
467854100
33197541
-195562455
-1047587130
51197760
579897765
-267550008
585295360
619206960
68926260
354383054
470406235
332047908
-530149784
-525030952
104872950
1046881760
158697414
575449215
679699189
-842783364
1299588
415577304
277937625
-486625290
48798960
676979228
-369357375
371290955
7814912
170152500
705192693
164864420
-563777680
-180861408
135882880
516834524
-467965344
-657685853
85578345
165052788
-164941542
-376981360
18723104
427164630
667021808
-19607052
-8154432
434039263
528600387
-672295106
-762248040
620712845
280152873
-270686339
-677617731
-518956894
-176930431
-147895110
-571290500
-4792232
214897400
33032496
708014538
287190582
-330104502
-45789963
949625
-53873069
-224372172
-59408800
-103358717
-257872104
612310131
-545058820
-425958
9082290
534380042
-520690440
243167372
-187649415
244077242
83520938
214142510
323416500
232766210
19478562
-721213220
-7299570
122188992
-25699968
195335300
113777244
-862905730
315480774
-78844060
464167239
230308880
-79170264
57160
-76823190
23868146
-268745180
128866200
33970885
-9709458
226156050
117734376
503702052
16081199
69315120
-80191080
-344927792
-252285096
122373825
346145160
-305596872
-701113284
-84331250
-50052080
-519264484
35900480
194807678
188113772
530800210
-56475540
-710269932
42536640
-409296240
-179713290
-624771862
-174132765
91425134
129233518
835748738
-262124082
-281347352
591902388
-707000295
317031816
-58276265
-189325656
-246521100
39094186
77315639
131610600
59596464
234767433
-194681730
-621907650
-283105820
-121063852
607467915
978037800
73592428
-35543340
-587851404
686002555
-450139984
165153352
-29514057
-91468503
180564855
-36086860
560084976
-415930264
-111228480
502923321
-195611919
120423870
547698256
-7263756
-111284710
-318772938
-172937757
-249501384
-313346760
-531103663
-16748935
623644956
147281190
-122691100
40264432
-105464945
140858676
-684827228
-310446510
282682251
69155268
25589952
-271824912
-282322026
-361357050
-529826704
-290181004
529800
-405772524
-442128159
-715828347
-19077394
-509713380
711721919
372614591
-779328500
-82307915
-69184808
-502557172
-66659088
256850208
419911128
-247889510
105464268
38364960
-262496514
-709175267
-462371936
-482264236
-149866231
27342117
-17962104
-612185856
18377412
-338382759
-330539797
-867650460
-49420000
-352895532
40031404
-14245511
615517215
-362121760
-20510802
-23562560
-164984472
-110393382
815680080
-730532532
-426770652
-266483536
-68669607
48589644
-31232784
-633620232
-16924320
14541708
251397360
299946080
143023621
-268337097
117869130
-264696450
340239096
367252782
-461666260
262506034
-153089475
183779130
-109935000
-572860048
-317964240
-20709731
149047974
639103066
842616852
-84474096
-332834100
642875541
-199615967
-232425630
313824577
218067714
-496131620
329772418
616676388
95254588
-436844835
287991556
-74392790
53112255
-596483856
850660944
-212572698
264572343
777777
-617553868
52864105
-342583626
-31447164
422189897
-528839442
-499525860
353502144
-780504864
331024750
-312421376
402692870
-91028622
926312040
611352858
31295901
-48700530
-627481866
335056734
-578009458
-559643700
-385511724
-7243192
29208985
102093201
-420965910
518039936
381771680
431546360
-729611928
-682825486
392899784
16600122
-31394034
205541724
-251563200
-606202200
-669218088
-512722868
139145448
-85742888
-90404360
459752544
64838520
-150981315
-23374270
-247927028
-814205100
282565850
543098752
322812628
-110301576
217946790
57934896
-254734234
354059723
312828800
224321496
-478069148
-18640386
-61948062
99533568
-72351160
328012319
7818294
822648426
626448
119014178
518439054
-371819425
437482787
-9820390
-85848352
657586798
224546955
455382076
-28432502
-197193073
174690598
-701377722
101604628
177339752
19635564
27504084
-920155328
-235865019
-246578320
81210340
472358388
3970220
80036796
358204940
-373500
-49477652
-375770304
108780421
-55307210
924711400
-449687592
536660080
-498089858
-169805167
16948035
-109037643
-97198488
-523549598
235358730
-526352292
-215027718
460436541
-457803822
-310010666
540255760
229684417
351948438
33409710
-557393564
470064374
116981657
-298746448
10359090
345236221
257515949
792166069
66212397
-790337790
283281192
-519828507
424993638
179344704
464877546
-660802680
-139805132
-78032608
318134484
628365270
-233609310
45257221
-461638980
-1520910
127984626
-560056
-820757928
-262575744
-179874244
155246949
678888430
-315350200
-122484810
-163723392
694980627
-1790995
721776050
-126077984
503471353
-51825520
-35321832
-729907902
-25539920
-63890675
108249582
-715511946
-697677572
159638038
-737324154
-421028322
-179164512
-56147230
-856340940
81169386
194339567
834400
3728844
-465013248
74449809
-51783680
-237621461
-602493024
-1133684
59441886
-44751585
48434696
2820664
316540723
396590900
454050369
232401447
-151572791
50619573
-399066380
377642727
41496912
-112496835
553152
-709979435
-240576336
-97196000
740766858
126671460
-892255618
-229730157
170918097
60086858
-165068288
-410614304
185282860
-252975450
-218708893
-279322461
322369992
-91990478
431689500
293198400
-136392880
477618687
479228700
102785706
-210074280
-580844535
-676564442
-111335205
-21601425
-431256960
86753835
-360489280
-380305215
-64114345
-332388968
634700660
-155991420
26891136
60687198
377053176
-951292824
11524656
129677472
-235937345
-82457760
-398638147
-279946476
105672
-167120500
3693570
-576325310
73975000
-732819320
-13413960
791293470
-378374797
-821447608
66233856
-500726908
579019474
88434664
-183761990
265937598
309241790
158110932
644951895
263047904
-484428896
-96833724
-65259354
4455392
96147480
-242320762
-870606915
884415822
689210520
-528919776
-570506046
-165268800
-350970444
-116155645
-213670820
-153729405
-860485452
-576975648
-180319986
-59755412
-787837813
-235961960
312591342
279016575
-99426960
-335826050
339279836
-287789328
833138936
6303612
-4338657
472181934
-226131735
339822550
571718760
-108431200
136436196
193165164
-215142974
-301469719
99533742
369438797
823065810
-585850636
-324324000
264854396
106723638
-827397252
870256750
193888674
-7990346
-202266295
-934150250
-860204778
887720250
-240389500
176065434
-87897276
-402145920
-144946908
241829744
404203625
69249832
360127888
-520220096
