1000
220414464
72736872
-336211628
-348010025
472326036
-382457775
-686389822
-590472
27906912
73843034
11989692
-288693140
33760650
-99686976
-103730055
397480202
95346926
67055146
-594665808
-137459056
-28225680
-88485159
83651852
31415296
124463493
179531714
-33659603
166675980
594077140
-6658848
223194185
46569344
-335324160
50316723
363869926
-32621182
169170930
-84525068
673422335
-247165074
307739844
8241498
-561524634
853634508
-50274045
-318455808
-44649000
304103219
427397001
-842394826
-667026162
-467129163
-4219012
116018607
435418375
-167093136
257485865
-143115818
764693963
279848970
-420576426
-125790480
362337998
-415458324
870797892
-203276073
79526815
-380333334
554881282
156989364
-140514396
-203867026
-109669599
-15934110
-79758352
125681778
152591439
-724924545
74897546
13429800
58278808
364422424
369115996
-20319312
54640145
239573476
84215808
994407570
166649910
333384376
237138435
-763321317
-63861410
-10017472
-408901800
35607336
-8243256
778570192
346940886
-20079474
-607154508
-464508990
-884075822
-272879151
509483520
54389181
-19303336
-688332568
526598672
-38948750
14196204
-197649277
263439680
414497898
29472372
-537288120
-39642190
257312884
351574523
524426931
410532957
-172403460
-59554176
-27706252
-233192850
589874200
-372952482
12458145
38545888
-179031272
-91045614
-19247698
12830084
-838084104
334692132
59999606
237474078
428501748
318219144
63202854
30987186
93507144
-372195444
-307683597
47383411
507044709
-458242280
-155798672
-6712980
-463399845
-149997069
-471790528
-345123596
515976500
-320663134
-702825264
-533938590
-4618944
586847679
-93395640
-783760420
697076339
-335526926
-1446603
169373416
-555083793
35078069
11278800
-63069540
2984688
367735132
238183032
-518090594
16950094
599252336
-364011466
283831060
-171381105
64779563
87263616
468394175
254351320
259481904
304993568
-119229730
23370875
-482269381
350561076
242558838
-45158544
-389326322
84165060
304454656
45837792
372743938
-53073504
-256013049
-824131728
172240736
154546452
16964976
-370143648
-724069632
-205151107
-277978771
-436689149
-9242506
-122769180
-205683275
258554725
343339722
386317990
150717702
433259757
-83389944
-3197400
141220726
-80233200
106795119
31612820
-885335340
-46265788
-452134115
-78956256
-202384096
-4549455
105557760
104007732
-864300840
43809376
343042126
137036232
45007872
-441514035
130018175
-238890190
38802240
281265950
-629245379
-309365504
189876336
175035425
-10286514
275431284
-5885890
30550494
384606560
-18830175
126826112
-19425042
1046256262
-317224635
38450772
-19947186
513535190
-98237628
-52460135
547008928
301838940
286433391
4175080
-606503114
77836257
318077973
-26495466
-233659855
-173104632
680609350
12385146
220213477
43921950
-73813096
386318400
326632933
-72084692
772987956
94524672
-318762925
-99734460
174121578
239856720
65386926
-975571049
539092580
-206755640
271316430
10167938
-79041552
-8992110
239021043
298846996
41512080
198130244
-279827616
26936592
348360790
6276690
-200025119
85686086
12002670
146475
-596844786
452050197
-16896915
-707529386
-596831796
408992226
-93209600
-66198425
326336295
-71060080
-191805583
26763048
-62412099
-790847200
419429647
-26135820
-161533806
637825302
-31395311
45513216
17897340
692852218
-385202622
159303088
-887750562
-680206014
476933523
-263270241
152658675
21188106
132525342
678055427
-74710854
242620
-90727392
37851520
-214244268
-658595266
-741514501
342465060
-111474266
107421765
132817448
5363568
62988375
-26250210
-429694818
-290801175
-82433780
184903488
553406494
16519056
-255776553
-237700034
-241091760
-37905784
387110565
157981604
-533709579
-67602944
272947824
-725982444
-112749956
252480600
-20552364
499155273
-87938748
-22875168
-4464047
694034802
495019636
-95421326
-426432600
257042880
132527412
352461510
3087695
600151220
32411568
80256
-22784040
79934382
470861227
-154032957
-62406666
254751
208036608
-451520476
-419878896
-121703496
143032617
-725941125
-377619912
-52234846
-604029865
316998916
-624362130
248934048
281468148
672755979
449175606
-474203366
133898188
-684239416
-453995367
597549038
-554164736
-31545624
-10905835
516024008
-516064692
-274778055
231263270
4398240
-530624236
218782720
-148903055
-258027000
-125286678
-300907656
91183128
542819996
-120074350
-655453540
-9777990
-45895431
-708604356
-146870640
24018392
-238266000
150584418
-265911024
-171077816
-350468492
-562573310
73944096
111840624
-493363746
355049926
127135960
347565240
-385014476
46420464
217359654
-44006880
-73369344
711867708
30212025
-170134749
116876736
-14047922
257045270
91188288
258003660
-196667876
13752900
-145533472
226076223
-4183641
-153594955
-554103104
-279559917
-111852182
-371865824
-421246046
74970684
6100923
236883107
-30362386
-178533963
-496549860
61899486
995857025
-35664300
-578011994
-160851600
-216388436
120386636
-483907680
-26480764
179787344
164022800
232877385
417314944
-607456
-558015622
12541808
-375896598
-157026025
480415832
-477377700
264234328
-22291114
588425880
-421037163
6788630
-122378850
-226202416
-564157836
-188691944
697760844
250472700
213868756
-5425378
98357352
198312870
752338390
-287974182
17764635
-73973664
442149768
119648424
495521577
-178639497
-42666012
23682120
-119243360
-8336294
262234911
7098265
-106999200
-20211840
-62404284
113286096
-89441546
-258856000
13617712
569575188
61497072
-383232372
626324544
74769210
223100
-450758539
-715481624
-257105264
-20736846
-303209284
-158818983
-207248376
-151269230
91466508
-84833070
150331002
240642939
-761631862
35276454
945291600
-500553144
-73114083
-692476848
610019930
-200298675
-641494966
-389962782
578011434
321636150
-393912806
510220592
411960747
537447350
-268652240
19807936
134960488
-108515422
9365436
32966010
-173636032
35800704
-440009079
647434744
-827292996
543878320
-27593800
232885078
-108330740
-32552406
-247411098
-212225508
-741277495
512284157
-194642940
-333444800
234528020
139347929
164028984
60653358
-165602658
-67313223
88330374
-274216800
-907124680
379148916
-508319214
-9933111
160081336
742471975
-215567724
-89049929
916999416
345678960
757168857
-88323864
783656808
-184586731
-838736899
27284129
520504704
108729764
-298772480
281182275
824483995
659491928
-250634408
-115354119
798508320
-251737192
-389004165
12368943
176722480
101815728
675340890
-421034901
-35591220
-145846684
-211222928
-458415033
270340530
-14822664
134797608
62799905
838362798
-51771909
56036332
-105759053
-1240783
-74641725
201696174
414168552
528814988
68708674
-155857856
-476024288
-13558932
-305315118
98642510
-62816050
-346756475
-44005356
-289970450
221154804
-71542460
663012
-589838023
619401834
-655436946
462185198
-61351920
80301370
582008685
-159382982
235029288
178111960
99776248
536928483
65547986
14169925
746141016
-200105
114170074
31743574
-12298864
-441253275
141298092
68841938
-706410222
490941054
81063789
107753730
-359508800
-6170150
81529215
-231738030
495076176
-226704398
-29391240
-335919774
-180175100
515289008
-143571104
-603501405
-67543686
-104702737
439257910
-156981582
-429480345
-510279198
22261236
-185270208
70595280
-247130880
572916801
-66433457
595914165
59876167
89740918
-131640003
-526818099
-69730512
-985375
-58648450
-270810063
-92926380
85765850
-109474920
228892299
131136852
121147456
57622512
233444130
344478750
-21476940
90333997
196100217
38346076
739347828
-392045664
-324030242
135135410
244877552
-179681187
231079065
155549207
-19531641
-617357839
440258130
-67968499
-127063288
416932080
-1237800
-210867264
85352058
185183064
152001520
-75294720
781492595
600749480
309767328
-44197473
813746620
-214107536
-1402511
-207014602
-110830046
-253622439
778461138
-221633865
396042828
202460994
-367230463
91468162
-48740650
53477122
559054960
204796136
-76136571
863941480
-82987371
89775135
273226715
274251538
-368032973
740647836
268553923
-63445760
143961494
231981408
360208240
567167964
371572740
42147144
-84803298
4308352
669344320
95967144
170727648
-18305232
-2171736
84449115
431983695
196252860
307128548
328095328
-916657686
625481840
17936810
97270840
263740050
86170194
-121547314
120094494
126035943
-626423520
601110944
744385173
-139037600
302957720
-87946572
458032272
938262512
-102985012
-691150000
-350204841
-299609228
-9321210
599769536
246749391
-340179982
272697700
-135330258
284905996
-48811000
-723304920
26674596
107557100
-54135634
325351745
-127303604
205099638
-102724923
-230189166
-154201152
510562258
-441581630
-5954976
-22782018
153473001
-87564780
-16888392
257357020
820465800
-548868870
313963243
43897350
-75487927
571917330
-179663400
42380038
-31856814
167274632
9539634
83323842
-154120980
339190500
-21796152
367078507
161665680
-241786174
304087203
447267040
-26218925
526549433
106233856
23887295
13339641
-87478622
682463152
-228732452
-73640634
-152166456
-174095955
-340062951
-160047720
-8931936
36660075
-688886004
501819747
-822326020
-683699019
44721402
146116125
-169017200
-675569322
262498570
489712135
-49418555
465889518
24403665
-31814184
-205610851
-176343898
178575390
291586860
-385945650
-467984716
-143932517
323948784
165680640
193552800
-39243950
-31598362
-123928051
-182109484
263534122
969385968
207120609
-373887264
-1584555
-184282244
-812793450
-337957290
-317936948
781067235
-505909670
-123993735
-542449215
-34877097
359919468
-207462672
-281151474
-420743235
76610964
-238911602
136036552
253569778
274449032
-225009981
-219944009
-26836999
-247818996
-127467186
-804939276
134673907
-40178068
-269244404
-85140172
565515432
-45158767
438301950
-39761920
-275875530
38902551
479510988
56344848
542114118
486600937
151132246
694515666
-164211261
-6409799
312959278
81921450
-359423768
15124136
-33157952
51753438
717606156
111492612
622046070
253824921
-168240324
13997680
-22364980
-78554096
-564322752
-45724122
3359494
-18699414
-830267920
-202240636
-148312950
-254104900
451274220
869455008
3803184
-183981600
-99402610
160877970
96923750
57792520
-335482560
364321118
47955240
-661258073
68676590
516610570
-34547352
346472802
91009830
132124980
-558804820
959940570
-493897824
-147642143
-80404977
369997350
12980075
156612186
3701536
