1000
-229726244
-60450038
-245332878
-140773500
-71084568
425147392
-43319712
563674938
682323516
201384
488566731
-336749238
49008768
33225101
266998275
557686428
338297340
-21363304
-45949512
-294544368
-237016255
-256698860
-657607946
-26206730
45488646
-297036072
-6451032
751414972
186337876
-355072804
-5654726
292545636
-99904752
13961460
56669520
-88789680
-63518508
-48557848
-332810940
264112980
-232069040
171131094
-80220994
-300984045
-330291992
9789927
139006728
-16439425
-539548010
-43569204
447225156
947463075
593548118
-2862276
-14086040
777366256
-125453580
58777436
-155250900
-78362823
119836598
501687750
-292053258
-103959488
-313799304
296686217
502673355
310199823
-292177440
469253032
-202798426
-530051175
-57243125
-233582829
51343130
377521317
411925310
-518760918
89659251
-19138680
-187825270
-383335264
77390050
79525368
326476873
373360320
422918520
812842977
-31829976
190623224
470668540
1027957956
395008518
255977832
-261048330
137750445
60494895
-102751740
-12037632
28993531
-365471064
-91144690
-548547036
268555392
249749610
-102593812
473504928
-208899271
-162588725
431589914
396213126
113197880
-67522966
139573278
-454184089
-641750850
553004152
105024442
144174690
-44836220
709679880
100313668
-120865000
-87462672
-60305544
-596013673
965838816
-39401410
21892645
276784144
5244085
-61345354
-151578672
320100
719140308
-58149399
-201920774
-582024912
-27486870
430373620
-90382668
-321508696
-114930240
30028400
655998772
-28867150
-189222912
-590327703
-255968384
230256858
-66198888
-350157275
-224381560
-93798864
50855213
-208993022
106803056
-476171620
-279006398
423035470
8536880
-843031527
10477525
22402716
594751697
-381151980
248000742
605752875
-688449570
-322771562
-30638239
164059148
-467119200
-396152126
-64337487
-70328832
511632
-331542684
540830664
28018620
9235274
226643465
688924540
-495840164
728446040
495947160
-34007580
770862648
-453824064
-183887004
-317439008
-531961962
224635878
54031720
-138671064
251646472
-9324630
-361608816
-267525456
865910130
-230720
69066767
-150024429
-380794582
-68704440
472449896
49663150
-265668768
331940541
595054157
-526654656
28872696
-722724175
-381755621
-36882409
-17048640
69413422
505913416
-163566630
117505552
514396610
287793740
-729589959
-17148593
-25630242
708300210
-238556970
-297616400
198942516
663654211
-5159632
116555372
535282098
-149086920
311087055
-316552842
272123516
-599733370
-22927176
-263730408
-71315132
-515779662
-50567088
156526440
-160002856
9081468
9968286
198593328
12510300
638562704
-380504812
-602626482
223252592
636944815
-17482392
401703726
50883471
2109646
320352963
322104321
368681355
22635888
205278180
21943608
20543600
574344945
345053267
-633197895
-27711474
55374319
4884570
-24206
-208872790
791460678
534813360
70100148
98283570
148884814
-317831032
109625404
454557360
-224305800
-324271480
-274635636
120644218
-3860053
-332813400
-153868484
-10838889
111332178
-339112285
-66674530
284093568
-85297878
-144104675
-864894888
-38743869
-38346715
-443269344
167314510
150910331
107505418
-587019134
28500658
823575816
-383816952
113565276
90688950
292465200
441653100
-800420772
507763525
-553676292
-695265956
-11631876
-281886710
-160428348
220728582
-279362700
437562
-214444784
675924719
418000550
131198080
381411716
311384384
-458404386
-125537536
220786775
212628928
-373108095
163246434
13850011
108636305
-12035562
-317814460
-412432435
-81690383
-72955740
167085646
-370912176
23742252
-24547900
13225428
-435420069
-245164488
427298344
-503617641
17975715
-4134172
454503951
154335753
-130064319
-333686489
-674703716
-218769603
639577264
490191232
-121721750
129770712
495295875
-7365992
84453912
792592280
904203225
871674173
662946757
199140005
-53738612
-17283618
226697860
125935451
135802849
-177014760
-404061780
231907635
-494535260
147626670
820033401
4844216
-298180844
-274222032
-14186000
-749409241
-296529100
-46590104
-60250554
56217895
-113640705
749607345
-199281240
2239944
-2770856
-751832089
-319859798
63523790
682712404
-376786560
147484536
-20857770
-406664015
162495177
-195121420
200154792
-352658530
-297852728
-278404553
86405407
676007430
-234648568
-35608275
55042528
554939896
-589197716
32450593
-189755272
228025575
-330727675
-451204993
-26259134
23520815
-126432397
-69625935
-27419427
146500579
-3914296
-15196398
78611040
83766957
-168303400
455534892
30963430
-293223060
-96496272
160655823
15003072
295147776
396442133
-169460352
418430452
115757910
-26906892
-246721608
86065225
353595414
8599634
-66114268
-187644592
-71603714
807295520
-431952565
371682828
6757245
-270955470
608986480
-978470080
400387180
-45208974
236307500
-383213145
-79215200
-12190134
253230480
-111879129
-225164234
187139232
745294515
-83099982
49475088
-525475064
16030872
-211126895
308519608
-598299120
-255657765
613390635
549412512
-233500704
350997735
-148865757
499954170
-25686920
-74036196
40225392
161600348
788973314
29667156
-420227940
-60640224
186517489
106571520
142527754
392724276
-159021571
-109906450
-82638220
-753367296
-62121591
718095612
-271607004
674010273
-215470410
81377542
50488864
-390954564
158369203
15101664
61544255
521919380
117749058
522763176
11711997
228514812
-9905345
618819520
-121380660
505830600
-26383971
-250216109
-167574205
219157080
389380314
-137919939
576960720
183535725
441437574
-362100
608808798
-219071159
-471025280
92810580
-113649338
135603190
675330336
-244942974
-71163576
-512252166
50374548
25057409
364329984
-25475928
133592048
-97742775
106396056
-34193940
-180090018
525179001
484571130
165865606
558234754
120295584
122935170
332856146
-235903668
6839240
333185048
-103119384
-381412956
13801748
-44988528
-690576465
624051876
304247845
18336080
511352919
179978292
918130601
-46765770
-534926304
330460680
-63623232
-135515053
-196797137
-869024903
-103584754
84466437
1103713
294059390
-343789596
85000264
-370328416
817266284
-105405256
-153326562
-542285982
-476938570
552813888
13901391
789063604
-176563584
-48980696
57136224
-141981738
-688410632
19610815
516838938
-15037776
274573929
96374988
55164950
-338460144
198073382
-769781040
-513485504
-87363000
93751772
-104232947
79175525
738029708
-194383332
-383618
-249367059
43137599
585303278
-264163000
259068888
-29223588
552833604
-46378943
11440220
535652346
-111720672
114827176
45002418
-122818707
-182763441
328439848
-887026920
-396940740
800786844
-55487619
445397440
70725102
258357206
-479423238
-368168428
94804344
-449604350
-113471892
796918426
-1805940
126004320
-908998836
-47049328
-530056820
-74104122
164007543
-540830030
-505497100
-94452293
-386176986
-383333629
-514253145
-42650712
210270550
-152754426
-74837754
27053205
216268080
-400362732
49793453
-5284930
-198374110
-333287598
-602230475
-426832256
232238382
262643764
572835562
-409726608
135704912
603946816
-542608956
2897512
239505938
-145594350
-459513964
140417846
622133632
634703075
764005053
68372985
22001784
-170343040
22289340
501327932
-151354960
153334260
-175156500
385402433
763030944
827880842
16486908
-60531120
-95823175
-111865192
975701272
356755343
361007536
53992224
131536208
-201950364
-386892234
131835810
-28058745
-218566022
380696707
156711287
-690989345
-866873252
45788428
-19983564
-60571358
278421920
-361953477
234589135
-294758758
309206011
-20273136
-7990476
-97699074
55819709
9223866
-274047153
224619300
347759092
-55405692
149926644
660813858
-604962750
-421298700
-85879562
-419888144
296106352
-135043430
-364031937
-507851846
-745075682
-143795796
59287228
355950504
-32182593
58118112
-221236300
-154394121
62627211
490694184
280190448
-132989736
264624480
-707100580
-31926208
-202323825
228900
107132444
312285001
-345914152
-248494470
-3953170
-93919224
43969490
515542885
-12454624
-91968572
66971900
-62716352
582503724
-46851582
-89224976
-476469468
-332262408
64317596
37062414
686943006
99015762
-95881950
69954714
87177254
-459212411
-287095458
-65437395
40071185
-321753985
244000356
165558351
-166655010
19390320
495848628
-825222169
-613273668
-2123290
127105326
577916055
531105660
-12841290
377779968
-201589078
444175708
5225800
-356161050
-37574334
142047948
-41533685
723897600
-88092884
61294935
-66874005
-333411050
205356030
6193373
-726940134
-503592552
-3189138
-817010820
-38139471
-390538602
-380635794
31452676
-270247760
-87301890
172796138
411525868
353240576
53602054
101661040
-146261450
-180725358
-101201894
346474098
246645547
-306380375
-746972190
19751496
138248285
-239788978
182297528
515909898
281048667
-323191220
111962408
531688458
221641896
-104601219
561572433
-236748792
6515210
186967440
397412352
24318588
115527075
473863500
43564716
53563290
587954724
-199454590
605526103
367978804
133619706
-88031776
-479501286
409817772
344390594
-20723748
112627233
-302290560
276457612
-472939950
849815211
39648466
404643056
388647850
79082091
-607815465
434778384
-416743750
-660620268
161783576
-542009094
243970250
-24031170
92033374
46642310
-196206192
-944019020
280248879
239210334
4106155
82771524
-204967686
-564419500
27602744
14623018
362784240
-20069555
597207933
322246620
478817721
67879679
180565041
631228488
21070070
159831590
-43741433
-627668832
-249991845
-587901520
-386609522
44515504
33932628
-453772440
-255557946
8915191
540880638
-29221049
27857664
-48257682
44005482
588685258
-209469568
102977634
-227495097
361072904
3677393
-106583584
333774910
906493321
3267840
-1120526
-322964
8486004
-273420646
360295760
66014784
706182550
-16157458
-17836000
-661475854
1603200
44405094
-44117990
-139745760
402520944
634300824
-464472540
36130875
170567750
240947928
31906212
5989224
-216020178
325084408
-2488832
975198
244731201
178853808
461296480
-340556967
56313675
391171900
262945375
30953538
-147154576
115354430
277886100
164303469
-25340416
427761192
-105562366
598840528
-37271052
288308736
765812652
-40793030
-65647032
34793260
292670483
-431308251
6150586
-82896697
-34486388
-331124764
193265595
58856538
412573344
775814490
112624650
154016744
-538315520
328500815
69597600
-698240652
-757842477
83408652
36708270
-25061876
-177870580
-48626825
-116694204
129344040
-18801421
