1000
41323968
30699592
57498000
-5211395
200785732
490874532
-169679141
11672052
113769236
-634098960
-162557118
-37249164
-229488896
155030000
-675288756
-652598072
-344538366
-75964034
-98260272
-275889702
-120362760
218823482
247777398
212832228
-129655463
432522628
-172291900
51535484
131103510
-91654784
-608362196
-105306872
-985592780
-197221287
-44472852
15640432
-497469687
61192434
450316399
36918691
-476644740
-104521191
-2365550
-26513916
71075295
-85392950
268418304
175959031
-175907144
-247927680
638450791
-152108938
-322901425
876793275
230323164
-286398784
378077078
235310269
34420324
-694072314
-642194
282973467
123894304
177819081
-46131120
-247296082
-44106636
111428394
-3149164
207722031
-97625016
17439592
-586208064
311751246
535902204
49317345
143878657
195085324
194356266
196727400
-452960898
208016713
106413487
-46710792
-102950016
395217165
-278120207
157656268
-50438528
-116497920
-470477650
-11371216
-70300060
533622522
305109459
-185713920
147105757
-118803245
38840712
19974755
-51850708
-28817850
-598135266
-71377845
559883135
176455086
428402844
866151401
751634451
271602345
-157933500
812046060
673787160
650079330
385364038
61181484
-751479332
-200128584
-142945611
-488818250
-246743043
370753924
170375000
218094840
-419788083
839222777
333626586
-310910656
-716944163
232423260
50285536
-761492009
675408940
101032169
948042008
192831405
-903774944
-64262860
-282670536
63897528
635317440
-714789630
-725151677
44107695
304874181
408358848
-48246907
536202828
15786108
-461202
-70269670
-661464786
-57473184
-314317960
-340206560
-126822900
419317843
-159109253
-88488861
74482120
-250272407
622685860
-42733546
-324746817
158658192
447594381
297239726
-109131395
-44737200
219558920
163889835
16097294
-831864152
316886062
-581482860
73121454
542358000
-361190004
-835855384
24575040
-343303176
-119526550
551471245
528830295
355032212
13369782
-32741409
-478447623
-38455070
934407084
113213880
149936553
82853916
182218075
870037125
-7534488
245672100
-160214780
88473015
349742628
-501233328
741495660
-164240542
-588496608
18323180
-24614815
-793019705
554237316
-539158380
459550980
414073216
36433488
-89454672
-143955122
-307544868
38632778
184382544
-25481300
-203325664
60705370
548405
415393472
312124975
-542009654
-582220678
191710320
177718723
-113298955
-263590624
-45567720
5886425
-310671336
-162257718
-505143956
594554610
-172964286
95359888
-66036240
479240460
305755170
-251481458
286903875
-617584972
377050464
136439600
-13559520
685614810
101083534
-930256530
-45950688
-18345663
-701679861
20765951
85013790
356238640
-421910460
-521842560
-172573398
-956228427
-87452622
235866288
872062722
558676006
804154100
155333430
50985683
196911972
-52993984
-279861948
-886682940
222359200
-642444192
-94281462
281123672
76813968
214085940
449386452
-164681100
37345364
167843088
134918570
-65653725
-473176269
15049804
-275340378
514378618
-24806520
-698077380
79247178
-521495336
-172691298
-206786008
-406771995
-686296931
6977280
70725942
-628236686
-633885061
26739776
-184000445
-410905584
324477090
-185742300
412654434
12849824
-703310364
-147510989
9398490
-121207716
549136488
-262581024
-11134788
176238177
820099352
839165288
572287600
50932046
-569708640
67768770
-414012130
-12314280
-137244408
-402533746
-429170560
217739340
212828826
-705574324
-5860764
10162944
-234055576
690359664
59703120
-636911606
-110960969
155779983
-590273418
674793150
-355104453
-128268072
210911568
-335557198
289537768
-639194582
-520385166
-104625317
-826418966
202205955
-3380832
37269476
-655583470
-6679692
466327432
-234722580
31318742
-515402580
-62091164
149416825
-141606300
552451381
-678056968
192572640
193320540
413274794
316008030
613497330
-127803285
-277192824
-408508233
9854404
-222881932
271832572
11025195
23118096
-61503059
-385289732
-168231728
96683990
545196960
-148491136
99538245
-4573315
10742040
81332352
-560469888
7187640
-114943156
-312276797
4686920
337885968
756531516
-523574572
-78828900
-869010480
-72534605
-57412845
-821450400
-834186600
-345522240
20856931
749413104
-612759675
-89685200
241411716
626279797
-291897818
-299106595
-49631062
-99314388
161460728
-41671463
-802435835
84238354
18106602
-863861618
-89485238
135245454
-327470
-267996078
22230690
656838324
-6628464
-201668800
228975712
-908264140
-1545120
-188328490
-366592860
-790218
412163213
-44477100
166665732
120330864
-256436791
684952310
19816940
-511281600
-248619924
-742974456
-690227096
-161949232
-70205506
-107692767
-283339686
171078600
-415586262
-745083630
-77412208
-698664984
440811126
153976252
430175905
260195166
-39507108
-872122835
-102807108
160712391
-569715132
-240274972
160346588
218855706
278968350
177501600
-128100882
-646150268
53342443
870804630
-97913592
-52416098
-623179676
133798464
604336904
-3428100
659402023
528674372
233829560
-115872978
-832712895
207216090
101449884
310045635
587704229
-234810883
-184635705
-88601040
79366335
353938428
-580212774
-593652906
-57698781
822415446
122451238
-53469705
5394928
-162336994
-268629320
-245826698
-247049940
112698485
-58658656
460672888
-106963008
-608222679
35402672
-627564002
69788160
-63117828
64597518
-174844480
-35435466
594177404
35243505
-29007906
324814532
448319907
273831648
-89474853
280235813
-69467915
-132619392
401949966
-254563671
110538920
520509872
-199408200
41665366
-18017109
-155683212
683213613
-578541938
-122446748
518329633
5648335
-25486650
-60649514
-93653406
160352832
-577243634
-20683516
-65746080
-251125056
-261004821
12711090
-95266080
-616499330
404190561
51610536
884358125
405213332
-57870207
-21548880
903986220
112638493
-109969920
267063656
777720349
555172638
120581685
-195200788
-244553232
-637453310
-28109389
-521356563
549225360
-271322550
364854000
271625244
289113105
143035655
-614426615
-396575580
-229833852
-125840755
326386376
404641576
-507375
-48021624
-74448600
-77943897
328733604
26115950
-3474657
179310425
-52184594
-50138429
103221750
646586432
426995130
-501560788
-26990040
7400004
314598072
400292480
738448172
-226699929
29879844
-122339410
-169557180
28078558
-98079798
157805158
-435911580
115530828
-11797587
558943798
-378872409
-161371800
-169809500
-402472116
-319812300
131469748
-182971758
-14840490
99898800
399972996
-104564088
426064538
-312823100
332517822
-274975353
86645847
425035740
-31000905
211087170
37114246
765670212
-422004328
249430308
512782284
-426117558
424695727
-343913120
730804760
31851320
199662848
63116800
115977536
303176475
27294960
420843220
124278705
-611281636
475225116
244793628
719677871
54858048
-12602534
-350700509
-442736224
-6874713
-67173892
48870460
-129250800
-341111293
-45419044
-275716456
11759904
-343930740
245902110
209268308
-75531660
211948440
474630780
314954621
-573232130
-553574925
13799520
-34651440
131651892
75006750
369556251
-131687595
497384906
329905305
-412034984
5944536
-157436500
-7628754
-445689342
174811125
83522818
147992800
512418816
-462624036
251078128
-132105034
396392528
97956846
204095156
102643992
546283239
-71705444
399780641
-49871048
-115494775
2341283
-64446432
546856856
132917092
-109942756
-181994654
-534404500
200426136
8832825
-66009396
-667952565
351558646
4837973
-267022428
104070941
-141121761
-72248760
-953634
422297020
50938630
162459918
-522753388
-57030711
-645072054
-832874284
35218125
204325929
98307216
-486047631
-86698160
-363543392
130286257
520074714
50454972
519905374
-719785287
-394858200
-413197472
266085316
-19333975
-641724
-6529259
172133040
-63815710
-861341544
262253376
21385000
-232104784
2799951
32316778
647867880
395219669
3094896
7582583
145764381
301248140
-19664554
-81302466
-238430836
-272410682
-406437240
526452280
80949504
206813526
8547634
-130592742
719422164
-79678720
616036368
-267245451
11022202
124495539
-25828752
-97598791
-56954970
-17658616
-54058135
-44555683
1005188688
461137068
-920824128
463677736
-202810608
9250560
-166370475
151173197
399413619
-118550760
483398179
274083170
348413610
-62132902
-190673266
-275088992
-20569393
252174838
66341940
72794436
32255094
-676059490
-308000718
-247216704
-207696046
178654116
101598948
-127702878
-1530940
36592614
131028170
60286505
20807699
145700970
-365917383
55591020
-412964010
404632470
-549073953
-186634558
-13005360
-380247684
904080744
-652221422
98660716
853872577
-130169399
116096695
1012852148
-18712461
-507944751
695729981
-266438574
68805530
-98884000
731424813
71545680
-1782814
939119456
219086208
-308610246
-705386765
18678114
-421472132
210364800
-318017375
12351344
262516776
-218513025
319076056
-795117960
256558520
397621420
-167383020
137439954
-437210140
-976468200
-120893397
252556828
-378235426
-820660091
19520487
370265964
-109137756
-95558778
126411830
635784642
64113586
-470975064
452006200
245219832
128203918
289414689
-374815560
240025429
-489113557
-377813985
13156038
725262798
-236944092
486687384
-3656352
-315710400
470044789
81653055
-356910965
170113185
42843388
-875676488
88755220
436273593
669616528
-162806545
-534744891
258161410
4430741
-477004406
-207680940
384003990
736025268
-69363616
-114604298
564209360
1434290
4289220
-509576772
-267366325
213866933
131021035
169371972
17207740
-264901406
367662372
-179197052
-374757559
-129445680
292759964
94528449
36928416
644419704
-399365640
110884210
244379520
-834803469
169460915
-404111176
-730795777
-5156508
803007241
46617044
-23562342
-855222324
-514230990
59696585
-59358496
172242040
17364936
514896588
-380048958
-27871863
-300845328
-72538375
26051214
62223306
37272564
214564248
531345914
-221923992
71243991
151433090
-596230620
-106579984
391125691
121220664
87332549
-312265380
142609584
-247983120
-107783985
16402380
13663239
-201125016
59562773
181544796
517387392
-884816898
-158890774
19792470
-134315569
39983445
100250321
-397753678
-915325840
-217503856
483659748
484394674
-301435680
299361618
108111465
310138192
-2203575
531180
-112709864
-186344968
-385624680
-84953996
792767772
166391514
-69314162
54980899
291031906
-83329770
63151938
-318551475
479947312
351540840
406818910
112448820
82613140
21982779
-103393395
62577856
61166364
303070536
-642606195
-120427983
-237882432
-1008245756
