1000
-51443181
390342204
-21791595
157819839
-117715716
-800505312
35040240
-18228038
-60462081
-193933488
-11847923
33003410
-14704130
-39240768
134384796
8938647
46131022
-362802391
-759598
257566496
206794371
-259115780
-41940899
-187187500
464946432
-447629872
41365755
-16108363
478548603
12142075
196534404
-442049335
152483639
184276400
-4236804
-60126444
-454411960
-27732758
543434280
219474877
-95411715
597852204
289833312
383809016
212282451
42765274
-114228912
-414866826
-342913707
-447634355
291347360
573626016
492899616
-139262520
-657450944
673758880
-79432044
-18615330
49229892
204621054
-519631812
754838125
238518648
-133545524
509183552
271062720
349686909
-103142208
-164828844
-8608140
30153659
518138181
59762448
193003128
102784108
-621545568
36464112
-137532339
21740760
731457832
68957324
-150403050
17281142
87468796
-34284225
57310848
-632872761
-894576774
-122703051
54303355
-229605786
-32093672
-96310344
30480450
159157570
845328304
-454723037
20196990
18907072
576134636
121567662
148798074
178182480
270427008
-713773257
993096392
106007517
174426830
-143785950
906448400
-209127946
-16708380
6318560
232984160
128967139
352931846
731013570
-3376215
196806335
-8327938
-116614742
-70143316
-260693730
-166782088
22949220
-794012466
-725165889
526416270
-457964836
143892666
-14918321
-515184076
-111924178
-40359415
-122441940
182978058
-43684234
33108235
959712895
44211408
-634671360
45574650
270683274
-9354582
-94779864
486718848
-120027375
340925292
-882177296
67964648
-115242402
14963225
-464038848
-175964448
254476569
205643646
31464828
330792946
-63257472
326049075
-156523073
-100700512
-653266510
299971715
-17709326
134987581
92554047
1399400
-435970005
-154137028
120416814
-50320732
-643757320
-849221267
723307378
838867248
-299345392
74221857
-317253288
149188536
-46288856
254964645
656841717
65892648
41945940
101608648
81753300
-127930040
-113687436
116850784
342328810
868447488
683049195
848217500
773785872
-25539150
381090569
626014815
-912708016
921335732
-177883095
-8729216
-211442634
223171646
-21491520
-208941540
625202928
39415803
-312906750
388286574
804489024
188235488
-186045111
355149873
-248735535
-956750754
62683488
-102712898
79846926
392858100
135052335
376735648
-411491540
906350492
-142396032
362176480
-123336632
433351635
242693112
114994810
97684320
221541901
-110318670
-22597365
7945110
-218341990
-695053325
-635870556
297403964
-101255956
134274672
-208403107
403568176
205707150
-532748400
-771105302
171380627
-642176991
264508671
33386021
-429001874
-112241160
37400532
190206663
443763264
-270975969
416669396
666009901
-490254336
69988556
-14377062
-994108290
-9523866
424574304
-108729325
84639668
-15113322
26049975
328969960
385728642
23400256
-335250846
-355012138
-49871129
-155708304
484239520
-241267815
54597982
-11373660
29080931
-173333776
832206347
-526554720
134098346
203124800
-426408016
-506361601
606807207
194866540
609965455
268629494
-551215154
-21318480
157858875
-411610250
164503130
-153677601
180906912
30649410
-545990634
-188300950
-39628593
321600720
144532850
263633940
-102649344
402676245
338466884
435430140
-295197775
-32125604
-79965120
-672603822
-117312192
414813390
-94117875
673088752
4669126
199134394
-321387168
960011034
62044500
391208689
25217533
97742145
547909077
-209041452
-265061250
-270144657
-281335702
-323569344
22638502
232798068
-548278152
169448004
-286807436
-220947936
569476544
272434448
-35379660
-293762820
-289844730
-559126410
255186532
-16488030
26676336
-342106320
206083902
68463084
105524304
41102776
-852296072
248601500
-158768904
2409092
2248925
27256404
239104228
356206030
-907740
781764975
722609068
842782668
-740482158
284963120
665816419
-115707900
4819568
35010261
-140253486
-419895419
-579284710
-365906685
-32921280
-307551446
880036380
396006816
513707553
314485760
-149934456
-121456503
987504704
133854552
341975178
-400425480
-130863124
326042964
-39687096
-115830
-215829971
-536370660
-350573406
-57010020
-220057114
-162352662
155087868
-493606500
-336611574
154181880
683722048
-42260993
-360172950
-114260070
86377023
123697323
270461127
-465304961
41812596
56699810
413913780
-356541204
4011840
53434820
-865459140
6107959
322407404
-90532410
-339793917
86666355
209393415
-26975780
192647783
-292573800
-307988816
-149351640
-187349049
687373047
319748760
255462774
-309091842
-408278592
936560920
398349020
743423836
-114396842
708100575
641784614
-92238566
-93868974
521577000
-84993723
-563284545
-133762083
-190147925
-137885952
177373692
360638130
-270163196
35590248
597787392
-2441168
961335578
-472607412
-30098080
-359363088
82468700
7507600
-515718261
15201940
-173937150
36334650
302369652
43961127
31456590
-601803930
-55324350
-52402544
-704939250
-19838340
-518115600
23172725
148896540
285286240
-9577008
976118462
-24792960
-256376105
-314840592
67898368
-345366828
-167924288
240698008
-6525820
241352976
418395780
-20286552
55300245
-869192792
-374538984
146563065
141157197
624115844
-528440444
113967884
422225312
544867764
225622031
-5984384
-500547704
-297000990
-389931512
-203851840
-160698004
601347551
552035544
-747245778
28693352
150821008
-107828201
-21600271
-36952287
358371426
176059000
-479898043
-101017319
-125442681
-900422432
517435415
-40845266
206038180
383966649
-75813644
-7389738
89170032
126207408
150162068
-4728264
-517027080
-443417345
-589981782
255281929
83859360
92338587
331530696
-193975008
206572217
719307240
-60456480
280211767
512314885
109231290
498785682
-320216356
504046080
-20387760
254384600
-955256060
-543495015
337190322
14413456
155547227
212833008
114570648
-80201627
-555511450
-132804516
222885301
-283824255
-129782592
639190022
-4751964
119467724
103168002
-20842408
499488968
-484683226
-299895712
-40178700
-12705796
6696390
-131015196
-64778696
673082784
-427267350
271222992
-653970723
427056300
-153090275
-210663024
-331489290
-396960
143250720
-213511088
-54594980
328260548
-75393492
-464104355
-528172035
341284320
-703873910
-138849964
-441389067
-18852320
-544226406
-673979850
84231985
-325442650
71854597
218361872
71105174
-107301680
22747104
102679962
-175140524
-263409432
316264280
-275970044
534267552
24419206
-509707472
538758000
-343333052
-36222524
-939336622
425790116
-84219768
193558652
3711884
-285174207
53294808
100672488
67743189
329769643
-559808178
323427762
-110027801
244585460
-66139860
-535164914
334690380
-446973030
-25854452
235048802
36823880
-432111032
-262914900
608636288
820842516
-92296214
-223386885
23840141
-167022748
595109812
-911478568
-192427440
-296519535
78274050
-43733972
-77263500
106797600
-65881200
233121000
142216632
-721553283
185825243
425350580
528227507
-14555156
646531053
126251268
901861555
728709354
-51416925
-759048160
-283512672
-156943056
83532425
80118956
702354044
144546570
253648020
-198495413
-153979378
458719866
115289152
-306567094
693981379
49124964
248950200
-256881582
-219320644
183550488
9894612
33516483
-16438355
619597898
271156248
47888544
-442953453
428889430
-7482926
-31430135
377015543
-353349272
-207580947
19766835
-63272322
-610709358
-78793029
53507100
307389852
244411014
112519821
-140035459
-157149778
-508024661
37145484
-47050416
371048535
-306235235
86712886
-566623152
-58785467
-25044527
344773321
337577458
171965010
27851247
-565328277
-308840344
873484953
725458032
-763773660
26775351
-83461710
115570502
-21200192
713664
40033452
-31443900
139434778
187404968
390930224
-244446300
341631392
-371355138
27643700
-95275074
24988400
-76141576
-127254076
245367634
155495844
-27170880
431120036
74951181
-642424640
18679903
-36958212
265968710
585288684
-193895562
157981006
224695940
595139400
-17954868
206410677
867025442
-250044480
-696107250
-763963200
-53798395
16731738
42477657
-312581744
-316609790
215899788
-209163960
-383407596
-158962752
-116779740
-30250395
-591746730
668208223
5254800
-16357831
50521317
234147100
-39336570
153638848
-41963320
-960119475
-296781625
12277406
-78605762
-335624751
62862260
268392560
267640175
388999032
148929128
-47417084
-125248627
337183868
-99123336
28278075
-47012505
-233482776
344550162
168067854
-363846466
39342834
-305192577
-248419600
57749241
674773793
-116681149
495711864
38306240
284335000
-191006541
161599425
-74167360
24115500
-37986464
231201750
773700496
63046404
316848312
148620528
252726180
2220733
222105576
-552885165
609402645
79591260
-59344342
568082966
-788484096
-151668888
370711166
-536868402
209172340
12611880
40426488
70226730
442655682
-879655205
-56144400
-234916640
-524537505
-197450704
82013253
269259064
-139138902
-604202733
52766150
142442510
9062216
65729022
-299306943
-79569620
117811590
-376927272
-40527
-118671501
-140195454
18839296
247468536
7577727
222391296
8888900
-173681766
124162688
-458106100
45048232
41585934
142671580
-156719654
105287514
659506400
8360190
-416761872
18511416
177164690
199776
6634992
-117134400
235360584
382493610
711766566
144988893
-14588470
67607288
335030750
110638880
585198002
94843840
-287819856
-161810824
-14003877
212825990
686824139
-11325825
716128468
2444000
-31349552
66470025
54157152
136204221
-106586390
61622075
-232222319
17908296
-52718292
-17384130
-334253298
34301870
-44680225
48915927
553839990
-346796853
466642634
-22808520
181057520
534279104
-73612099
157254858
-250802090
-24085117
63408240
453792636
-410682480
47724718
226763100
-80945492
-548697798
-631446730
201148416
652458262
-26296854
-311586198
43153956
90229824
-195071940
-145072876
221065314
-48167574
-101637273
16712056
85741858
-209328275
22152312
833213640
285946345
-363609432
-96849000
-395129287
32550100
416143530
-73121672
497871192
443452581
55462667
60880400
-93916924
431675136
-789090561
791699235
-174955772
-583993655
-92182551
-439240
111095346
-51601044
44941264
58667472
-232068480
161607488
53431920
-2036839
-134751840
500158864
48948288
48554924
-130455390
-270542064
-226792622
22500720
-3004920
-224300934
-175037964
41761798
-393217829
30574060
-240283615
450500370
-192614570
-363863756
-283207984
-494408124
472928115
-620408691
189204854
390591072
156971774
-29355518
-30513315
796844672
222157768
