1000
113814360
-195892281
161844003
174611648
-5565834
400710861
68687080
-283527081
306578160
524730360
-453831420
124807599
393843913
-239301360
-30011256
-103262404
-136757040
-189623224
244654578
-21635667
-478797264
357641535
-13346208
-21162690
10860462
4717944
-70256676
706866732
-13624464
92936533
55578710
-1465100
-549064197
130416572
184419180
153007760
41039263
242086464
-102091432
154013210
-48976308
141758586
303696636
258728901
-222861429
2919520
-161730648
-246758160
-13582926
-87342288
61460672
875739462
210742596
-5990836
-147268200
-229929229
11369790
-31005336
401570136
-898288677
-327285504
92854559
-175612320
-58736410
35178208
281285966
310880535
-61086543
-440326917
353260548
481230357
63225764
-517431670
52280205
-646484076
-194201350
-94785694
-665805150
-95140296
-813983458
401098221
-320395870
18973194
463450050
-134278038
-709376206
20880240
-111249552
685728049
410231352
244851828
-51719068
695923612
-751917573
482029860
460871564
-850826641
64192372
20961612
-212252430
-913087648
-579105936
423299544
-117797108
-384667920
-479967976
95676670
-134448678
-313949808
-284760000
100980552
37723435
-456193232
503892792
-277254683
32847646
-534036000
154669185
84979246
-15798282
-274069250
-797645862
110253143
516303837
-101259873
241858643
925310960
88330990
-3040510
-31051350
386570
5455131
-363497360
37075808
212496550
-265078485
438679980
146379090
907802
20381576
-218071408
-145847529
535722340
-463581228
-39962538
-485094389
-74155409
-26348769
-98414428
44935528
935722440
106196475
189934710
-268740589
310245535
347062228
158874118
-16845892
190789029
-239116206
-221332272
193250634
3995838
-291750272
-200901312
370844541
443867052
155421350
466211598
-385892664
-445910904
571596415
-246031488
603162300
-353303808
116737824
449114731
-58806729
912251392
-173416236
-1039764516
393897402
631164492
-280688695
-518331450
-500748450
106561555
-58148940
163745472
-895028346
537695748
-310863168
-123143760
-22598352
177285662
-801631138
-22297389
239577336
498721652
8884053
-274491500
313341444
-328613740
-31137880
1007057436
-297518904
337796752
13334010
2040786
-295795341
909337924
-62197105
344685792
838083858
114629375
237808033
-352427790
-72662543
-472035960
-426377952
152521614
-366678054
46858854
290220672
547250418
-98673600
313705456
21386572
19763848
-50310300
50179500
42967096
192041976
348749700
-746128578
-84838838
-28564580
1896450
-262955252
-726596668
44454868
88786926
303510852
-35924772
-116311036
-57749440
-45757978
232843734
-470424192
-34079981
-190176392
758556594
544016704
9852936
449790444
-13347438
-88615365
135448776
-329151498
-100229246
-70602360
49489737
-1605180
18633964
73043408
-4615936
268541592
324688650
-227829134
159531960
-55154330
411344376
-14741706
-510581186
39720285
-189855025
480139109
-123286686
89759796
-596626976
-427705850
-80947014
276979465
-8993016
-405484130
-669163812
21764395
137336286
-334236048
265056890
73054299
305881731
-358436760
10680432
14888494
-107066764
264363493
230795964
-126987000
-489841900
44643040
-317743936
155960936
-3195868
342317688
-669160415
424530678
-50171004
214954512
234939400
176290479
-805340700
81242820
-453600000
-618880814
-740382006
326394540
53087630
-10658592
-304198650
155053464
9588304
-22500036
-16346776
308817518
188227305
-462863060
257739423
656322180
-17258080
-84218736
50325737
23039555
-357741637
147500976
-19627601
15689400
41724950
-164832720
-294475400
400084764
446637960
617245209
158814630
144123405
144632544
239126112
189751977
-551778875
-277945554
67866480
206194371
294014061
-282598460
1243242
-313766915
-124611
362205896
24770753
60653428
84378624
29118466
-206981280
551288516
-8495088
-125890440
91997070
492789680
-129025456
-118930448
561921066
-543933230
60382668
-570139150
-129234784
163929636
41384628
-867947288
-291917346
-151814145
232279892
-318732995
-426141614
-106936200
45092160
-42949764
163748964
547172862
-147931245
-182760644
-292255454
379286640
377458938
36393404
57500040
-339832298
-438582198
4143285
579037280
-20854184
-741962565
-1507464
-236092980
-315579418
417101808
376561200
26905676
-507962616
-253068288
143414874
-803999156
271947384
391876140
320308195
482126764
-290554327
-786524
-664283438
-299183580
-261647862
374665239
215983064
-302638336
280448624
7767656
392758470
-154627375
40446000
8823470
30990560
27848000
139203120
-13904415
-505656564
696583492
189465007
-243182739
253350932
74641890
-435178546
-396637285
184233056
31295980
-133210126
22852144
-92796392
155393700
-245935583
-854196420
-320692491
-117133128
23869701
679279944
84470946
311385360
-115902591
11250306
222054836
-878353212
429750531
361573220
-345000487
-20650648
584614269
31067910
5146140
34628958
157803360
17750655
-1063244226
211461840
-410027420
-346688964
-33077155
-38641680
17907318
-49156317
-202749120
-181412280
-683972849
-29011320
65899170
342107283
507950653
343446728
161873382
741436210
210400342
-198629060
379302748
562003935
-459196614
-2871794
113846502
260885082
-134293325
242095701
-79884168
-173767230
180022350
5376420
332381175
51273945
-685654218
452613172
-241417674
90762920
1709232
661661511
-185086040
-53224691
365820384
532356258
653413500
-74752548
-33551840
-622330050
101297805
642120766
-511451283
390788262
-258928164
333512768
686322640
-6522574
-478237232
608977640
320737053
47967438
-450288076
-246672712
-323033232
98147385
-376539814
192950220
229921952
763872368
135768832
-46369752
-417005440
-92847450
9315726
-1777256
172719871
562159500
171663030
-32716442
-82775511
-378801792
-315998057
-278039195
-131119648
5854172
-463987460
-229118504
-65420925
-597245484
-610316320
360008836
-23804592
-189057232
281813532
227493834
-1031567672
456720359
106148856
1430278
-431652028
-5735618
145438876
-16355875
82562128
675652544
-441174318
-493382568
-32023475
226018288
-477833850
91693468
151705332
-39407335
-434444584
-11507314
24627825
-854491080
-616616820
847581968
271050390
679993812
316585728
-32285655
696729426
-243564720
-820419335
-305562484
598004112
35073829
-107560002
-68887422
251604872
199121814
713655294
75157368
-144115010
98784193
391647
160005135
-23177626
-6700554
361789200
190593777
601641104
1040816195
-36967532
592420752
867207120
521930087
366911803
-157778304
482745630
-78650988
604879269
586318014
-234113022
-302027135
63167160
-548415172
-349297956
-663992352
69334214
-39105978
-483898000
40564016
423176294
101948976
-20615560
586419617
195355698
246945960
143400327
-80689411
119695185
-83289315
-258819921
-7780314
-956724448
-2265228
487969840
-51695124
-351027703
321258818
-467750835
71113903
516583380
456849111
11090944
-132239592
-814447135
15153035
-181342395
869026064
41907629
165202191
-614303934
348999579
-357291768
218866724
564134
352754080
-353863314
-269018948
111841183
-355211220
-233434368
478367845
-385436631
634002984
168315876
284139680
671222475
-91470730
-133295378
727850670
-771087123
-12987128
-210975050
19634816
19306528
531787200
-183825174
877460028
76619595
-246001581
-283676848
109709931
-293228478
-1009898732
81597222
-379107920
92737890
-90424620
296243252
335167147
239624238
506010616
22326458
333648693
-27847336
793981474
-30723620
-802374136
-48264084
-22804054
-489940581
19880536
647020570
-66037979
-46333728
95579010
-15544986
-90317080
-526047552
-312166440
-194154592
-130451592
-225603851
-648084450
-17339266
-781312755
-56375676
-142930552
908868000
59151642
-132742928
-347232292
778675862
429921674
-141019912
-53245374
-82150292
-4303530
-78979518
57341102
-27046432
-85371
21668664
35290740
52918034
-10202936
81593028
393649438
588420
117085020
-99917678
138459920
235195870
-261101665
24877370
200445000
26265162
702657620
3133520
176479030
-169444830
-17348808
-553873474
631144088
-656632554
-723184479
305142571
-504976041
-237649050
-186372530
-27490473
86612229
-81944964
88176402
537762230
963652149
573940410
291375868
-78073380
926488476
-3637200
385045655
-972546600
-15966930
-467200450
-127365805
-378198657
137447688
843642153
-127768504
-404033193
699504832
-667555680
-10682280
-7202844
615356494
224936000
120563168
54469808
8627976
-171376842
352859045
-54265680
858009812
-368018805
186861316
41653882
-22848800
151488064
-546735384
115750822
-136746280
-272247852
386040488
85706400
50608740
551977192
-597277730
-470013813
92074722
-872202
-286143144
681356742
-160282024
-214928666
-504178300
-192442032
-82282608
-13696512
620603832
616739756
-669115150
-58885920
-712736224
131900212
496695276
-178940880
492368586
-120270162
-1051704576
-211183056
217890266
48936197
148283757
237367020
755449202
27416356
874604610
-79938616
464962944
-203105340
218856375
-50776466
356432472
970074240
309447756
-127446204
-491067060
17803465
-15766499
32734170
264772800
-136740480
462067444
-20990536
193755528
39743883
209851968
-178970688
-213958518
308191795
205072024
-69680313
-19900936
104660054
-328216896
474003362
-93938488
369438888
34698572
69480504
-85060720
485446336
279163192
25854024
-765570040
27279227
101999898
-493645872
-7540992
141952572
-2870881
-392242650
28512666
605125455
-30885224
-435764063
-77212826
-24469300
68976639
-926104752
-585856250
31919625
214656042
-31148000
-566401088
-159775250
264557433
20610067
356778760
-250727969
440840820
-86825304
-7906384
94459938
-22148235
384557103
-147683361
711764186
-616526865
66809184
180943105
151298956
-283081500
294674220
188127030
-49520601
-196019328
305165888
-401726150
244228642
-243281387
258369520
-414830031
120247988
9577200
-175887712
-28381465
4100745
-317115360
487440384
-7764308
232451559
108335084
-27371175
0
-441137970
-911006430
459574848
854302299
-2162880
-476545593
-168216000
-76726000
761340400
81958578
70515081
368263322
404492592
-24158745
76650288
-470389536
10005924
-568646556
-141408865
35974752
-822671440
-280277727
-448102400
-178922420
-25048170
-2271698
-13496708
-216830585
176787996
-769308293
117061490
-77324355
290485320
141844500
248211700
-300765315
-618568434
200660016
-13043690
-32656500
-248651832
738324366
-146452484
142922416
20033650
-42414477
5529380
-50315418
-45943625
96310544
1765344
