1000
46526305
-645558808
-18157607
-5752950
-192904335
-246015970
47120674
9939996
92425592
-36662640
84120324
22140998
-90483515
417583314
-819779848
-5656658
25038340
537370643
-546103344
-343081656
83388669
246288557
116681400
360773088
9741288
948543805
275117788
-69585352
-132871442
-13479840
-15810288
96359934
92235520
235269580
27523837
-15425067
672592520
-12737675
-17763431
158737881
-94527676
-20679813
-82088328
726237304
576371934
-100767392
35156604
74874618
158365455
366744057
-303365520
10227414
243605840
-54922665
-66480110
118625628
319792644
177667633
130021740
911410734
656794440
123502288
96078555
-875983920
-329446656
-28623123
628255874
57385134
100727024
-578171425
-5973732
-100243815
-142343652
-151340388
-385350840
340248048
-271789030
-254608893
-360783038
499708491
-42281912
137415794
-2449855
-223134874
-185934795
-571612468
113743581
235219669
-874348412
229983840
21163482
-10382806
253295020
16756040
-135506478
-81648550
217222580
-165570834
-290118016
-313100920
816649064
107323875
31482360
-247938920
-211225945
-304206891
127793820
487586528
-385640508
-143431633
397041840
-59330920
404129286
-110664960
-155558628
159359232
500820432
-276028524
600843876
4817792
184758002
-17034136
508533036
88357060
189919593
31649050
671568966
-622133036
278754567
-139409802
-327533435
180787750
481726350
-9253673
855320870
135607340
294436138
-587898000
789831900
-179366424
-209608292
62497968
-43533672
-504299152
-481771696
-822670800
268182507
-37388248
815702751
-15813837
-351975675
544108664
-18664410
711911026
298296906
-588554824
329856890
-650265784
13141030
200112952
-88919757
231207120
-221218400
-6713344
-54446660
-154357692
-191297852
126387568
-104871256
237886625
6411134
-188314735
1879955
-120466650
-1869406
-200343180
248377580
-4825992
13999318
216017114
471388304
115030930
-404506848
326295100
174177960
21572800
-492258585
122762496
-746635384
314816553
-246226116
-264769985
80077116
-67404141
-279256005
172757630
263673265
-51829646
-15833170
-698762696
45799808
-246455790
494248677
-119322724
-11585100
182899275
382452406
-435883077
1001847
82350625
-1769280
-259854375
162970456
38213416
249653523
-39677820
-490553296
-122655384
646139307
15535443
628771484
225326772
-199714980
715147726
135517614
-41644929
-496340679
-621592590
-343653228
248434165
-774996840
301655310
-843347746
-28695686
384924460
-441634461
530207220
211980591
861045
484786500
136995282
-500396050
-264443020
67130882
282352274
-530626424
172830336
-626999943
-508871982
631058106
-500363082
-2013012
-360571805
1041960190
-276191272
23276849
-474199711
104000468
216334161
60750730
-16325951
-507868524
688246938
-214445010
959746190
-652214325
-418104315
486304962
-599618925
458093014
55114004
-453698158
-279135780
-133783748
-462648670
-476563992
-30429184
465409945
294165080
253900458
221817428
-17180064
14274000
-780433060
-168145416
-273091256
-87964152
-639649377
-122494220
-80719040
241653321
-366153930
-164044089
462772836
-106516332
-591341670
-9141775
-31109455
-366912705
135473664
-188763784
-898203031
231330666
774148608
-115097630
-63677316
632321118
147928464
73788264
666698488
305859804
-91986921
351650992
638792976
-142050520
83200245
-169200108
263809964
-7311390
-415073307
-106980377
123562980
696209370
-541177011
-169457904
476091432
85975084
-252916055
24557888
-8017200
-691810119
-255452340
-95897074
293455620
-767796575
20012832
-681012300
425171922
-362329380
414486125
418905915
-433368
448852912
143313390
-38960616
306084585
9546075
9208407
-10079250
-35776719
116990896
32914992
-136620518
-3862264
882435316
190171402
-215237162
3923736
-14845280
-293034437
364502470
514299676
-66832066
-133409142
-650956488
68869320
-83889936
653006448
240512314
-646339150
-24378620
-231574000
-709136190
-14355618
156574912
-3706702
195915270
162812372
-186152703
-47451096
163621650
-319088363
171531789
58782312
-364118412
-678033972
250890958
-151517652
785402048
-34972304
-123610340
-11308066
112737013
421434872
-661505416
142672100
203787738
513844892
404812765
-549706106
7107072
-371359593
-71133714
76757562
-527141608
-748848310
-3769428
22582632
-136615680
43558064
716899070
-27829452
81474833
151189672
-239846550
-171998112
-72663972
-92208000
-19041872
-66549693
268870644
123176114
305406645
544919375
-500023332
17061688
59777920
-225796956
-81134895
-196371344
-5335362
108197106
-5236530
84731152
566124858
228655541
575522493
-3868947
-346104304
25687536
24527727
272882655
-40130344
-866540
292597773
2327178
386123775
-36984180
692814648
-106867900
-833456182
159278805
-556044891
248313908
28582277
-92642760
-495580800
-950413800
516256252
201748672
668628692
9362444
77517737
-197298155
763642848
-23982087
-35220141
-194005440
988777416
453814766
154610112
-59236608
-610284569
-125239000
54061651
-712185362
-62722143
-457128914
-255889944
340645453
4400220
-172449200
80293377
218302256
-106877772
334429530
108498978
847775057
-955386484
55663536
91644144
40799840
22508068
-742132076
-123761319
-736114886
133567368
-48458066
-166550850
-781282336
-276122601
-42467532
-121939596
-7354893
-147776525
-56483975
-521956188
13438342
-641217897
-456915717
-5247190
-72872349
383856790
99267057
-159504030
145004979
-238638456
316052835
7372392
345799550
307278400
941960745
330728763
-47628617
49766850
-216868750
-24212352
449697420
38088431
-323403829
10467662
-224126474
-452929533
-397559884
-68537248
-239893104
-126497876
-274750850
-295412572
367818164
-546543795
-68302872
965535216
660285860
-284780340
228810020
37925430
-15051000
-27422292
-42840540
-571191750
-4251228
65595310
-388579000
327914214
43242375
238660007
-2320899
-39984
432143272
194806570
7777588
537219130
305260236
19864932
-658301634
468404208
-767322250
280619801
731481
-665191376
191989993
-139817592
174565125
349898080
-515153394
320497100
45862362
-20837688
-117770480
156218625
-290982540
-658691924
-532635775
-57165330
85602114
-314161248
-27246464
-207529063
28053415
803690160
-64507180
1433970
-247713700
746082328
203051904
276725932
514948487
400690026
-83966598
26152352
-24884506
-10182783
477704992
110339784
-547872192
128581254
206878980
-60259246
393484282
-200172375
-155681410
-50276443
29626454
369104059
459606408
535806510
-222344520
-320147625
20340342
96395028
-443223184
583702281
-204467263
910554885
-859309563
-27996276
558106940
610401253
-404229528
723458192
-168475104
-334569300
-62832180
-284890365
-821112336
-281453016
144488400
155816950
-269740800
12857232
99520218
-129117600
-780271302
361156517
-316462304
-150185007
325551510
163482696
-40435725
401670832
130213251
-391203861
-117071535
-14642582
35137800
475777588
14091732
62770736
24647217
-153824643
842975480
134016120
-50161558
305989607
-314358765
367601328
-155510136
37453296
5147064
-9089472
314563480
-350799174
-198588647
-93324335
-24554907
161109515
-696637676
20355858
-312991290
-16285242
198980411
-25613919
-16490816
57993243
-15954040
-99577902
249224976
258650024
-278980110
-82458092
158235051
487635768
471096540
76143105
604284720
206778880
107389208
879046938
-615024872
924846650
3827520
-128636469
-79719128
856594480
244817078
-369451539
-374561376
530473584
526056680
755211745
-64494080
842519860
-50134016
293815565
401763968
11978400
-195404370
323613360
-156940320
342693568
-58036800
110619135
449280068
-14901690
-430978185
98385120
-110604999
-154751714
719753904
-273528898
-608680365
571620280
-682363080
1526080
-199664170
-533805616
-19827808
-460557506
-232075500
386685052
84447596
-438482160
-529431250
557145216
-144978680
-226716267
-110007216
116492556
332263800
-88201344
-671923416
265847110
-10626552
-168234300
463664975
365983514
-355518020
-622093616
338219424
199038441
586604175
99522848
1778420
673946130
77825198
-902729990
83039625
861313944
12082037
-303234807
-113265935
-23092620
402495209
-31171365
-215339880
-509038530
-103894893
-634929251
-541002160
-13139070
-557216568
452767988
-77936164
26593000
293666282
19645620
200809308
94292892
-607716
234754623
13886908
85753159
-516683788
-594061944
109066536
-33469506
693529650
104632319
220336320
-511241832
100562714
-286128722
-226653894
227437839
68355760
-95413032
263249304
101991240
170579385
860972
5847422
207962535
-361967598
-149913438
-637471224
-979388048
-229631868
-929826460
-402167766
160570995
6204660
-119129563
-364757552
-39407970
217753778
30857565
-182800
100445324
362042960
-142038054
616192668
491425340
-615064246
-464414154
-621764495
-345283650
-130082334
-112995180
-121796703
366247860
116321728
-94807248
59675140
-481741280
-124610577
673963904
-470436405
166490676
-200637162
469116
-328381350
106003458
227391780
338597817
-596233963
562165108
144043578
82825875
-291920400
-277956765
106504676
-130467856
-691691136
112545981
9676100
63193248
168452402
-1332061
-371467126
-248967545
61487024
-109181148
352880360
18792914
46912320
1020320
371497044
160701354
-591198546
359237964
-128393100
136897980
-49313470
-12411750
-131375620
-467216680
101268650
51595116
128685375
-42538320
160978347
-3281775
-514876152
76685380
136218408
89115876
203614012
-76721216
169557496
-305044481
452974806
-198285024
-153215808
132939318
-30525628
-343330440
-277718696
61762859
-231732176
-269678628
-292107322
-525557928
180835667
622771030
222199245
11424840
212460216
-250380152
252895995
-114907446
-99849750
8951140
-248185002
649574640
1328712
21358805
13546960
-107349612
116630109
-402430194
-189423284
-335303104
184358545
69414480
-350136512
190668438
16558493
-50296140
-443873673
360017415
-650322685
-771984486
-17243631
-106984899
129518019
1322580
49207044
-77668708
-287149230
684156900
-74367216
1287564
441397180
-178385284
-632854248
-9629272
646863707
30099656
-75720876
-592877495
-348937518
636596352
-31037941
-250276938
-54626661
-152509181
-336594528
-389644799
23702105
802308276
-210760992
59504760
-318389391
-130532094
-160169639
-224294940
7940348
423750180
-575364349
-23851710
-64112916
427218211
575016438
-140179182
157926175
452630584
403944240
-215695173
356940732
83825312
-136158484
279090427
210743447
-356478840
884680875
610124302
604741500
44872
-61650972
