1000
-117572184
230566028
-35603100
-252325755
-740520476
44261630
262804252
-197832384
-127208120
299906622
-258655500
8172268
266199634
696493670
550850592
-985852257
-480539128
-501197067
-12717184
460112191
-29339860
42371120
-439959828
-63125496
121553250
-63325217
-27357525
804350400
-56741068
-349593555
-97400828
-775936996
13310301
-213880758
-98063454
-865945536
68203170
-11316828
-425435456
-112580820
59376282
-377580072
122039424
448467150
-83748730
-440048420
-426249570
144803750
182234840
179457190
141878396
-87275850
-208261089
-191488425
-237297430
65160186
-212493908
603219890
-295444242
-18837843
181481094
231048018
83732800
433960002
-646476768
-2303880
-102711765
5778696
-76722926
-699141898
196188460
-950314252
491066881
-61353681
-934009815
62933115
46571330
-762813248
-36513279
-507407420
-776038768
-307356413
202179432
532930170
-40476800
-268450416
106522537
-642027650
-398449805
-542693466
733852218
179958256
-225535230
-362391648
165624444
-735889140
-621771426
544389666
93900246
-79388878
-151307325
-23182575
-277314030
-32690354
-35703060
-96950997
129913574
222274530
-267932880
-601378575
591367810
256754176
-137370975
-172900154
-270336225
125884748
76601536
-345931488
368968600
390108037
-377364520
-300755123
28780572
-364673256
3992340
-640900975
-176080479
278509286
138619376
-370955619
-402634972
-174244000
15969426
-247741433
-85238598
201277692
-482467475
-711197024
854371650
99688248
-80378955
186839136
-30045850
199819880
2375144
-63705488
482810956
-98721
-94081321
239155869
-167342120
-52479672
65643864
-351045562
159021540
132591054
122171996
-319894176
34252230
79896748
-109113504
779661396
55486728
51569386
-594058883
401188887
-444496
37978833
-516553068
861936255
-468191286
11386207
27826260
-50599290
526827951
-66799383
203343010
164123600
-359663616
39951366
133154192
46386185
22543248
159054240
-586107173
11501217
60661375
-783233228
386790042
-668999331
-598802040
338977600
-469316880
-225431448
-76993512
-410447089
-82782854
-726898137
-218589219
-23770824
460642175
-337706096
-236216904
74299685
-421708293
-969408
-75903891
-15575816
16619616
349695920
157729467
-44124608
447720400
-758147940
-99574713
-231141675
170189788
-196806386
119493816
112314621
-61313322
82498933
32695260
-595032193
71887760
298167505
33138784
386152425
539265740
-34376542
-207047104
214862008
362733552
187211464
-142953208
-55798253
-435020400
132536960
182438055
-194248730
-701402060
44290576
993248928
61975603
833691937
5757138
70813785
-253844054
-665078700
-321067420
-807660875
-118085220
-52176846
-558591220
536832516
81269937
-628790424
-431505789
-59890292
-789602504
-560243748
-203122098
-520693688
-44395568
80412152
-215837378
-607377528
-17474520
212807910
825288948
768598292
-385318
-730428179
43058450
-709937796
-67715760
286987640
-840076380
-146962350
-144153072
756866160
131042880
-396345209
25545702
317154348
-6533926
202134580
-415663744
-70173504
-331252940
-36217208
293520339
260703845
590487597
280750800
-6996730
-313278849
-357947812
-65518776
-72476480
-63143780
162115704
692547492
33276540
-177695166
368490423
623369250
469874275
203025459
-367413963
-415525095
-229292
-282550700
-439740684
-985956208
141485846
-6498738
-630731769
201083446
-9629340
477364256
-56922480
107515374
-8061333
-743117760
-173909388
64703448
735167125
70021476
-550601301
713205168
616854350
8336870
782268295
522089190
-12368061
-8005921
-14217088
-128328452
-539093772
-538431380
-19365480
-666953118
170397729
150249588
-538160850
34753680
-150968708
-243667456
281460528
36710355
191384772
-13825650
196042032
272754048
-738768181
-141056398
499696219
-190944683
-652041510
-39042640
-45401620
144457500
152708085
375082760
-751032800
709019520
240312741
99507758
3421154
310107600
-221024250
727479115
-923760040
-635289660
224621816
-92919956
-125683040
-843320855
-427995309
-89032426
-381562048
354024432
314086699
-122225166
536439416
-309435907
445252373
272674215
267612336
712665354
342515184
463371435
-20244664
84745476
-279647900
232998012
368318580
573721456
416286260
-723111670
-11888800
237598816
506141772
-222734733
-388946556
-659454582
-1788456
511635210
11913344
284136294
106943943
-521492766
431822100
88102872
-314744928
4554452
940689816
774892544
-927007620
56293392
39210672
301887079
-299474587
109884941
23820502
443225269
-168372912
-218927670
65575560
-76089832
854191062
126520361
55246680
-86184000
-252231720
-155778480
462792810
-774726024
-934363807
-28745710
-234599517
-128319577
194661050
266588773
91024098
-474295877
-23387100
398852066
-61936224
-35303850
-3934325
-499944406
-27620528
-562580172
467031159
61819440
62676880
552483848
533300886
-192795219
272993022
639828
-425788250
359708834
169064651
-86384697
-658707840
-146726580
595344960
763590090
200449200
241278967
-82944224
287349075
270915975
-630427425
758637425
881967933
9348896
217361404
271935650
16426945
90612372
178902591
291250596
-312304938
-592083041
-14293398
134625140
-476247780
-216446098
414572226
14701173
-943130292
386690403
71429946
-334715890
-302708211
71162700
-26245860
58312560
171747032
591774000
-530239078
-332463789
397422822
-246671964
188594150
-506526909
-286959771
242758100
-461790927
209265120
43834834
80513110
80245908
295860180
510281800
-508279296
-249965720
-533832585
-538404212
-117872608
485571845
-78699576
39988320
-675177720
135498194
39154269
785135685
249537764
559794056
-5077717
-38156344
147187542
65772270
118247500
95965965
-37921730
-421924943
1816650
297895264
-125293328
88359632
-119838746
16168631
-64955510
-302245784
408129592
432570327
29129416
-116383743
440950500
-720430944
642876336
-72495540
-14329230
-157327888
-16046921
-89380900
970242483
84085868
-393307452
-91414656
-45380862
-622842624
48074034
193284942
647599062
-141710904
-245769
-304589145
869503726
232402476
20326453
86057673
576388592
166705755
-345921569
417245847
620527635
-11302096
-202663360
-6224769
182656874
-105737926
-582306738
-65431620
453487546
-1052647749
394537105
11709243
154079880
-531696230
-146283665
528653454
372778848
302878600
-54792000
610661835
90507949
-577279737
-135467784
-540123398
516468800
-70363960
-417680391
-574308022
-173751541
141336420
-174030054
408299527
-10476150
-6638280
42848126
597955040
-507940914
-212648685
220268400
-297717728
-347530881
533664285
15725732
-267162
-91700510
-423235145
-392521032
160379770
176112666
-101391840
22478220
337702896
-21073980
-687774780
-889037768
-54130888
204201800
-192481821
100272800
-67472838
-404145455
-16226703
131338714
-409472128
-961996360
672215418
213935820
-553155526
359239363
29841812
-694574078
87243624
73977309
43555398
-692730969
-767609788
110176608
456732702
227406672
87272977
-65949096
-252707413
-96968613
-192098790
359493984
-620082650
-238414956
146915824
-9798230
-38679102
-160423792
-265386726
141595753
-318012696
773829200
112375692
450893012
461069469
-73959168
287560440
-665001678
219773952
27299214
-435986982
-94937248
45562944
-657359364
8063853
104727606
-190788048
98613385
434953415
470552131
-740273292
668955702
469388472
367365585
-375697014
-72755432
-344690346
-708456904
-645185662
463087524
301885391
-231440328
261858300
644349225
-436584960
-476872032
-930980790
-8590608
501533203
-602595600
-164532001
-73788750
289261138
228532224
35507220
147584784
-714528914
-399715380
-811152
307190940
753143510
-113963099
-173615682
-909540
-937967304
188808360
55551414
-343775700
-933920000
357889572
-95577440
-487382022
171087472
-44569104
71096568
425528256
-104217160
-601345086
316939105
-88721495
-60609970
236901460
331434614
-17093844
28972790
3268512
-6656520
309405117
-915960
165760407
12545488
78240345
-489484332
-289860846
-66849534
169470042
-86715657
-37406259
426272457
928947402
119699520
-174523700
150707853
70744008
56464590
-532673997
161024010
273636630
-299454312
-348744256
347148840
-123745984
442740280
-221361648
-265770606
549661684
-89178426
-2092574
-14822264
-221189351
300435156
-88118451
390776696
97350850
158677428
231039068
-12030970
472775840
33077980
-55658844
-214020632
11759517
23275500
-340596340
-421354688
275809164
-81700290
6059242
-659001517
89202478
-747963008
881260726
-385466666
322308504
262029834
-178709916
80015546
-486384125
629801778
25364984
307416527
-239952090
-308850
330913424
-46252890
703751934
135404676
-170566605
27965866
-135036048
-511532280
-12383404
-72219744
312943104
669356405
-248281632
-461541483
-398063201
-516381511
508972248
-117334000
483182160
722081598
703538953
-70782030
22404693
-44604864
207905324
228153000
-113395620
910237944
-113317710
-627947920
-406131885
-113634270
28981440
15419677
-771405600
161752350
272728668
-165316966
563321835
-129118700
39229648
-407575086
-389941336
-184137338
648023040
-814055375
-180713484
-151066590
8517627
60000
271116916
-100172160
66735250
-153973650
45579630
404484780
-364627809
-737194160
33548528
-312716470
-318462984
329758953
-137633484
206318416
153127808
4922180
-28080884
586388770
-138045253
190598025
-758017760
41743800
-236432085
654596040
-297734192
382887615
560232769
230699196
-40067092
-63095673
-179949840
378084750
-449011556
29633396
-155290914
-112603376
468923536
340817312
502651610
635453910
20396285
39409230
-43836174
225342128
-245561600
22701926
40737984
-153365456
-588627900
368459861
-378677616
-467517496
-122706792
-268975760
-328004625
636940458
236583288
-150543765
-258280846
-987264472
-537472326
233442990
259113735
3658428
-10182309
-322676614
-74092200
-228071280
407831768
-527065183
381449728
-287152068
-505416796
-819899613
162514101
-335559173
-167377270
189399264
709985232
-356833440
-24591910
-9260297
654118405
21475225
423114302
-148161008
-333013212
-874321875
-118025999
-507040044
-69373994
-54094976
-983862752
-369648384
-476009112
-944301226
-32211309
-643528572
200130630
637449830
316232395
250590750
-382979688
329568229
-958668924
-12237456
-76390866
-307255840
-5449342
-409362408
-47591460
404716988
488453724
330639900
-83289987
206423600
-229175924
898646477
79515272
-70112736
-237253105
-8656400
-548177666
-196839709
-267869382
831170698
47000500
-531613896
846579770
-368045698
-455406961
616732900
79727200
