1000
2855450
68193764
-13612906
-1525342
-30981361
-124931817
-358764280
-553172865
-141080010
-456203265
736631010
-126112713
943398672
-522452700
-4398493
356841960
-151649392
348995240
-846530895
-237994527
229995570
395222933
401646586
163227764
136648779
-62094186
445577344
221168147
160291439
-603743153
-477501024
-488093013
528448865
-730758195
718743545
73706240
-11350966
296610903
365295197
-44284170
-508128768
-198315546
-53598658
-203016148
99165332
-164235226
931630651
-517906266
-242163530
-32903752
206253500
20343233
-345872494
687561609
-292039278
-464032899
-166937200
138262458
783607101
-25755392
829768158
49889784
791618940
190817016
765294776
-91117236
180081697
-515772882
149865028
-110993913
317296614
-33229350
434107130
235202691
-1214796
-82653648
126399976
158584680
105899031
402352720
-590030760
712636164
-165402330
465042537
304814646
448547888
62307730
46749330
28926769
-650552085
130371012
495213264
32435688
-158309232
-277980122
-281133314
341017866
9015508
-20647054
230138442
136453920
-92796930
624290457
-5614420
-144485397
158588410
-2298582
-479219520
-20262165
-1892388
-330851834
-595286960
339311500
42398200
-70755040
-437822385
611792808
-274610076
27033632
346464615
619410312
-24359355
-195595150
20723034
-37286796
206951100
-189409070
166506065
231664906
109464296
163691956
-37469075
-342453704
-189906634
-192723195
102324544
85155643
56525728
-11058710
-171151541
919244921
446457125
-1095682
-721730320
443427075
-295874443
417631158
-528461548
124474320
-29504127
-266830476
454506235
20225709
187106048
384119274
-633180548
34850046
33109519
713383735
-21090912
534508599
47902050
837193173
326588958
22049775
-8072229
-676719848
78382580
-32088266
-315881280
-18235120
156049806
-28154998
328884270
416808356
399181101
17680608
515573037
-201752678
8356200
-98330853
453544255
-345404210
110252584
202496000
-705794464
-117556840
479332584
-155252941
14193542
327451586
-608117529
-271274360
102542685
-81426852
-318490755
25791550
39220940
106506820
-579640410
521399837
-172750662
221741388
293974965
846415652
-181799992
104444999
-101462154
-285625334
164534412
93268675
-462133896
36977676
-136497900
139017843
-17917830
-68434860
29197350
121293956
56976100
-714366860
831290661
490128756
72337785
91758256
-16344105
-863766802
84277655
389066544
224591850
-170638830
220334100
-385618950
-16795290
26032510
-45480474
3230070
-120238650
-199935505
12659285
-367434830
70184389
-314204088
226998852
-193028044
-330658290
8940016
-288534532
-96015150
-246943510
-697422277
-709766460
-38608500
-371033649
-532757940
23134006
8416320
-678860
66179388
-494044464
39016832
882982720
75848431
-347988957
175636968
-593651088
70045150
-108040637
155510608
-454224750
-341007964
422162415
62017098
-58692576
-28398873
-2185722
43565708
148452606
122067665
307215687
-295567032
-4950802
6252064
-343408892
-223200548
-353529450
-22320584
-119845608
-291876276
-231114900
-8682187
-304320432
-168290100
417504442
-32426656
276458000
-96588800
967494474
129076740
85894200
246481186
324499730
12584405
9997605
-42867230
-520112517
188419364
-568655712
77617088
153147284
-479161867
520189390
-241057067
-631911540
-139667918
-140505497
-65268328
-37659492
208046461
-397708608
91377008
43813216
216944035
9664860
27444081
-32497200
-861889392
-465790834
441704235
282071720
175517700
178278555
-355695620
15778932
133540800
-14079428
-247131716
-235028034
-268402818
934073140
112475660
335889190
-110524704
-313078579
47380224
-29506260
40128660
35146968
512228862
-85041132
25237714
345189530
-713767320
-144436578
-13620304
101906928
-431880648
146829864
724973620
330476136
-594402000
197696448
-82716127
-270885825
94218977
-527039172
-120123244
978971770
-83588330
-131771268
172430940
5189283
153870210
93892480
190655469
-3970680
-5044653
-367452392
-13276500
377170304
-309653766
17451396
-647138251
334906266
-107502795
-336386108
-617877728
-640980736
248830092
181106100
559549747
52217436
-395459223
-42264060
-18120168
135979097
-299453138
263684675
93639964
-163572633
25929420
-16743496
-375757408
-126107674
-473774400
-190103150
-141942491
-835525620
367093650
609244628
407074520
93672465
-875187600
-228577250
-536189400
256944485
-321655400
-547184484
-398475360
-79200810
175339164
678427812
342110073
-113543599
-170991528
540506466
-344067920
-148518960
-143112354
-171141120
77155496
-140660208
239798604
249709836
-25697100
-696787992
682169103
158208180
398420904
-25146730
87404583
874082232
-139972006
11561256
-301328328
174119502
135636643
690229925
-885980226
356109096
-191827274
310340030
46820448
824764467
711027520
68199648
1882080
151235480
-121264208
126393792
-599167443
-917570022
-13952820
119826350
-152209232
-537688710
729139980
177603143
-323761452
119121618
-154602612
43376205
710430864
890525679
-279775890
36987072
-183097200
-322802361
176911410
-56715282
180495996
843316839
-21003720
671630130
-165284693
-316537962
-1028412880
-75916323
86813255
148050804
-355006212
-427382190
-562988580
127045100
-53625629
223917471
439718778
-10525882
97857136
693527418
525651768
277986516
-2555748
-274748805
-230979
-28269960
-446579474
769143921
-167869709
-75352092
-404261920
224931786
408037464
2188242
197129790
267054177
-468281328
405794096
-424829723
-11499129
-189419824
-772511958
85311776
57524196
717286800
477451632
-107182935
-71832304
126104640
-56962564
-733526608
703008650
501581498
-722032560
-574048180
111414195
-156417570
188180157
-323455493
886634896
127297566
108391618
-151968014
-456778088
3925889
-219194048
68222520
731700905
591918056
246216768
311233104
214536546
8981406
-295109304
356894904
-498697488
-67112030
-103866529
-12506332
-734064016
-139202877
-768795041
323977360
744470426
-7876458
292141479
295597863
-8122125
19009983
136770788
-123568759
71395290
-41817915
-239298203
50857032
387182588
-14000907
22529892
-48638100
624276074
143917018
161467320
-412444497
155235172
133108248
-55617772
-188990010
128821744
744945128
-137768685
-341918716
904834530
375308478
-27402760
85363320
17362543
-83535936
-896037135
687022329
385743192
-375696298
85643674
299221460
566937488
626280448
-169617360
119389776
-45043240
-182028210
147025470
25572664
49994382
-342277452
-17032322
29523628
298250848
-251489000
804870
33166848
-197341683
-222016616
-23015244
-74311182
89825198
101656920
171786924
-25158674
549204762
112367570
-459164436
-18536106
-330018956
-386395674
-145223840
312916071
831671022
142327563
-66364798
604589125
409276584
-86548924
249751062
-135481638
283921855
-45161490
77366768
-185376670
564465252
17768250
-46642644
-412467120
163443189
-6643584
243236350
365557906
-726067
-8593690
344145136
-29614158
701102192
-172244863
-166034976
-134135946
-647462510
182093610
-357367770
-403253004
-117497718
755135991
615259238
-507491064
240907383
123422411
-19460034
233438082
527782831
264273789
557433930
-76800339
-493516221
193529457
-134623658
318888300
96890050
-399548700
630272151
-184771832
-220437126
61726330
28578660
-5528006
702177400
-108647328
41834736
628236972
52297632
-142328615
-636390734
2759988
-224880900
731860066
-299216665
48122204
-79874022
161632658
-243112200
44368266
33143250
267469650
254062025
-195742099
-10604300
95103693
-283523021
178542364
-301905285
200119285
26978130
77671425
-485498853
56990234
-83341236
-228711160
18423279
218204154
-592846150
293953917
-807924940
-207329337
23454481
-202960021
-330205614
-374496688
-345288069
-7399014
-63234358
640243068
-886097664
-824295732
936533136
-27230806
513560438
20013726
-482826181
216521504
234960000
-31679424
-279360194
72791790
95562379
-111435468
-278032404
-87789520
32406243
-22557470
69538744
614899296
-106327693
-255771216
195271321
545749266
-180025672
176715371
618622524
219482748
-66341052
304199544
29959140
-198730761
-37700222
-70847615
527599764
-8274440
-984214266
-471683258
-15589717
42040350
305874702
275838015
57546870
-555969148
164398866
67373810
-21320292
11021738
118065360
226861344
-28976640
-207518556
-1020511522
-72002178
882580332
-104537815
-464217795
203135601
347456016
-258667360
-53488600
536200
58237794
-806393520
558025341
-82046613
-145123324
12201408
122999724
-298118932
-883808756
-194908976
142803154
-539922240
70063815
-301909375
13158684
921270680
-187095480
-255868184
-754758840
13311216
-22598548
-23365895
48602621
62006820
-18430931
-270773118
-80147136
-77132241
-205822255
28909835
240829050
88261936
-17626932
170700741
757424384
96372357
-149533788
517401974
89211558
-348843866
-198658356
231627287
-70946444
255068806
-281668199
-488829390
9782862
366507776
-149653980
-7167720
652719048
-49190198
-549195570
4728554
-33172135
236026220
70794486
340909568
767271890
265694800
306535736
335925210
20304362
-14048300
-537961090
-977170872
-689769930
1024221562
-412286315
81525079
303423705
925380550
-58201164
27956892
347476408
954036534
-369235612
-270151560
-202985602
13025688
-85285704
-615622995
-73254174
134696750
628234461
447482373
103154186
-100613827
-360066960
-382088280
-766345734
-66169220
-295008344
167824800
-424804333
-135754896
55111432
-38009756
-154883808
-120037934
339945320
-674776501
-108209101
-59409984
18310600
-378755762
169743114
-225513708
-333700185
-71996814
-592159788
49988430
-104136984
-383797062
665878290
177757546
356930283
-203876651
163121252
-548515098
-244573725
-229004737
-56465500
32113728
-168104878
-21975602
-566629840
162077956
41372400
-712016440
-638243172
-1049305608
-262784
-283069038
459542398
264323020
626842512
77163891
43329525
547970602
-115983296
-78871584
-569589892
109684828
425502156
243161055
697129615
172949172
-523352046
-453324024
25341288
-342782572
276835461
84412991
198869580
21320064
144583945
306626598
787401002
408323718
839379888
-347274560
-31375916
-62855331
-393812330
-110643136
-45880032
-339366622
394412166
277646170
-135831969
-47846375
-103486476
437974770
184639527
-405859944
365224545
240048109
613541240
60245081
31310820
12136830
-571160568
711159680
-6076968
980847888
-239238960
-904777664
-507382464
-503273620
-334502361
-57781776
36840080
79708928
-48739088
-19990005
232727418
258461775
-398137532
201287207
613927680
