1000
-192656725
-395105517
29039712
2876565
404631200
-246489056
8051175
-30098048
-364979852
-435959654
3811740
69713264
423606625
9030700
312674760
107036377
-1011694922
729084650
49657374
165739888
149492860
188792946
-569514120
200734125
114312283
-95225494
-681685470
23715119
-551132704
-90015000
-56032570
633162354
342167940
-240189950
300147056
-582020115
-475370613
78716124
557938260
425002792
-417030196
75474992
-141031913
-131523680
509949952
269357232
530551436
-97513440
160477170
463252862
-103756290
-367433046
-84183882
-9657137
42118488
-464741596
144703525
22956120
88750205
-44653968
-17907652
95292218
575584306
-381317235
-926667920
-857498886
-796587044
369452490
-71254368
-406931712
-5326440
98720190
411020490
-438752556
-154767148
-613020995
-224180400
161200152
-388176834
-23776319
-165122496
-631310208
12826781
-54300792
419990418
-654580608
-46286920
202465704
935965368
-133979619
344492541
222241382
736988953
-193268154
164595608
12478575
-373126824
-42559548
-21094795
559585086
-18821132
-271563712
-516628875
-138840072
235755872
-689575264
402763080
595067040
239916820
182170065
111352230
-21014838
467140410
182309680
-648853810
178944104
-336064328
-19793574
-545155864
-402909584
56856276
245932336
-498335112
36602920
-497786740
-273143300
-654567384
399317892
-153080928
14177723
-515908389
-277676720
-653500850
236478550
634015332
-285834136
14002389
587340045
-320256340
370538352
-22491051
-546611965
-121356129
-185013200
95890000
144207030
-52684800
84047184
89411160
142717410
-15133635
-319997321
-562799688
61083860
-95274392
-646325568
290331600
726550839
-53670672
171351690
14542992
-348037470
19633819
-366716020
461771014
-902879368
-159029400
-217310830
-302795550
-205197440
-11840004
101438370
-54284230
28920806
404149596
320992370
7580602
303604756
-557944462
-689854908
739398000
242889771
-432282102
328652800
281705355
366563340
68791255
45700473
10113327
124209600
359918314
401409350
297309152
156817377
76129383
-301845555
-419341676
41488075
540792
-465174424
-49679784
66622500
515232278
11419182
503908812
17387080
-227754990
570765950
293143984
-877691586
-142264890
-36994026
48468512
-63794381
-407834990
-364890174
-213167673
224204772
-130758925
-121557780
221817836
-272894648
-79503543
-206550630
-149636565
-21531295
-98808662
85371816
223253823
180359700
-14288956
170637852
624549792
-204353720
11185728
251231544
817423326
375539712
-6289008
95366205
-198455178
-327843234
-641075248
-86254776
-39076070
262795996
-74499126
407516256
-605007656
258864059
288731464
977204158
173863296
1529052
-137816824
-61471948
117969283
48564076
-258484171
13916056
910231775
84432449
-34533180
-147785406
-415737719
-267071403
-36070398
538919680
-218770500
706628494
-243379574
78657424
-595855309
-817417734
325866210
-26282321
8807095
-306533322
280622027
358020681
-106126459
-355808961
-83381166
-54746055
518045502
59737220
-578732856
697061046
319643703
-176794622
259902210
535800534
217196105
382890173
8574885
681774165
-714158310
-66545808
11327202
303246495
526926473
-82565274
-52721038
114452199
-458006178
25010384
11059025
168946722
-86721266
-599666132
-24373844
-291346425
-364841730
-389934090
-69983508
580431875
-910262185
266785761
-20153376
723710166
-237308786
-1593537
-2546700
189371364
4963134
-38854060
254142680
-372481284
-132228635
2069393
-62060070
300951970
-777243480
-92484600
-271694017
276215259
10482256
-81823560
-60938535
93788364
53267522
-158084274
180452841
-808715190
329376883
-398089391
-512221025
-493297772
81949275
-92122125
-170981163
-361422567
4526199
-62760600
-65715984
305617466
862741629
-103932394
162892320
40825800
-697781898
-366769000
397615179
22033080
645874398
38062701
-132255112
415520742
339205640
-309139424
-803824854
273827505
127726740
40400748
-561593760
-169310064
-235485432
500569212
-34374781
264841566
15807181
-330534288
93333168
-59175704
17919552
-155366400
226779072
-308637345
-418918092
-687426556
18412850
-256143225
-149986956
33749100
300000151
-121015020
152719398
-801506150
220116296
-884578283
452068944
-396410450
-32763269
501087951
41450940
-162301580
3103331
-161738013
262950808
-52957344
-144114750
227892632
601339982
1807996
470372210
-36347542
-319398208
486639465
91193148
169846448
331840470
-51504759
-34489820
-376211584
-66615838
-726257475
334776960
-215801662
271425609
-655686680
454695484
213325596
-179614182
672801735
16681896
41176059
84978686
447519532
80268678
126276357
16850400
-188022225
34372500
-3743850
282752360
-111497031
-31961221
-267762341
335283480
856301796
-271856231
266745150
322343845
643802500
-136356146
15790500
-166173331
-668500926
363685648
-25633608
180220392
529982860
-542368684
-2277250
-201423384
351839766
733941769
171001940
-255489400
386792840
-618572915
103425806
-581939152
-260276940
102652489
147987896
516776764
346384500
33134598
322525152
475682016
-70788270
366272226
370813600
-502259688
-21415328
234597120
-179725662
-155603225
11890770
60901741
193426740
44088835
192621312
169334945
-345122064
-62439966
263103750
-613542732
-152968245
-324413913
-228163395
-19163780
246259445
156989065
167737200
-16565682
206676192
-161219916
25232058
-304038462
-194932508
-308850180
-177351780
170064720
768216859
1025060434
-173017638
-206786430
518972588
-539016960
-183845976
152019947
190796788
-676176774
531436745
137301440
752431400
-14073462
108175616
-254987370
-181362740
-2178768
575654362
-57698711
421403701
202057856
-883584
-159839008
-428544823
15243019
150649632
-22329760
229662256
-183107778
73215502
-898362747
200272254
328642688
-27152924
331966314
527778552
-872236167
-78653793
58327070
-307659426
-50388318
459419994
-531056055
415727190
324868960
857323596
-13805164
-279069966
271816400
-148518936
-666223334
518603800
-148756238
544584290
-13172930
-45835450
-222621696
-50215956
161401875
-922171812
-604000782
-231781949
-242750088
-523196605
-51783825
-78778958
79902488
-159867064
-41083960
87962725
227812662
-5905578
16797669
-298249756
-818282820
-99783252
-107103759
-301454272
161613732
4807872
314839252
-92712448
339884468
476486290
-475981266
49147250
38708404
-76679120
-861216928
635342520
557160740
98707575
57391821
516278241
252593336
-48911280
231566208
509044448
-738778
448266240
-449280000
23403033
144505320
226269964
538023360
-87622138
-386138595
-245523408
116758890
298593035
516883054
294473590
125839062
-394082326
-762336848
758951508
-711029481
-91153328
218841511
137095875
-193249353
-108303990
440447034
-643278336
-62022100
135775158
-274276997
248816827
-295425388
225904863
-144947880
-355336670
-185457504
814338021
866576016
-312042497
39749230
723176528
-135283456
180623086
392187176
-463228260
-236758978
-5452164
-149572800
265186818
-622429272
-24443833
-16516908
-243172260
-91259242
379875402
72770370
-118806929
428959404
-35431200
-226904409
300586719
89879216
69484032
-273815986
103219000
-403056810
-153730548
-119069433
945299674
244656102
68853321
-212550568
-186671368
-150204560
-466682680
102798728
394942581
-782697740
-92367354
800700576
-72580620
672706944
-63363460
-566560320
-350484750
-291537144
454517382
106354340
308059732
190051480
-107305200
525197552
644799528
-402262143
-259353288
-615828567
222839425
-209263625
777367728
30227771
-333399000
617282688
331718190
-101455497
-33597226
-191909124
55637448
593605987
435561878
-419914588
280344348
-52585920
68371182
103863816
-626545628
-558556012
289361574
-21439925
6487322
-873024294
2234099
-272172125
-139321920
69546480
76075869
-308233344
-628355088
-1819476
-128302848
-162821675
-1064928292
-347277624
121281264
-41993490
-64948120
90959460
40194880
295201780
392928036
53812790
-718741500
-132550308
-873004028
167523496
491277807
-950070291
-8551200
224273362
92182725
-16127640
507402866
657076448
370509263
-371176960
242843238
68384004
113138304
-97479975
310761
-923842072
283134720
43783860
159531750
306514464
63339255
145472000
8772192
16144620
110582298
-7616660
58096531
757160976
98354880
-31060760
-44803160
120921408
249758212
-14699762
432578001
-340706980
537588602
-81360240
285318719
100200364
69296544
282935464
140440911
-19247745
198762420
-65914044
-42912160
466586990
-171152288
10001200
-5303408
246248100
42705408
-584489678
-515637926
606859
137468280
402004367
649158726
-292345716
-45191594
49897456
196460560
200224362
-700831703
22061077
311178496
109344297
580184779
271390065
118121160
45953888
519407244
-37016273
-313846218
-795657509
-383541424
-46668776
71631978
217184770
-151694514
-32750396
194925027
114792500
-127749345
104000148
-141790684
25569544
68488920
-437589180
81938688
-168571305
363248520
56982585
-160318620
519095280
450581265
196012278
-98242004
-41060558
88700886
-36219744
283456980
45097976
21414432
-52297856
-29075922
-289678284
259718550
29623420
-109510520
-471459198
36653546
297972360
-746768478
33982991
30189060
781077506
69214208
43025634
-11817036
71019000
-501150510
133515552
171295897
134852608
253054316
-894601539
170811135
471989986
290599243
276474660
-55977432
574086088
130972368
154350909
-94513568
742414150
-121433880
99609272
-181556958
566155964
194194854
-403345908
-86786186
169114750
656495847
-423577583
120854052
-512212689
-32531910
-145621696
3785759
63658704
428555244
191491200
132969540
286314326
-61722750
17364667
108525598
-100028830
-146145837
114182464
188713244
-248318672
-222432026
-24688665
-428148310
157073010
-286445973
188061768
-806010456
-3545105
-317674851
-173374858
67659088
-1975240
-442952875
-31110484
-187845040
-278808075
26654828
351682240
63391406
-947827080
-709351258
113052888
501673912
707053332
409007794
-106015832
-283504053
-598642408
-350407056
-311260400
65895170
-150070330
-252171936
478068962
-335440288
-891130296
75361156
125620350
48435955
-923519215
135717224
-91763056
249459035
-171645005
-937795705
-59802040
70148598
-705985308
157397548
-9876573
172032905
-421515342
-54922332
20602910
277548882
-127966747
-271080050
-159871126
439195911
160051970
479756464
-327079642
427542885
160577676
-439514975
10236880
-181690375
-14505744
77780500
-115840452
62276592
-161518518
-219695250
601111852
887166956
320246082
112333500
