1000
147705670
-85550160
644888880
656492034
132983328
-775381684
-576483192
-347730092
-222651500
1863063
454247136
-318891412
-138199180
2276043
-301473900
278077320
-265737360
25814832
77740405
-719704856
-162415872
62448675
-1537868
72365147
336719573
12417240
87647920
552643400
474065096
-245744756
-381216570
14805285
-6394715
-703300150
17489898
168106608
-765074128
13843153
118398016
-21473996
-97206522
907309620
-48529159
-113588368
966586644
54460952
361705164
-134715490
-397558766
-21671324
-55442899
-383363520
141792408
-81143775
-1456530
173155220
-136071096
79109236
-453211510
896256064
-5985980
-233814639
166073745
-73366455
327641472
17911112
549243600
217526680
-7090440
381259942
-676507464
510830670
82957882
-10846152
35767488
421827
-191140944
882273055
368404062
-210436424
-540465651
5025522
39436950
-452956856
-282002074
-19512590
-431463456
-843901131
-90710275
-493705251
-641824288
181129200
-302564570
-394603625
50727348
290168646
-175001840
-316695234
568587576
73763665
-438028599
-6464403
-42929792
1993035
-8080048
47264061
-618704324
-336781117
-139125834
56236722
-639638036
233632275
-294923485
303229143
-820501056
-91233246
7176202
13443200
-987138086
752774880
478301244
-729262629
15679800
316119700
-663110960
587749424
-69019005
696801100
63387135
152963745
60338106
197976065
-407130040
-147335124
684811725
284609862
-13864515
73831571
97769776
99035733
-143967096
-468960102
395959291
505887231
-60297222
339605055
394511742
-179114120
-247754794
205917189
364531812
-181758577
-412741600
-129730832
-118900143
-49888797
-29771898
-496348776
255005840
-344551264
-18721875
-469868528
351092952
280069896
48167385
-22012128
17596324
213872778
554749372
355709648
383034960
254353109
682644942
68208315
-437993490
88049765
-30294090
-53873050
-247220290
-55201980
-802477233
57497506
-149684664
-152320905
-285696288
271210452
310242580
-230893119
142693060
-447767784
-57801400
-485235380
724084242
-33689232
265494704
1012373978
-428843832
-247830286
93379859
-171123816
-220294035
-154901916
-48964500
-82645994
-111965000
12808460
6258772
406770528
597431429
835691868
299681536
295210396
-336946464
-23501765
6652800
32430675
70352882
-148923342
-746233620
125179179
-63033180
-154492260
98852964
-43675400
-77774433
815624054
262625334
138946104
138981794
355970340
293821625
278312328
-36467134
-614915523
805557060
-988547605
95867217
548460640
-265488609
72062340
-188851054
167879250
-698363270
51218554
-79866474
-782888386
-289674476
463082184
-192743166
-327591226
-476970384
323747010
251246592
-340155060
3100590
208697580
-201690948
-342780910
-318912462
-327143904
221824960
852932262
363061920
-387167445
44182098
-108657134
-579498140
-43847223
-831123822
-243091854
-133198436
234769694
-122100188
88561764
-107161393
509699826
36429050
39210189
183453303
-1029490
-402466857
-369761616
162400544
-385681232
339931200
109513943
-186017965
-424443250
-69583594
-383912192
272792253
-828947115
274873888
-112524610
412135131
129234732
-150416294
5290190
349888683
266477315
-78759096
4281660
220079850
197081280
52123183
-73175272
-74696194
-150299856
-698537547
-246127863
319659635
-488821944
129381240
407010686
-427273856
165164552
-436951186
-173213391
-374487812
-197214141
53110038
-62123664
18796470
12102525
2068902
-118060320
-112446021
8718259
-14693210
-8770560
70523145
165154556
-36015616
366221264
182342370
140561928
197267472
-31185352
-83732544
-54010158
44225610
171973596
-395270941
745440243
-292823400
-7869340
71939317
102920315
902673991
-803777176
-455529555
53050228
109177952
53950752
-879170817
516050676
536554130
183942020
331533204
534684735
305180088
-986597920
-261060828
78657865
-51409308
398077488
52301340
48569008
27486900
-315038430
-449490885
93158736
305826794
428412060
-33139800
-252022700
3098650
-217473960
-87754542
-126904779
548384004
-525296178
-235119305
952033093
-630987240
-126510632
424047530
-32113040
-174548932
-55146546
-271722667
1071705
-245931082
-192443828
24987410
293278608
494929760
505460130
-474603216
-174380928
-148950768
224497440
96874284
279452082
408722401
260764227
-560730712
19703010
105320814
593500824
-6386644
70719712
-153919959
181788637
105287182
482433902
148562400
-555955200
-378862152
-12395712
93955500
-517635727
49408065
-432003660
114540382
419985058
-412246268
-176366464
-790838340
-165802360
-250547696
-428930593
143410176
-439091232
56600082
-390564121
628299076
-58054128
929126684
53014080
539388125
-91756200
477531106
-298332745
581805920
-67525544
52365083
403362512
60244718
229158420
75542702
355997025
235477317
-301276665
-126840120
-335441952
38925700
-907219576
214594677
-14099883
392164864
355436256
404938306
4687121
-360529535
-119139417
-24465950
131709871
-44102820
4738244
155163060
102433770
127952000
-287724336
32529360
70923671
-313974864
133858077
-514972173
-960295110
-587742300
-869660930
302788530
-75222027
-66083892
-528998355
-152572244
68885712
28351980
-122744120
209562258
-191704890
-35974991
222674213
-100179628
233651873
-939689760
-232353647
253829048
-103098312
694918500
277449960
-9683874
113696509
-676280628
-25856000
496160301
-10277475
-295280824
295794432
198896180
183398927
236830977
-93027336
-159929436
91392489
-611896788
239092654
-65941584
11855628
106541535
180822453
-661450640
348334252
-173786526
36510705
348536940
-416352768
-3485742
125743772
-961983045
-252464652
-378418222
77946990
689803323
219493901
-241772670
18727906
220632000
213116904
-486264480
-83265182
-457005900
-223537818
10911752
-501285918
-358944539
-42273162
311812320
-420799775
-261877040
-362740434
-33503400
-91261523
-47381487
668545088
-19938270
-131189220
-506388894
-20597018
-536844840
96602888
807719440
584256352
-95625048
29752110
-418330880
705358792
-3858012
291981637
777195000
-192742920
-569621616
-90249447
-509919265
495546600
-169342632
40840800
610490854
624114470
197915508
-62500500
-475459260
-25048452
-198733296
-34159970
-57160978
53687904
442636020
578427388
-13371968
889977924
-370606684
245630619
144775200
-127114048
101266782
-116516403
208614318
218835936
67513860
617480668
-62588740
-576263763
46749592
-317308480
211609125
249983792
191308596
-1000524876
-23844037
-506529348
-28047201
-281934130
-24011084
138021795
-452271608
-248667980
-883418616
633595869
-6861000
-33032034
252109440
66716330
13017090
-861429030
-143437251
620431480
-21993238
207360142
-59651602
-561045900
-54192688
302758518
217523520
501965840
-28412475
230719266
285856125
-247067791
113239107
-230242812
-737407731
203873280
-49218133
-41326206
317586624
420847986
199446840
558709776
-740482848
-266205468
160032726
-233823903
306316605
93242608
-113850312
235410560
267599862
-21383928
-246727127
636067920
-440336350
-494750880
247271076
-386753584
-149611652
-535338128
52762068
-259107576
171447399
147611548
-166503612
426822464
11772585
-177221072
238486875
60089574
28244480
226834164
75729510
-42850220
442156038
-13769413
-74421951
92797452
240772978
406680640
335416774
277401168
-119308104
-132828176
440732705
423662344
-367211648
-376828290
-185363772
-61435456
126347085
-339449682
10382400
-180949852
160427960
-111008691
317487886
-833059570
119927977
561181784
99224505
219021550
-283834968
168369678
12398400
-428165570
605572368
-227812620
-223486728
555783424
139160898
-430947968
-19482272
12455310
9579914
65051693
-485306463
-198481326
-173276496
-264411945
343421395
-235541088
-669318606
613749692
302731497
184011008
70710640
-461354492
62487084
223898652
-224377194
-304936500
12722067
361428318
99939284
107866600
-66674475
379974144
98727390
281362388
-244962860
23507750
-270759339
71265936
294368594
-113944986
460849050
-63146850
820330722
566427329
-691954758
245384730
-16933506
185394552
473899089
57693384
46200
868251210
-311724038
413688625
-305516544
-259212718
190089309
-295608492
-182669624
63579681
151019296
253541568
-53278317
-290828240
218356160
-374952408
83860756
-22115328
-233468127
-676573219
-719340146
302649072
-866777825
-152174010
64854306
12454479
-721617550
375185980
144505704
-487429662
-128750688
-258692086
-565681110
-52043020
-132744500
21776888
-407978532
-9166417
-129293714
141206740
233131570
-143574768
-53132807
300556854
-86828400
47661943
313328100
-105628191
143714375
-32419420
220117797
452628555
-154111364
193898241
262828044
459544440
473822487
714275500
87199310
9020288
227928535
-30378078
26923768
-323311100
-102985398
401011927
818489088
-119384380
-98258902
-33738477
37487750
-137550212
-42209670
187572544
-781143710
689842224
82296143
-177684496
-515609663
469328769
-876752532
279672540
-679954242
304983952
-238087822
-16834390
-47062366
-5764968
435624322
518868602
-171562440
70034598
474955412
656360170
-49853136
-118172992
-240165816
-666467571
-65328570
262615455
160552028
-139781502
-15724926
-22670320
-206324800
-379419714
-783467010
79729959
259621040
-99456159
-151808594
-549399305
-171695253
-573273932
79155144
90007812
-75524300
667140983
28803024
-91943810
-109478494
-104204855
135279900
-231433776
-49664758
-6479734
526142628
-442960633
44334816
533734872
86012585
-467956500
-188790056
-115877979
212249025
-107606202
184408380
-395677695
-544452992
-599008588
255533834
-250170400
-166829692
389371374
66395784
334570124
-113619372
757715934
-16136616
375241976
89388540
-146251875
113037708
83125000
-430213652
-251232877
-802948744
426773614
-674057440
-127234223
23625252
-182934612
142508184
-62929926
-367409000
122868384
99451538
168360776
89424867
915504466
-24957849
-288800106
9936705
-504461380
-641293092
140461804
902989553
46265608
-142667812
-372083316
-145294560
496490797
-207361658
131695008
-280751504
543310173
468451715
-203004200
-18763
-241180155
-54985216
240026927
190317044
-171416980
-141547730
-12155748
440571138
819699790
500814748
4892700
-123895980
-918968670
-471212800
52203393
28064960
-562946570
-100085760
-44915385
640063653
208224675
187990780
-163841020
173144790
-100753100
-508871260
43579680
-444464300
649604092
-92930541
-16760940
-69536304
-783111446
-201385720
270915648
120201330
558002291
-20843908
-697787277
105221688
224907628
-877399512
210585516
173543721
185263528
256119192
19836144
