1000
-310170252
-114405
335240924
118831645
-11996675
112762872
-141546156
5123038
628797105
177905266
-136174739
-51750875
-798592074
-389963731
-91060661
41235336
50840123
-204851187
200006056
150815912
-61252122
543491550
411021504
46699476
-31699096
100692654
95561037
114236935
-534247738
-142139283
101119230
-51741144
706704840
9814321
99966280
-239118650
522986255
-286226922
132534000
254816640
-649885728
-9487046
-25138968
452676216
-94748060
549259628
-752727012
-146443752
-693663266
-76229780
414830472
-403678824
347415
806430780
-22810764
94819600
-353021790
-13795332
544337719
-71117900
-4385852
323352432
-217039074
-142298576
-386924650
185502220
389823147
-110902068
-181010165
699550476
507334179
364411766
313476898
-110003850
670904448
-377126878
-539139750
443354832
-9081639
932014125
-205855830
366502844
-41240385
-892181675
30759714
-98309133
220701455
-214458000
320160075
-385438720
-89531208
-185606940
-618905570
487965216
250758036
-496663225
-104448750
391386735
4337280
81025504
-288214255
197197327
238197630
125019874
-442042510
-543255823
-142895808
72329400
-85332696
76542700
-162729017
5905120
-665215092
-534983652
-107806250
33333074
-151407815
276233634
-43651264
228569568
-70711918
-220432060
-11035224
-103315520
207756612
189819143
146803250
74803832
178334725
-226394550
-90714358
277679560
-477448425
212584435
3872620
-475963950
-2563368
126692091
-88422030
-117231601
324233028
-647863496
1233180
-380020812
-36252807
-1002835631
-675759716
26581260
17540040
-751426192
386489824
-392285540
119555744
172460106
-222269373
-681105612
-773049343
-509945040
70536219
237539130
218882599
639717309
-942824556
-391149854
-473489072
-2507109
532931400
-405519444
-126083309
-2921268
63555108
-879070860
-366260706
113421002
17818331
176098510
-308259
61731264
201145378
-341645436
-505331596
-95591674
-601152115
-254066065
1506118
2140104
-340743212
-31412832
68587580
-1788408
-420340752
-119115014
39173984
201054078
441633881
47958753
594303486
553802073
-265893125
-122889690
-7641150
340750224
-3348016
93698928
-28264908
16140894
-7197589
-111921795
-17776286
-191719024
-17522308
437979040
-312514395
89957018
-28267175
10369436
70976088
311508960
-186849710
-8661436
344889844
26855360
87152400
-554140080
-597702660
36820980
-131279568
-54639122
-135002456
335073812
100598076
-141669840
170279040
-401377437
128511064
43571822
131731884
403921167
85065820
64853560
-92749800
-144216520
75597354
-705081300
-359455920
-711285674
534430517
274271580
524199184
63592716
195973414
-172176702
-79431678
466783408
-177656500
290002320
-3513060
-399270240
278097380
-159350450
160340829
352399148
38190480
-831761829
80496325
432451500
-694736133
-36203760
519142769
16969808
-516166882
-158383092
267241544
-191903867
-350904240
91203705
-150290
723258081
7552980
-722700180
-92853760
-151465379
-685477673
-125918294
19112002
-82863968
429432390
232669744
-225803564
-402629318
-58465184
132440089
-16341960
50189340
-116553435
574780758
28906620
-168047472
-84931200
204416726
-89614152
-19612030
-321952681
377941680
-254164392
7183612
46914810
-157844377
87036460
-505093182
-125245182
-463973692
-83574909
-42935676
222966192
-47025366
105299159
483305130
73431287
-340984624
577677195
-105665200
-54203840
-207361480
-255850022
-166731994
-72838974
-311094336
-328655402
-460592740
75580630
-77184664
-93206196
48768399
467994053
197304012
-433658055
-105908706
-416317290
132675672
-663994240
488546928
-141054420
-581004648
-67122175
-300644640
-403692842
176843296
-29548640
2293416
-282011301
-178305600
33451108
114929740
384873284
410787146
-219874835
37311600
702812595
27126684
247216512
25719690
42411804
451861252
581138140
977930261
711411085
53998540
-624148092
-22035983
-121051112
-181965351
54384802
25079284
-120239336
-238680863
101720362
66975356
-100058205
320900300
112450164
85514246
-231380890
106738317
759703060
-487160999
-464153756
322384680
15652102
371138820
92564784
419775780
-416033134
-263403635
-445680928
18859904
81908613
657527134
86499827
4563564
-365351744
287667291
10025152
343629636
254230592
-6624288
229003740
301827274
247167525
713347812
300007161
-60472038
580180205
310672076
-17107468
-436406850
-82847884
-15702608
173351268
-597494016
114903201
492639809
-25131120
-25271900
294832620
5180625
568103550
-389566364
-442252440
257144218
577349214
-398812480
-111472647
-109728356
823817500
-517829800
147105120
-68835518
-9521654
-79844056
814148202
253386408
233424576
-647201115
-221643702
-74425512
-58075516
153430149
-2867733
-410500350
-630532564
42472504
88481295
-341307120
-169682247
-17855577
-627816574
-129232630
425753493
-710137296
-58799832
-100076867
351947862
-56783160
-140116438
898696179
-195249536
356142501
198292704
4200894
67690168
204615586
-202373424
169345488
-12869952
51242886
-27768096
11472561
653796080
-53436735
-275514750
16440186
-236531655
-51137372
-118019772
196337001
328758144
190251737
242358750
-938162635
-86192960
139922674
-245718330
-17773792
-134181086
145896291
5162802
-408396735
123349437
523825224
-357525267
-484060994
-62210626
-20787994
-274046720
-810557164
158586730
712420276
367153608
370787760
78792120
725655309
-309307374
-83152620
382070818
-300819324
-856431270
94651570
544083068
553803291
-863518500
-3242548
-213221914
40940250
180621686
-166618992
-457040
109170825
-989368
-125233803
-416631544
-50537853
98335940
-269297982
-97619886
365427898
-692867007
-41386695
233374162
-22821750
435036096
134438065
-23709504
-517385396
235168630
-11347855
391591838
699598757
-96671075
355333625
-21675828
-148268498
-46690215
-135383352
11164406
409042428
-435910830
-215800836
12276508
-105355104
-815005474
-97943450
162542406
108727607
-283276301
-145196505
1236100
-60318690
556257540
-504586224
-197304040
-266419881
-26330075
138774675
341650552
138693492
-237376557
351181710
73282375
-128272990
-368304996
160888371
-859149072
-88499390
-715883760
-40401060
-138912212
-325210032
1503013
735166678
-448339200
-603553504
152904972
697898025
820512662
252478311
110332640
61328
364771214
368120936
78906240
325743375
-510441390
510489096
-31638798
-172067324
-196792050
-18074961
14333166
-87725885
-24931445
-817344853
684475479
-217156211
445278528
293653380
97819234
387509204
-71532026
-452125992
-28865759
-63742464
223011609
-5169072
388589994
-73817320
597736504
423883836
245460297
288780420
65556193
-169823305
-255075408
-276284552
51455715
-46150689
759872969
-238936010
357946329
-132172306
178172960
-11023203
-67603510
-82540096
-273305340
366955113
-241490718
-161056597
913012880
23117404
226618074
-37339560
-480806689
-420484536
458502202
-135360720
13241752
286740135
437761896
-10694041
411096180
-148725863
410212686
-30856294
387049116
-47975004
-69642965
8723156
39562740
774806344
66337509
105532182
-545614677
-53689878
116805954
269365082
494660628
118854021
-308363456
131156950
-163435835
89310960
711511680
-346849016
-174542739
-627306975
-370719702
163742394
-9363899
-11675862
326435949
-39918144
-151061528
604735788
-472050720
8873676
851722487
-228442560
19289886
-755354401
-100336868
-88320582
-475714510
17900987
116132919
683460993
388233
80426808
-158532640
34348026
484758376
133042168
321438600
-238188090
-399493506
-6102810
367097328
-420834608
-11946240
-29327718
-847040085
14752976
-200883000
-75840570
-236158572
-73788159
-213480960
1004391300
396009096
-48068937
-52752240
658598252
-18205971
-151013562
-241618080
-14558952
528752115
-65830854
-924339325
170422582
-423070398
240330324
1902264
410569464
520770
680052464
409619221
-69703227
156393880
27252659
-387713313
284216902
-37802530
104213802
-588461312
-88282326
318074304
-43585752
200364975
-33206004
-626468214
438734324
-277637132
-41713490
106367670
-198943744
-106668184
-818260320
-10211408
-565437870
63236382
159790752
295532900
-195425208
314218216
222205880
224841024
53649440
-90505228
-570790476
-407511228
95251545
-4453596
-406665756
29491316
143131651
292603161
88513425
971922240
-66984055
-12071358
-310990366
-160905640
45576584
-541919118
523390812
-56579205
305119794
5494874
876823970
283810131
193340576
39320148
147648860
357017752
-144499432
79050288
496050100
-162639000
34414406
852315266
-231658128
-305294336
-337835631
533037400
-24674163
7601040
-91440969
546056454
262566652
-306582648
18384597
710970182
422030910
7205940
-283135840
-144527868
756619938
-232125855
153389280
315020700
56123404
251591340
-157639815
-689117128
88684800
-245379556
-278997972
529814313
-189715992
-6811265
-107685362
463987056
397092293
1183606
384422082
50695988
-277339452
40909176
365576704
116190000
759712014
-762540695
-16943300
546665196
647593888
-552016180
262844820
-10031616
-1259272
-144744370
-843524480
-199169376
-272635891
-11352600
-64795510
-164557800
46996956
449690676
-249946186
30911872
5189603
44283000
-40197555
145755744
261779100
96553296
748084197
-42478413
-343734288
-199278966
-663035872
-533444352
-403797536
184574264
-309196170
-339438099
851325336
-149325170
677222953
352143832
186263550
-25510982
110974220
323435967
347297544
315378356
-48482896
605599556
110675374
-154320080
460347187
-1869951
-348259146
-368112672
-121902614
295539968
30614220
-109542400
37659728
196148920
335700178
-115944540
88904419
-12154808
-217397748
346541250
-365192654
-145503998
362441088
781395693
334825650
116478830
74432760
-16175408
-223077375
-562471424
-14028133
124171910
502420412
-54137749
419436575
-424366257
-249895000
339586047
-803855696
-161417740
249564230
604333421
-836791120
-19468722
-54741755
-169839852
221251770
-296630598
267635896
794898750
-2406480
-197590440
-55923226
-234593274
-8354359
-97618080
-111959768
-65180361
-143582328
250408835
-353231594
326332305
-15632400
-44746110
-70017264
-412546800
130380404
-178203896
-482141012
-968487534
39327946
124979378
-103781496
464940866
-281395764
303711960
-506971656
394788096
-173090722
746131434
-705160127
290248516
-157371940
159236430
240540460
-451582560
34816962
-218874577
-53820054
-57073632
-3050359
-26819694
-60753431
-103246182
-9699300
437352848
-139634124
839900784
-114599700
110431860
-559860864
89093336
235992911
