1000
102518198
212606235
361556694
-196521520
171036495
-307658253
-304699290
-699494934
8385060
14352390
65317340
436845264
-172900764
166596198
-823189056
55305200
-107540475
37993050
633178703
-360785240
-341150400
-18299346
634646960
297799176
-301450872
498488800
-520208612
-51826384
626037234
41818040
387655268
188742065
267167198
-287761672
572299113
78616434
394025471
206938424
707813920
358044616
-196582686
-445981236
-306265600
224752572
-281461550
-24447752
33876288
241183584
865622689
-207153480
85796928
-374339607
84095808
32500872
-635130280
-505499148
37894660
-366775749
434502762
-225490188
151189404
49849500
123869270
-19988350
796557840
139884435
-270618920
-309273852
-570129644
-102577419
-68823752
-26225400
-295346370
-356085780
-127149786
61677939
322430705
521963784
-352940409
602502726
275158646
55203138
-50041145
-495677809
392770710
-141118566
-255687696
-76221352
-193555040
525618707
-197260254
31684618
101876775
-146610308
127142673
-55172257
-196760006
142864722
242233888
767721880
-14101704
-613918266
-381182466
504954
-87234315
-86881626
144233546
-76991520
159284853
157138110
132133200
-2993466
166510650
-29162879
-218602142
-6336369
843188275
306048537
77187924
-663868413
575548780
-403341732
229290174
182171752
9358976
11702176
-16240026
-785216970
-519370800
5588445
490539063
-293410074
-147598110
505531425
33327861
375767832
-166236057
90401265
3645486
-171757120
-78515248
136438902
42534912
10244724
-16004801
-176880670
-365838055
-188926360
73752220
965124675
893374215
-26401460
-86970510
-332543736
-183809995
180453329
-775069289
-977453874
-60381376
-96158601
122005476
-33829820
-449912715
400559783
23304744
580508341
225003907
-643591959
-78116832
-750407608
232332720
-3786894
-850510416
407486032
62410610
-131197941
-78110976
-483340533
-515041800
-620443551
-71126090
-260449889
289912040
-24300675
140810683
169457228
-355916440
124783009
82247688
-805243800
250346230
3879929
-114651747
-15061130
-53906972
-22309299
-445328223
-128908220
198600444
-205938612
-18217242
-92080286
178028061
-236798700
-516053824
-15799212
-9043812
488777058
153763776
-2413362
-126157874
-579888846
51409087
438065739
219725542
-3918079
-507271936
-6072759
334116992
-174474326
618171060
-368948450
-675877376
-775386703
-176710410
-334778306
546268198
489522432
206562004
-173167288
-184082720
175761619
-148699985
82124076
13720071
-115307720
201958515
-39966472
194482723
-582418382
-51086451
-32476059
269982408
-67025280
230203392
175087380
575876004
-38870160
415365797
-9113881
-499008276
-163557320
-6275675
232992480
981379800
36119952
-218328576
199303665
-340860176
-131664125
135369627
-61305810
-631074834
125636392
-731011848
-7531975
-146260500
-639176720
-4008804
-206310080
310346316
43339050
-648771528
290404350
65774610
93263488
-45708095
106947706
-139618310
69300815
-27461434
-75832308
633627668
-157546575
-933368904
-51175665
-216875316
84177885
-35198855
-111589420
61679744
-98026874
-247396801
59634375
45523560
262036893
-600882516
65273330
-407637124
-273330303
162443646
-329568408
402497055
240765900
147545340
832108480
-302515578
429982890
-1020161575
-66468183
477272114
-132663744
387454585
700005600
-10627085
-163162363
524198896
81464500
-284239725
-391738656
-76341560
-390318048
-278314120
320300982
-54228144
91011276
112780024
440374725
-203595768
-539127248
-89525360
-76972518
-87668847
755263548
-321722973
-115319364
-144280649
616031500
-37941211
725137244
-897114792
61196288
-361061668
24475902
-219242088
190302359
-31248720
372057790
57877050
695047023
-542106404
77743296
-4223604
-80595032
-132519384
235020291
31080324
324514668
-248219505
-33861694
-220419966
-347141100
-6333376
-222468400
-696484620
-61455609
3310748
-334709823
-98148547
219856104
-23432850
-261936290
676907010
187870749
371060794
100578350
397320022
250631280
9753172
584653000
-535837071
-65333120
-231955
-186102398
-95096808
118716752
47943890
-40509581
-132023760
49332512
-211025792
30486845
-192795732
-19088688
-4484698
-65924315
-162794115
-303599648
-151949616
42459136
191116800
285110247
143514960
-251221824
-243657216
791399756
-448880136
-90738681
-679061600
-994582443
-143807400
70432564
388169012
90931720
-24826984
-217349349
-367973734
63457812
-569711776
-175214295
4517172
15965530
244425600
-289190944
-345989348
-432423900
75074100
-80284237
1478694
-128157129
816454700
109013226
-345789486
-13590444
34086177
618834110
206082936
152999652
15106434
-29529625
-148943000
331231432
640850444
135446366
70417568
-193799711
-37983176
-275643143
-522605917
6910185
228636990
2425070
-781918088
104370474
21981760
15372522
-103328990
-228171280
33438609
459105933
277600842
-179550000
-21233284
-201629442
-7255008
83780788
-57345609
145375890
474427055
-91978634
7722085
355036515
-359991930
-23455495
-95506380
-63372120
61943545
-116389035
-458318939
51715776
-193802252
282505006
-5866879
31537137
-665106027
4271964
-857623526
-429150526
257262848
795775594
62670801
396928560
-3162816
136510
-494026500
-35054994
700940640
-376471116
-238226622
-230849688
38100330
-350015872
752533950
139963776
329418705
55622588
-408646000
-614556159
191147796
-16265534
117275234
-84714945
-636428247
186414444
-774790929
188795155
-4420775
-199687691
-552029040
386270878
-68301568
481885500
76479370
-54756372
-49087296
91746562
8218925
569610981
-3222135
261198080
-777141
148401561
495940728
64398341
546749379
109664160
144409155
-87304969
20926329
252754040
162720150
-46284096
-22135282
188692161
397282235
-681010524
67521409
-248249142
-474135584
-105056570
-69873111
5427292
448154574
131189000
244519949
-86645552
409963922
-108564255
205854550
578697135
-29640996
326515680
20106240
-17352225
228391670
145727024
733619754
23359770
-287730960
371199134
20100640
99131886
-222511810
30338401
366637099
84743342
-116299672
397389230
-378522961
-633227914
696722154
643076060
166139644
-408198818
-92539467
-94861292
-70184930
59480272
29548460
471295212
39570110
-792853890
233429781
-29942826
513916730
192160072
-468179928
-178983810
-111403762
-385286090
225923225
764346891
91338436
-1016875926
46415916
130765836
-234194561
115992681
-65334880
497143036
462561120
-114659760
-415517940
831035310
98085752
244919862
12286517
19408804
-104945964
-412791472
82814445
546895437
-5571520
374296626
24984320
5210430
-592457292
-543964023
61030124
25678457
-188809558
455670362
716315390
-549714240
-126403100
261212364
76588372
292691448
85389996
23558670
290499264
327207808
-449645052
-370115190
221801375
557671144
-54609600
-93050375
410577600
680442894
247172928
-193113
-927223794
133047753
-11278251
-461470464
333184060
31388472
-269445810
47676928
-728171829
23423456
85164232
-26625984
-577016688
21597136
123215000
386346273
-240789402
43191116
86406100
-83240353
477820360
1025033576
-211246788
-194434815
469350840
-76040251
342751160
-124731867
-34253675
626735461
-582132450
105127744
57744480
-109987284
140265530
2082927
-230323899
72402636
-76315589
-72416770
-386981401
387878166
-632406248
-81572960
4279671
-119120588
-998607876
-58349760
168006328
-28829232
420233184
-1108060
458807882
-121056440
741501750
-690646352
-30662874
320222526
-83130624
819153608
-60635520
-26089575
62512045
-131172418
-736325051
-336966560
-226358011
-186843927
363598000
-127984380
-230213256
183988008
-80893398
1486280
192818574
-101277510
551254583
76016751
526310895
349810844
44803850
480399712
69614960
195021603
-305582360
245322110
17148939
-3410868
109580420
105546807
700015264
393572916
-389731263
-84606092
-667306296
6961025
-124584143
71720509
669905184
478296120
-1618505
4740898
-8412787
-39739248
214522776
-119524484
-58485385
199520640
-351364349
-396353500
-123192784
-36944748
-96204305
305600600
197584393
-699760799
-168414165
-60788355
29482131
65537856
445919747
-241864899
-316395464
751959250
11339377
-377002898
-794381427
-526367712
-158516428
-497526856
-228533340
163325786
205940488
507664993
201256920
292570925
196820422
124329390
-17979965
-800634272
11855844
105640880
149768766
368816963
183241920
144716286
118387563
117192493
-305013359
299667978
813651210
191407062
-48405112
-174329525
-83321100
296791080
781861080
-207639630
700513536
322100292
-111971930
223301832
423950058
240762784
-643525909
-430742523
112264380
-11628240
-59601921
155252070
-5471574
107478665
90982401
5002382
183914199
-29750360
-178053120
-225622640
-743664664
77212394
760703008
263438054
83894675
7697869
6794118
-208752570
-1183237
-422091032
404671614
-192527136
-833070960
-4024280
-119141360
89254440
469961960
898857225
510261720
274921120
205123206
-413301504
95176200
583108640
-811362210
66885140
-262597775
475389055
-40618032
19260132
724541734
326296041
-973897136
-204795300
-355381117
11352064
-83555388
-349648640
-285070050
-82387576
-31108294
15149812
152872160
178260327
382399773
59686538
10465312
15270360
655528104
-99200640
-556954640
5982216
-175110397
4365725
72250143
-503756253
-246584992
-187470804
865371042
-109016951
-49134025
595482624
188076070
-2917560
17761464
144551758
89327028
184460764
-306692130
-816765008
-45504015
32908158
-23391966
-417165636
-166348962
-28394500
-42147453
6174828
-172608000
21284550
508744104
-38225979
170503550
485072315
87451544
4126640
99011434
196975705
-109529004
-197649096
199632384
-231059527
234265464
-171609600
-31773352
-3903755
-2857428
-333147389
-56373728
130348143
-96393100
10226676
-53441209
-115256790
-70952219
-176334525
455187956
93280096
-43445812
-451225210
255561460
884847964
363946190
647814019
-241132508
-161139105
-587606408
-129549936
380666770
-379022772
-7611450
115392339
-20334912
-183642895
-73267557
478971549
-35762967
-29323827
-298302880
228828072
-192459652
-641439874
-49672116
14748510
337430650
-250672350
688932223
-563227830
-565884384
-307336183
10736289
41022540
82000484
-329054796
391531295
6909080
350971248
155640036
45999900
-48923688
-216414000
-3971370
28583380
231704126
-44300496
507464559
119746512
13355520
597362830
255113150
91555304
-333589488
-68337679
-25719854
-543033015
-480647054
152843560
-744579108
-83229741
335631694
