1000
62543820
-160480821
-178963344
147720888
290304680
227383821
-74885661
231207951
-270127301
221105248
-3204201
50844508
-374229976
-3672208
-154772920
359205302
-880648
117722175
-28531170
495770275
30518312
-79869179
-318869144
53775180
-255995118
-752519040
212768829
-53163651
-264018042
279272420
-57888600
309022416
-149197035
21064710
103475973
101711168
-60997560
-267182430
-124931742
-319422000
4823563
166824678
-416854468
-631126332
185788334
90923310
52562653
438011200
-712174879
-389381562
171381267
-64342190
-123336792
-145794240
-136891040
493668942
8635904
-963636027
-246015804
-29374300
-325102976
-165751513
224972858
88640805
-370972814
-147922294
-88938569
-57871950
1011753990
474140240
-3804865
244007589
-80509158
-144274698
-254635895
80629101
733066698
-481223673
782839050
-71385153
177168672
-247607282
-26694318
408764580
-566096032
-602944277
-113630202
-272874198
-341620259
-62279811
-416782894
60002928
-254198112
534405476
-130904370
429477460
-178471359
-36500481
4525200
-49069909
22468160
-109703460
-39158042
-73204264
-625039751
42250780
-29872960
313399157
566769980
-78778550
855204897
-938919240
144188896
-341663871
-403699940
555856509
-181930400
588090145
-184368216
-172059422
150002130
368272515
541962630
-409634093
-784395237
304314516
870861660
-10779990
63735402
-413011563
-28945290
151815525
222229384
534978928
59013150
30106816
-588280413
-84674184
-18300313
-639291415
-827300799
491021289
397740240
162469665
780357760
293845740
541980843
17305447
-2909955
23498048
19802364
170182282
448837884
93422651
-78823995
90745074
218665244
166038426
-218736012
14092975
1035363750
-3532032
466906286
29244384
40438960
-204947220
729836248
-140662816
66862490
557736723
2311590
250288038
-279575387
40748124
-412402137
165470491
-234081758
-226164736
60787434
-38645490
-321982515
458227469
531359172
308619218
139748732
-279583082
-322027395
665605837
-73103602
-312095910
423424680
71036147
295024670
299349616
-204217221
-789045334
-61354745
117897576
-300015030
125269992
43340902
401898588
-285384636
263077532
-237180936
454670913
-530958645
-243993600
-144617061
-196565625
-638414374
-424002279
4498744
855434112
-340231650
-995079800
133812475
269131764
401849064
-7877475
796760613
663470102
432663325
693772248
-610513200
378799005
71854776
131934946
3074409
106909092
34044075
-352782039
-602866740
-301089584
167997765
-95428368
-672747885
27032583
11322480
-59905560
-99312156
-714049424
71895173
-111991968
-85563632
-214094160
437302570
-987448784
-332272325
142902473
265458400
-138301239
-329715360
275099789
23634125
453654348
-451988835
-394923616
-220313848
256172609
-115300888
-302415476
-300378747
83733496
310236678
6860490
-15606402
-14907542
90073648
-350979234
-255998076
-4978480
794527740
25977105
579860320
57785130
-316778960
101946824
-593028
-272183464
-53053680
-69877082
-135576012
459395414
-35451849
184427410
616919900
-253581350
106681666
563082398
126703875
-252753242
-23655483
-309113376
20470156
73470033
116316211
294686576
-449577546
88938355
-340308321
386586185
317141825
-35769485
2132711
877532400
-412859490
414700788
-44731330
640712580
-918038820
-225207060
-91606824
133373175
162295717
152229616
-69116346
479797912
4872864
-157414012
-861522718
335615156
837786741
35280380
-845235078
131897458
12946560
-58842849
104616236
2667870
11119680
24844310
261001325
132419364
-659894745
15521898
-356829480
141134084
-323710578
199720352
-2584476
8558529
294121224
9608850
729439791
-54836424
-524713200
180977130
31298308
-625819872
168416676
-106803265
-8001466
-258600447
402864206
-116938000
-145432708
-205732332
122915726
-642174588
231091320
-233130220
556344635
206095968
-118654732
328414000
-6774488
-546646968
190780960
-55783560
88830504
273724665
-48757437
77379575
55745612
-9313344
-341911122
-4111120
113232974
-153418876
82256448
-8638980
-664686260
-58531720
-956116040
104478168
-16362534
275489225
610826733
-25703424
-62210330
45696249
66464154
114817200
132512600
646776820
-123001767
-378235660
127805364
275566914
164996550
276902962
-96198144
128263968
219369260
-163998369
701650190
50243530
2085720
244904000
34001700
-330465380
-126757920
460227258
35069270
479897670
-16993383
-371721808
-257674300
-79097758
-81308961
-931731265
273425955
184156630
33834268
410784906
9847370
-184164000
155811357
549741992
620011440
-203458200
31494266
18613504
100886384
349408214
-345829595
-27171855
108520049
-633569250
-300175908
-366953328
-372016044
-85659041
-65018420
-13065840
-623118975
-836061408
169234634
207135999
23873304
-461541024
12196395
304308245
27685840
-758123578
559329352
-420057037
404080250
-179521696
128212311
-535126732
185635740
628328649
48981960
-586552072
-149065800
-561409740
3528316
589663828
-242670472
87473824
444478803
-719009488
202589664
-233976064
485618264
-208348672
442866660
85704291
-263313300
298309560
-87961588
52147575
-11113861
448473412
405042095
-44830318
191142490
18519966
-192934560
-6633393
-137992920
-97972686
480775840
-1860168
940706727
257504625
-452968848
-28304850
698400747
-65619600
-4797192
-251243793
-149501712
37495104
-85350
-509572040
665082470
349131904
-131293545
706018740
885847735
861571788
-767751780
-321630309
-233456850
-318600960
-218488798
554630500
36331746
-171710784
-730137824
-61215150
810460320
23392865
-322628940
-21221564
653507560
-384908310
53471025
-2780525
822149868
-260302215
5101460
-294330850
110338912
630129825
670554270
-22067640
-428154944
13471278
-438233796
-7447235
279542000
-52890385
-201918684
384881693
-65834090
9490130
427468800
86545368
9110070
306996064
-186532500
476284914
-126580878
179980119
-213749952
403497262
44393052
-1017442062
-320675366
66709440
4909410
127767070
-279897626
435200361
-372767157
144263811
12923714
-236774109
-88861248
43460524
289514901
75200653
-654994300
10571000
38329104
107702725
474954220
-146783265
-483140682
36589700
160664457
684767265
-458719056
695284200
-894679296
317265420
89799000
61130630
403841184
827309455
761918640
51860672
-68051880
629713109
389271433
329088768
43505771
259033704
-44800128
121411892
116345600
2139621
580080240
-671198136
40292854
-769550330
-415822329
-522452
476589600
-874868715
158365684
358637250
-30991068
685276485
-408394928
115115
-269130499
-54823248
-118746480
-225161930
352395853
-214033347
-561922878
47339040
466860170
404082656
-59894967
-414326355
-24983582
-99044655
522929119
36413685
-148682072
-217810260
174903054
-141545934
832211336
151436080
-84223536
-452667709
-194046315
-470037366
-388897047
522169830
362285280
453371057
167278940
257498288
123688080
-62547600
733649696
-271682030
107210670
-54841440
-395318880
-411004832
-831658326
649942500
-372621444
-180186975
-521392338
414761070
-118204125
653571869
-1749304
-46983480
-28164465
-138047536
-83133213
784960920
-587161559
140143923
-55703426
166107900
-2535968
132604344
27787680
170245800
342014354
-46143637
1565506
188912640
687309840
150691905
345329985
-185031184
142308092
142911855
74971862
-88056224
34414632
277595166
-19866000
800207546
545023061
-4210085
-47528594
51283341
-166830640
843915071
153419683
-8618875
250934904
17437619
2954772
-26802713
315569701
141363235
-88024966
-499581212
508795716
-72943584
-135665496
-78019704
-353254119
650980778
225944928
274212254
-398822171
25684566
450680913
-299377696
589415395
24229296
84256275
126997056
3321230
-18052230
-725351824
99814364
509205510
-310652034
-125310515
267647623
-18807758
748617248
366534233
5718912
104329236
-570476048
-345063980
-11342259
341100232
543406955
-257946000
691295752
-221381709
-12712917
56466576
33080035
764748672
-521378520
427341672
139934093
840064156
-338366070
57440512
-54102177
-160787310
30291552
154532448
-82231818
75566660
115817676
-527076283
815683623
-507030873
52168833
-157344054
938908520
-568612049
55878306
-235243056
-553388430
26739064
714575960
207183800
352810840
-231754424
-71885631
204980510
96195480
-695850885
261419616
-218569815
-939277522
413780120
-88658388
-40794134
54810430
-59731200
130094450
101905304
104869200
-298828152
264738040
-273353370
180991116
-443416680
-291281130
-21950334
-31647540
-35260608
-651579390
103707400
24857745
-197017730
-34706988
120133260
358388580
-301848690
32025456
-132685568
76732360
-523494995
-674681777
739995996
-17906076
-36865710
-143302949
28902243
426743439
-347765379
-134779820
-279690750
10297855
-231195036
274212864
-817136192
-197235206
-161442072
-162519616
28377896
1079058
-761262004
-162731440
-208316819
-134051520
-102340881
-123943736
-345645
-80644659
-43646310
-496347189
256511853
40793197
197698977
291036480
-67834552
165221793
-111077268
-694187078
70436647
-365613152
102420173
-677020596
-4379526
57932836
197585100
805333452
38812152
-612165125
-21903264
-18990127
946119870
-616807487
380357661
152240369
-841436508
-97754940
971121840
86395337
-111748362
118272900
504457563
834116900
-69153750
-55298697
-30388408
-123427456
374600138
82040160
662999742
255715002
-204708660
47778120
-667628052
196072840
-493519520
388500291
825758470
-239105544
-16709440
-45251505
-749901603
-333297342
-16740408
-52111840
-268556844
933670930
224464750
-103850250
-144607167
-49722076
11466962
571928916
561241744
-216276543
-132127648
81632320
72555964
11499976
219122304
134699150
-155564159
-287772453
793408050
23562865
436001964
-78788380
-213873588
-190577328
-455262990
-95457594
281614788
-255262474
174399225
-311958016
-369008286
-15965880
188232620
-114519570
97285792
10248897
197527374
215840670
-156663380
481333824
-816550619
231650910
-197897013
146912940
-356002350
-73702800
69127968
11985000
573449184
-872177188
144058698
70502760
-154519980
495374873
-41491278
54750575
-124749859
161514280
-146330712
330082062
-253487487
847701200
-89983400
-431627184
-178996264
-727422123
990732657
19818663
-5545254
-309349558
-242050347
220613848
580363500
-462594888
-385596924
886432858
-525202416
62936451
32778990
-25866660
141080240
-71352923
-331725435
-162152682
5734926
-696559817
152398232
70858240
-84040314
-78298280
97090853
41987625
698287827
36436416
23761818
481145000
-122515224
135147683
