1000
-8360294
-272061181
-446309215
-400378073
454376454
-281918388
294517707
116337375
465343430
-204038100
367650990
304746247
267603648
-318705618
883427040
180259950
-14357304
200963768
-226752316
-301332438
-603867750
257249184
-469114989
-76177449
54970388
-24913670
-689355697
107139924
-339930606
21175441
-7476785
319480000
-55839664
322300350
214451140
125317283
61194312
-167574441
-3318876
189826274
170823208
591961250
-44322181
-172839876
158514720
-86347998
193379025
144272652
-3683889
462790757
-51637887
9599404
-136964286
-309021792
-15526920
91676424
-63849110
299124948
-70635010
186530575
-326428288
64407460
396001116
206686831
-27611370
335925744
-180264187
-397505555
-31969262
-705299130
32734134
750058128
142260428
904836192
-29686776
-33449520
28571676
390677128
-562028762
-6733455
-547127700
-24141748
487723890
-865245600
846707
-375554214
-286729905
163626104
-831672237
326122272
178604732
11383375
744160435
-541770880
15340162
311055255
713956104
195015624
-26313750
23869800
-177003414
289668072
-186639033
1797928
-296184297
3233025
337885548
325412490
-90816680
-851912513
12192672
302961210
-25287960
70490760
-273686357
380161430
-85406655
-120853338
-232939711
-254564580
-1041515595
516724
-185045300
-30612240
-467987742
-632460254
275875917
241980312
111059044
82878315
-126615736
-91794472
-76756023
171099460
8147604
-12459856
-47009924
835981103
219631960
-476574634
185281248
-422739954
444335892
-69346200
-364294476
618212066
-538323779
-200447940
542607168
-26786340
72312288
123203054
929373995
-462188700
-403226890
-38491146
155012194
-107669211
-27650798
-612048280
434304882
5863600
-266102676
436341207
-317664180
-69795407
666223432
-378263017
-26857008
-332027424
157288642
-218360380
-35084882
-2609546
220200547
-128580258
339290666
103731138
11528625
-42737166
249181716
452111400
461301834
-533602685
11133564
277156516
339099880
-167697492
-424133680
-387495532
-516745577
-136432358
-142855804
-165311468
176874162
-342145660
482181404
830962132
138288456
-47003552
764699169
-301121002
83691072
255406720
-122294864
143949430
48025386
105490244
-171848684
-34520514
375319057
200154948
161663958
271538008
-35564130
-71935182
4219663
248679500
20232000
16450564
-47757983
69541086
447922806
-7383987
-177612834
309909765
-541550670
-219150252
-238248846
67616038
54857415
-7950303
630039206
-114502155
19445796
-62587380
-218998398
-47787480
305819323
264978878
-95026650
-232401162
-501048312
-525619080
97487573
465800715
332863115
-154076406
-130039164
-605498688
-157326048
247247910
-349985225
-674811210
81938452
-751950
379847247
-29327488
-876708400
33408000
-532387856
-563856860
108188316
55500368
91601215
284396200
-20097792
-446262146
-25354720
91460850
-241891614
-183459690
162338475
-650398221
10287486
374946501
-552529250
1672055
218122624
-606058843
-146696420
11808231
37241932
-384857103
422255574
-339844596
30025120
-151630611
-621621952
733016532
412014012
-485888634
336716248
-585247500
162934288
344245408
-382096624
-796372100
-225758072
-84266577
167809605
218352882
174954472
-87803676
-101833776
12710425
72358400
456939120
-422611660
-202751928
-964525250
-814208595
-519046704
362794152
195725250
611325336
188997168
-219300868
-89144572
-4277679
-396621984
423060938
-129361310
-613677568
373500660
-23263995
-66259115
605524902
-1356804
-515113577
-477972550
7192290
276113145
95449336
304446960
24450000
214855648
-255033308
-253866418
-208978566
-76931816
384036444
-358882920
86469777
19385016
100515628
-496386450
37710176
-814662268
-100640222
288050059
-79834716
-44103288
-11541519
765439866
120941220
-294238384
-343766232
114877136
80538591
-100490790
472229748
-259892635
46542848
698778234
-56278008
-143481312
175901450
116778591
-174278342
-116365896
-782521918
134942800
377780970
336149063
-37466540
401376295
-4997505
-111476553
-108000
-928198656
218746044
-287306815
63421740
371756320
549094400
-500051461
137153478
-382781347
47345109
579230280
-779275030
481334700
-479456681
-6336336
341690361
-393929627
151055970
-110218956
-12286308
84511733
396741940
636735393
179017900
9989340
19200393
210928473
246559740
-49998150
322153216
28223972
209989908
25929828
274592862
-100512668
489212280
41875860
126126297
-800055594
-220149062
722634795
-440462900
673550540
-299031642
39167376
-500828822
80995090
1000821588
-97251465
27821
663028806
8867316
302557689
-189950618
113958900
908828690
139337162
44001492
-7404660
305559436
125294208
109050634
-54105552
-336799913
72970294
29745576
304653672
-311841072
-398936832
61052859
431906090
-174296994
214704252
-630086828
-66158092
-40732538
-679923167
-304281276
157534770
752092198
-206109644
582825954
22345850
-30453405
-50502852
1017103888
299449584
155967735
100486116
-40528926
-273402996
-786213286
553732842
73803000
-21900439
354367772
253703527
2741991
478458234
890065750
518415392
-610945440
24806666
-45257576
-2498608
-2357896
46636704
-14980588
446348344
-144833800
-5887635
96260625
-344274164
-171145500
-864738708
158725140
-424595661
29090022
-59722624
-341923750
-13855968
140756880
119254031
-534151800
552709920
-139412596
333864555
-103868324
-89212295
-257336787
488911388
-303695875
372977416
23496176
294016750
-176221190
-251164686
187887240
48299157
-121990400
2549380
-660365190
377259968
223164214
263671200
-3993984
-714471576
-499006755
-190838376
-143226948
-277640403
-148794552
41634192
100792440
251014416
525817344
647990775
-686700468
10916108
244316454
609444228
54311274
381064307
-9420390
-36998168
103396497
115791060
35461153
-664657920
-326185431
216223344
-351954638
168099040
-10811372
42756720
545245038
-44674569
-823877532
207595296
90240287
793389308
38981901
360062217
-157316166
299595220
262479609
-3369129
455697528
-188918544
-169650320
-368271395
-251465955
-98604252
-103691840
345033520
-61174503
116830026
-314725176
341829288
191738304
137520792
172316187
6660000
-120563898
189837582
-59918984
380993716
147518772
511253166
-68531400
265446207
-3877280
330818500
181224384
-200773083
-61371504
-76052145
-449044494
390519324
-2172935
694975060
335686878
-353588920
161303784
284894460
60981792
329929119
-481765704
685183776
449163154
-990252
116044368
-296430260
110782968
54392614
-10659470
155692504
251352577
-11607792
553820436
161758080
-51047040
157876875
44324751
507542970
673704066
280096740
-125294268
-118582414
726741198
265274919
-456834740
-29775603
-199583943
-66702720
21225984
71264156
172241472
-433767772
7790029
-4510989
-93049281
-414851199
254482929
115603951
418849222
-217607012
-488361177
482982886
286055392
310942276
-713587504
255736278
198082872
-535205152
587258188
-72011744
-2030756
-60858776
-286950522
-112209988
284883060
-196061320
141700548
-109044436
-390551132
613509456
-307814320
63427084
-33341148
6422528
127682245
17085600
26652630
-236539972
-28343040
-372482682
-108789605
-141155430
19331978
148313768
250841068
14553455
-414150600
612969413
-31537808
17476872
-619125162
-559084610
-28285230
-705930675
-10214810
91064020
368027616
-714220311
-85399989
453604965
-332495867
472270344
3750704
-603671155
26667600
-774350732
102097724
491663843
4761060
-837091888
-705203965
-212085770
315504816
5327872
881016084
268714740
427295103
557414080
249705104
-852223356
77690250
-299973024
178225518
-547893248
-627993898
266344995
413867120
-194525006
260394758
-3615738
237585750
-93869830
391097954
-269405214
430160874
688252950
152617452
443897904
5973885
-210240528
275920302
-231614412
-242792640
-202240918
69633237
-107016250
-235710348
269755584
241242375
-256822868
76891413
32424591
299678820
411450284
-464920465
69384150
207424160
-286968300
580295562
51812168
-150666264
-76215875
-107033550
-555907192
588342381
79714650
-181356854
-389806500
227435473
-110706483
501483928
-149470482
597168316
29886032
-122211243
-384763680
868717920
166541847
-194405200
228447450
-501274592
-444175750
-21094168
-619049925
-132658724
123831584
-462200585
134094551
-772424704
852495050
17689058
105302210
784674358
-4104580
91167200
27261045
515978116
-607811514
-50792616
126332416
-828682866
-9324120
146353493
-4539794
32823696
935845500
188099220
810296803
-393537501
-280624452
366545760
154102340
810984340
107102280
-868587935
-266397012
730924758
-153818868
532525715
-216592376
-311024280
-70311604
-18178956
499749958
66380902
105301248
-801073455
250599463
650386456
571287231
-12860936
299638740
874024910
-208262493
580916800
19261830
-241837614
-3334092
619152500
-16695666
108951939
-34003130
502700352
13323405
-246174796
100330332
12750528
281830130
-588773720
-53819224
-51032592
301920288
-100643202
-60077687
-206171917
272533800
178076700
561509010
670160352
237272880
35787976
694493609
131306769
204289328
21008637
-101447160
737238024
-258882909
-471443772
766497428
-527430234
-141073669
-576307358
-48587712
-25058224
143728375
467597360
159632821
-11335896
-58145472
-9082475
-104957369
299826984
589383000
424470580
714148060
60329920
286702720
-21500996
-246216130
-294467820
603446514
-242508744
-250852426
408832704
352807525
546102251
-1033925529
8015936
-89086457
-456640870
814683268
-3483508
93480235
-412462806
-377105762
-698215928
925973664
644234820
-12981722
186051600
-665251861
-353048204
602435680
12515202
101903973
-331738525
551907306
341279976
-31989204
647517650
357750252
-725621074
27289143
338067912
-268547900
185139521
-65895299
451898752
-60470496
-390861328
438688796
92425755
-590819394
37459944
19193750
-182307031
-63707825
-467888470
-112236309
-32429958
25123756
148023201
28913060
11267440
407372050
-45648675
131653116
-83507118
414532650
-610675446
102874431
-643628175
-212438608
88617504
52551580
-511903288
-212365050
462066033
124305441
-99367125
-12169792
-120610252
2036440
-161228445
-106008282
1018594674
47190350
345057230
-232372683
-212738298
192391316
460399725
211977942
-30475900
-778032032
-74068030
-294174637
59913620
75662704
239622175
2829690
633403320
295724520
-200350290
-519108183
687518860
-5883480
382145348
457480037
987771225
-372520512
438478208
3432453
50029667
787137744
-298869176
60569324
-199782120
-398125574
-152882670
-257058900
-51299293
