1000
550168640
100556112
71844967
39988352
141240938
422478680
382027072
-404075508
-742147697
-97670232
-41939289
-109245944
161148410
-213266256
-181021896
-65208240
-79601854
191904800
-251893290
-44456400
214606304
170936028
433058450
686667366
870001000
-187878951
-195753402
-253700838
655812365
-652851419
1022621768
-47242531
256337880
-302864334
-108970678
-14505398
147646800
93049228
-149815000
-457753580
-161942520
-97674900
-235819208
3823776
-68909646
-657495088
-284089095
200679540
410524884
-181492570
-4320537
-378989848
220807132
363336078
-96141612
307123103
-201986060
39951768
27204895
33868360
-37291680
841652136
-106052185
41481750
64505550
438145526
270497090
-13704918
827888292
-364876650
-882993300
-577075850
12394464
520765644
766817069
-136440200
-194663066
264539726
-524463982
21093102
398469120
-127991680
-19903108
-32691362
-202799786
-91106243
-36212867
-709090515
12606300
122584302
666778350
-63907668
-28384272
-87171672
349571978
-81121671
-251560545
948752472
-965968276
10208872
-140408640
456965712
203936432
-729382716
-68955996
496310352
-272149780
685243840
1998025
376395500
-788173969
553868210
164072784
-241116750
-152917398
90352080
273007827
-119410200
842886349
597596573
-107977202
-538815547
-49641200
339402135
-466613059
442452801
46515432
16847403
845351936
407631400
373118130
-79323373
163119551
158248980
1427748
581074974
-1810179
530252324
-259432656
-540203256
310747970
-58380848
385305309
421756176
-316999800
105359730
-328642162
54601218
-921213995
-441668018
295712000
-522255012
177643656
137480856
201536
-145123896
730254600
5433432
-965883200
118238400
-213773296
253130724
-3254163
-300359085
-418064850
210422880
125831656
188974412
73558141
555253890
552819648
636644220
-233855215
612130608
-35649837
-267008400
-649790802
72638580
445346530
22218320
580412635
-793625102
949667969
-73514056
-227240
289823196
-369209367
564307588
-94037625
571936176
-24259845
-34043490
605715440
-433181000
215730430
33440256
-123539200
-25525240
296561244
-446413884
-54407760
-397907640
91263914
-590333124
-293848905
-51834120
-239348879
50883904
-420859800
137279616
-415845883
-137524283
266770185
621951320
269743291
-57518720
-60724896
976094773
652120686
-8805550
150255243
-408038757
-375559754
-127961364
791483210
700374132
289928676
265386163
-824792097
3040664
297329152
-628243148
-49462380
-72518238
-53481726
-11468922
-491663751
-115518603
-23928480
-192263645
508870578
153566046
73083010
-47082555
104021778
-243930297
-391530500
-13879184
-194305410
-148846236
82411882
-34679061
-1157100
249813394
-300796344
148765575
933401755
94048092
-302892544
-246274080
-30107000
-331905663
-215273844
41211760
826200000
-185283340
1326507
381370941
14996736
110685939
50566144
77140510
627661605
-456588924
-464728285
118350628
338956245
-180866504
-360069606
-167263824
680225874
-165913582
-160442138
38326788
-132598440
-146313405
-476003150
133776790
-45456096
603014370
-220159401
-217090504
-689263680
-102143727
-423206346
222741225
272658820
615472322
47208915
-379197018
-93888992
655106056
-58754184
-465368020
219266460
-261543246
746123285
-63294548
-207173340
-233352009
455838840
-502173240
198751558
-251592894
130533640
-244679490
-113547267
-167614888
52401272
-895456835
-225484420
23914440
190029366
512949764
72418788
-929150944
149125472
-331874730
790926222
-5116999
-446509338
-588856086
18932944
-904144320
-102964216
186962226
-100046772
-50188994
-200584360
-331445880
1961394
59388195
-228028671
-25667642
-613540413
-648891
-548443970
-873807237
-217291568
264313710
-637155336
-95848920
-85099218
46153835
-72055685
91254515
-380177631
298137732
-427330860
-181077276
-55282500
-360270200
-792431640
136492740
-89769179
-44335110
-31776957
92960198
-182310200
190070538
-68915600
195689640
-331460261
789032894
44896446
126138780
294842060
-44197608
567731150
189297384
190882416
-159132746
3273852
25095168
12508922
-261083736
-130584573
472164
-103703562
-586956665
739460540
181317348
348171032
-414950581
114825888
207928743
-527831232
-146007785
-78420771
273197067
17936358
-18473466
-3923331
-38497212
-177391304
41728302
-101412225
402770258
85207176
108104625
214306118
328529630
-244325664
211623594
-277531569
-740148528
379054800
-73490643
-307245378
352613340
-1028960154
-303100374
508271358
-507067664
-226086432
9180134
55729806
424282328
-4667040
28089716
-117273836
90537362
-77437008
-585296348
-82244325
323522370
-645409441
316683530
-200035952
448696176
335426000
-183278235
-661402528
235312506
399308820
92904731
6316000
99876725
-81702843
-614399542
415582601
165905868
-289893510
-213854480
-158690238
98634096
919713600
1288930
355182100
-352303303
97297018
-236402816
-407350794
-757595511
-223606820
-284541424
-418020710
-559046830
-170223901
90183086
6501780
85906100
210565462
-110388380
-77388202
-496899
14034286
734837474
21688452
72024837
70492692
114780505
-343040040
422966511
-397068840
229839030
-580170765
260228594
-515335980
513155096
-54565867
-334613212
32212089
327866196
507594308
-266927481
-403021915
322157934
687015758
215015235
507487702
-500830356
217311984
-749247875
-255265500
-362554752
-225315456
-85427244
-77843294
81938010
-61896310
88990915
82970034
-266910498
-162954240
165270424
193370865
-438985104
-6692640
96234620
-6971417
-337828234
-335627928
-414545796
118009266
27731328
-324820120
59100020
480284520
974666595
284743494
-115759875
-431189580
138687612
58650951
-32067567
21285765
-288741089
-27837774
-295228
31379184
-313936450
-388851965
72369066
257254296
-413611882
-30172760
551873898
-569624370
447503994
-226182188
54067972
203905871
695311047
161135240
-147106132
-152895765
138147737
946054443
16099946
591928707
590216564
-424940041
14260422
123241808
707312996
-583476056
62831574
-13024942
-55463760
-225639920
-194466225
697619808
-113406120
-975284339
20153160
620066988
-341168373
777281424
325305519
154176510
156628178
275064850
364176967
32674328
154208961
-40504968
-19868016
-279708975
-95799528
-107460630
-146679886
-59426973
-219492504
370588949
-252783125
-221355924
149670624
-227831418
-635700312
-324842440
28182900
29929892
-326125215
-76714
-129010735
-3377150
-19975500
-119831616
20381640
157101840
314666235
237373076
263086055
102623984
-202386192
146497211
679845030
278922704
-52713585
-631848408
131654450
568910320
123169046
149867240
355721509
-130255302
-245730036
-9545796
171539494
449565156
104950485
53629970
347787297
35568268
-186134696
186771900
-312352738
326357839
-6277370
308412752
4753648
-650866513
-150420732
291511265
-24019200
-40445126
-148211304
445411951
-319328400
-303932082
-564024006
-14139230
-82844756
68971824
-182259861
376996250
520336375
534529732
404359926
-575213319
-89670120
123638082
163867064
3068010
300123684
674984752
-84555700
30937752
130790448
91677685
-457538392
-12408040
313093275
647325126
-218197530
444816181
179385921
89999199
-29729106
-101353216
-37422
-308018832
-703694536
-177470982
-891470440
-312822549
-90352458
-116659344
336875280
415037025
-81686535
30443524
34267947
-223213520
-15889904
108717516
-649419120
266088312
-281356176
-217901177
-14141330
-181909860
-157317600
-788315004
-3319056
-528814000
109460520
-328368634
-162698228
-460807542
-397036488
327127528
-646302822
68539724
-495798920
788744187
107421696
-126355968
-253419413
39435000
-445743584
24095977
-54303925
581888097
133752628
-86175777
280312389
232465520
207409680
311604972
414080821
-62819216
-61209548
11290896
524310169
150418896
677284084
345219952
316908296
126233676
-320224827
852164403
109302534
-441212721
-267733368
-74854815
-125835416
694199742
-33535320
-79758200
-147124005
595199715
-160587427
253806144
23958195
284522248
290684371
871756066
-160772117
160305299
2747196
-299199550
283237544
422523332
-43408944
-906172572
170539388
-713099324
75225826
5722808
-941447020
-26999714
73053107
391228354
225957740
-387396196
485464988
273638046
36735622
-42213725
113507119
-33270400
-187476366
-8121296
-291123576
636755256
675597510
-703333629
-107594496
589781733
233101302
98390177
-276942365
-192005190
6885131
-316713166
-56245975
-96602650
-217323891
2382124
19522860
-93320444
-713481804
51901533
-313890360
-40367358
-198650448
-250335085
143942871
-28421789
254575306
-44220881
76033647
75526008
-233883246
15107400
144825590
247932704
77768329
-69878113
1587720
-408167214
584866632
-410270728
302676465
244511800
-450613884
82037711
52919130
166771428
-128965914
289925877
-164082050
173176731
94746198
546811200
4169760
-179813250
-797731640
96201950
-168166584
-234500754
-271488861
-191353818
867026790
-271274568
-75877770
4895886
-65348292
953146838
-322889203
-47203068
479123700
-353652156
182521759
31552707
-575327970
-964860
-423089758
-63712538
153881632
116287029
-318638672
53250375
406348350
-60979240
-82940000
42128752
39737642
-108639748
-8488503
714900874
-57926866
41060290
-23377780
415684126
36142340
-477880416
-751079698
-22114936
-11758560
625802441
-161063096
-148352596
99812020
-676640153
115665123
-366204848
265562715
-43836540
182459000
-230737780
-869206912
86313210
-80213349
373394540
2971776
425508773
3728604
-187818304
40123713
-618508386
-776187090
-636597472
-674816
69296360
97781424
375202772
37742601
589633800
-545454280
-57437424
-1246416
168776832
-286101370
944404368
202940160
100336800
-460739449
89243240
340913880
433874654
228455435
-633053369
734568120
592758900
1636565
-116432965
-306259947
554705875
680525603
66992697
-407883546
230309252
19280580
748924562
-100680202
522116595
131692248
770118184
-186906126
5006880
310742880
-406890689
103516610
-126981549
-382550336
361469472
-717981319
297880692
-850219840
-5132288
15195477
330332729
-157885918
-40104880
277584132
91344672
341328015
402061610
54406755
-42170177
-318551360
-565502104
42911960
416705100
-122591085
335337624
-824142330
289474021
-57319036
-126392832
-92948308
-42496350
113031704
208833755
-159147990
35232080
-269142930
356743413
570925116
-210996045
-336003294
-145868801
-20449000
-15677196
40648502
-13740838
96262400
-923239487
33018240
18138561
572813660
-169472849
263056612
1999816
-8243664
-207699912
478192701
