1000
-45684720
263657310
948296832
-500675172
194822219
206782320
160529730
907070290
156615660
-213722659
-54593264
-152252856
-705303248
-60379576
-132382500
-377837726
134804035
387274144
-100206183
194122563
102649496
-560824461
455151960
-226249758
38585808
-660587643
-114216180
-244868009
18817730
75661736
-261586224
117459607
661353714
875087851
7259946
-322286544
-663922868
83635365
444718026
540928400
-107238052
35498337
732149880
-602584639
-165160278
-37387350
82730220
-295550260
-357935565
-116435601
-209421450
-455454576
-8072960
-92680152
-429838605
-375165373
258284092
37734099
37172736
-473364495
195514865
302545099
67027905
-689752696
163670220
-200288929
-363777505
112424940
-30260331
12588426
-198069469
-63179350
559436038
-154126800
-110878310
-322292380
-261298400
1275168
-437538718
-16132831
2985576
48244915
-518751150
-17501184
-653142177
-299078824
-122878091
-40142467
-87929644
396976216
17940538
-148023018
8851790
-780296515
856770312
-120063864
-454658710
-114294888
312549624
27903365
-375104867
-332866996
948500
115744564
-123372448
91841608
153905052
-42787992
-928063246
105797085
-78793223
291593596
278156088
246579168
9930832
647471724
-17228310
36540455
207138760
-237580959
318336480
832282164
65267336
-169871115
-55657752
-581086286
-142405215
216413417
66085971
-364405480
168229074
314905332
-92721090
296012286
503280491
-180555360
-10648566
-352062452
837893238
883879227
177991366
155609160
506679256
39011700
-212586240
-44054816
687661182
-360988848
16332800
-108573876
-567531599
56740781
75070391
-70241500
453321967
-136972052
-173785039
-148599516
-41689439
149389017
19780425
193235004
702151714
-10225440
112334232
-803870928
51918326
-87566593
-86502984
-107688438
-320590534
20009548
-150815500
585421959
112765936
124472166
793434186
545319840
-58160215
-242071446
6355662
-741232427
264669600
-11379164
-13269392
163678170
16031470
-261269613
-27356968
89384530
8218410
68647095
-154553477
-855072231
-932548550
-553778376
-26501004
-401508705
-67143303
553025240
1458762
30835506
195765999
639172827
361289780
-264175767
172327100
462980040
84896147
-79735596
-45779980
32721310
-161269290
-313473072
87805098
43265572
419547360
52473540
-377421873
-49755552
-118313988
80689440
149064880
416616088
5897866
-692952912
-521664184
223836756
33190344
305799350
183052260
178446180
195883383
-64834560
-127946245
31474740
106274484
53160048
-500502177
181760925
-182343540
-423654410
-694308645
513536240
-3208420
413376300
-151218672
-550932570
853470280
826272084
-193681068
269547648
599718188
-651902787
-309838728
257848500
35752264
-88038580
1263108
1039710267
-157587950
-72585192
46385460
-4638034
63211620
-75492291
831680157
-839873664
-41979900
215225304
-124298526
127179834
150808800
36927510
107586836
44750440
-564649876
-3474072
-431569335
295218092
-164291944
-126799136
76466392
376391309
-35155553
9183350
153827464
257215784
-985550400
135089500
609069708
-70111880
-826402500
121459393
47638314
-95392845
43953984
-2273310
619392400
-265358912
181948189
32087555
293949440
586924599
426805008
-103837916
8990784
-21528185
-268262332
-7014462
-778268500
-113760480
-314725325
-73027566
-552241758
-54666850
400015990
-425803058
36736754
-23037975
-10130112
811411632
420357448
407409622
-62295564
119530560
18763434
794051300
16771968
308600280
-11716462
131265253
732707031
-138404620
-4470480
-30639515
-94708680
-70261620
-99671076
-70539744
-279461368
-360715990
-274517504
-581828984
-375511905
-135423960
-206655156
-246230397
297104444
-250238912
62392163
-285530570
-258079113
810074208
-41840850
-276823704
132066396
641537756
201605580
-167069525
43053989
137820528
-455263856
378618687
-83076937
212086560
78003200
-571176977
-300846840
-143504430
-254562
-318616526
-233918136
-901331324
-97534927
59717056
224271870
817752250
869287190
392118240
114747130
-41984577
387397764
100698480
342564628
194447526
56561372
146343913
-307095382
-140553070
663245310
439589550
-9846060
416074879
-182919299
-199824975
489468936
109018312
-515057554
-268201674
-69210825
10507260
-26363764
-51388689
407820987
277686976
591069624
-42817868
-96703746
-65936752
127987296
-105076440
127864440
55418500
43507230
-605439730
-298520640
-191282306
367470207
176588160
17794674
32547840
-39211596
288964296
-221134264
295336410
-601122797
245305632
-508843764
-28397979
123616014
-142453550
518879599
-95200000
791230965
-218568337
321310948
-168330543
-273869694
428509497
290555622
-188627120
-196545624
-12952378
-798760154
-91794012
-39145458
556337096
-646565792
-902944
83284824
-283410992
-303507974
-364876014
34136340
174137590
65317300
-542839108
-354637500
779710848
-31079217
164863710
162050372
467754800
-136378275
-309741104
461025489
-325740580
-28606398
-411091968
-164290075
115235706
-17817214
-40354629
-147104320
346654602
211543328
-110188061
108577680
-54089325
395341800
-621729144
-21115000
-52964912
-402428137
-524377788
-48375360
55072303
-21506432
-94662570
20724768
-310631360
-107770752
-211746147
344197920
300380795
-548139312
49633912
-182665326
-3032934
-145934370
-259371796
-291373810
-110841696
53726520
155212115
-40337980
-111053025
-595931451
-305007321
51922404
351995760
381075525
293817132
98808588
680560168
-359407680
684248467
637108
694539450
-553644569
-92689259
-337659420
528900848
190432741
289105089
-9962190
-588846156
141290175
-622946182
-182849932
-738363103
-178613072
68090880
124001004
-94592518
-120646458
219885990
56811846
470189230
780172816
-61100416
-76492977
-274995930
15868591
53631542
476771052
-214521203
-97845734
49610976
-303106752
-802117944
646094676
91042112
396102800
-566982562
637879038
96013668
384377440
545429870
171714656
-84072131
18234450
-414728107
235963335
-122591952
-985807480
-323512
717444
392531928
196288674
-94449225
52926348
53620812
-919329180
-682294668
-194881071
298799305
-355416888
223520040
27049336
137009800
-82292535
427179096
-327632634
-615703044
-229430749
487340672
-21650500
182575988
139328273
-554317431
612416864
-553285362
-141243310
35603280
-131905644
215805702
-243904541
-270469950
-351513162
-240235800
-484039138
91859220
182031940
-395256290
104715342
-444529600
-551205180
21004152
-169931956
-4461996
-364417377
-51588250
238164516
-139133295
-141895420
-30092475
52016188
-1040609182
-38539036
457723101
186472165
-48711300
-296821785
493091686
-587034240
441157156
167239680
22927200
-508897600
336893508
46277592
47110440
-438506224
-46690290
-8289957
-281983295
484742262
-15091063
-388791264
-765445932
-223620992
-70652100
877610676
48572913
468227968
-256037404
146726320
244851627
-29662641
358178835
341954690
-726858684
-648447525
855499062
-36164068
-522880
204323340
-9125780
-546387237
57160647
-216418417
206693932
-585197305
222183795
-210347280
252039123
163128579
-16197110
372325
295148480
146848511
-554686600
-330474186
63929250
143287830
21610368
128404584
850499588
-65580492
-273870419
458384820
585856278
549185570
-295122575
671047290
-314513216
-76955872
-508782568
458549754
-12436830
-41795278
-414260184
-466777083
155462019
-343573440
651612522
78160576
-36257607
-288918450
732269426
74661865
171366993
220834612
-27357355
-662906565
219782970
400795500
-471768960
-105596280
699052284
335139624
110644467
-12415585
-139243719
798080600
-14112800
-69609436
107914008
163063296
230881935
245087990
57920094
-372614794
-444220000
-659195628
1063380
-601120280
-296418914
231822720
-681875040
430152500
-675829050
815765740
-165644040
44974722
36938793
6580329
-223498693
774900324
-93866600
-208063988
-29977002
50162859
-445672395
-64892736
232284610
-37832688
-172963168
897431500
-304813844
22511888
-153652642
14967960
84861243
-332142184
422992944
4385670
116110995
743105633
72818968
-70369560
35878869
36161753
-517226364
347714600
-171854958
-59791481
-142490084
650580756
-656768710
13894070
371823678
443361958
-248836280
166055860
-640568475
-354169920
382022448
561979026
26665527
1789512
562421580
367551660
306177516
345050820
-106302592
281510582
695423070
938336
-568735195
300179815
264622680
-797770864
58601991
666692873
-15444482
-149013318
449125390
-184595982
-2354940
214035578
-129154900
-511228704
-428868310
-568423332
2874900
103745152
-285455968
135531387
-316129845
-375949800
-432796650
-279995661
-423302040
-60792908
-22005005
-368022655
91524012
-185635659
-485475237
-331950591
107938140
-415338651
-148384096
-267634164
-224051415
11895744
-184820256
-191579784
40388580
-620497062
333939883
33931520
269503185
485396820
-489151557
191766432
37311775
-607925659
-370779585
2158020
-398370
363662508
85999936
-225741645
-15394083
-257310940
-211741804
-101737680
177225256
17824260
110223000
-86318710
-15645168
275763219
627982980
-1027380414
-336981411
-439039874
64293669
58223070
729670478
49835884
-177523422
41613858
624410956
91573952
-490393542
-250201818
-146373724
768171965
-19092654
579783369
255090506
106634960
310142188
-141443540
546717888
466178463
-273819397
15545880
-573080172
246142014
-244320230
53048385
-101472466
15001758
456646896
-514363446
210584252
29407902
-761944284
-55290473
18998100
156533790
141809070
-509215644
138646564
182173116
68434674
196339986
594810054
-395009
717792183
240229500
754644375
110894040
-169378066
-333875808
-13501856
-933364154
-91369356
-218912080
108589185
99114750
-321183252
-352498016
217610352
313839680
1013753254
188376105
584465539
-194623928
-451038598
-233551376
-127952898
-650580
-4039764
-417445812
629917440
254254960
105586400
415724882
-646661508
185083668
589132940
165785862
-523071393
-302346408
7690060
47149516
482074236
-247894060
-52108212
-636968608
-768096
7808355
-188192785
-434441924
-287286030
184162473
-7354752
-382635326
96834505
-178064280
-266442772
114064368
107594414
400781094
-146893705
135428748
414257098
192489987
-840668556
141412270
256416173
-10677645
609916328
-515518236
-10336228
-782903815
-4734618
755202434
40931744
-173568180
430520
149404360
280899276
-11108055
614906301
-7616820
603975700
19414122
915041700
895999075
-592504449
301090816
18818488
620170024
-435237768
6385395
-484188355
-902811525
767216940
-243034839
170383874
14034048
-174055952
