1000
4149200
-187494447
55658226
-221394998
-163042020
-704546010
-61771680
-248524884
-314812323
128658660
-175541952
-68966090
-677867050
73788840
14611332
144509712
-273400749
108712494
196960585
487146126
-196329056
10572588
491985691
61777053
-572754620
251116031
-23616810
376392332
-161375760
353837376
-134372520
-86495364
22074195
-199693371
559798733
-137691405
-440413468
598851421
499697835
-194805480
841503910
528467134
72622737
-655391941
-55866720
511924231
195410078
-303812730
56756026
-620820145
-160246977
-27406195
316216241
253739304
-37620150
-82793780
10001680
-399162120
-96013756
-26630160
270170436
664547000
89826464
440908158
-13324800
-13329540
-99092511
223629525
406558408
179255328
-73274544
767234984
-223071492
-210624540
-193563060
177305546
-436112560
-590218903
89979057
-8822786
862279200
-130572416
74515896
-509233640
-408961204
301472226
374412768
104533936
-88409461
-444703322
488745504
-64986660
37109622
13247500
-30219168
-229987951
910426986
-510495250
-220229292
360077880
-137519668
-251254560
-65560918
789767000
-209210931
157166108
248667188
506160660
83602232
144622152
373754976
-59662215
-276390621
-1010424712
-717932446
-298341474
339312837
-441465462
308016570
-2357292
-47695310
-195251784
55529526
-24304264
-292843872
599812199
439388307
-248766156
17117292
-122184324
287947032
-2461590
-79857010
489097940
-201606912
-811259994
-58646518
814358633
-202074224
113621776
647283286
294036696
-311870059
-137602504
2278983
151651690
75544788
437393992
95272830
367915548
480056115
214555674
226044468
18586856
41589095
258899200
253158214
-325527020
328229559
-42070495
-226564740
456447651
275218632
94241880
-362632878
-261331212
488315037
-164149584
-64712956
465075732
-594563618
-210439278
24860499
603996275
-270130805
-29117382
88128659
-836829720
346586375
26600504
31157518
-107816763
87141054
-111571320
231151245
146537832
72872650
107671535
-263655380
-411467916
475473141
471728142
66202135
-323406115
303297610
57048234
-377846656
-24504525
227776070
-120858867
2000440
-294158730
185739270
-218893768
-247555165
-435803988
37235380
165855168
-668858751
534398721
-847187922
322804215
462094052
-416833250
352458386
-130395464
41245754
108653190
426914163
-95430192
-389412296
-103219680
354976848
328339675
-58522720
-31036959
-94907384
-447028330
-80621638
-37494336
-103452684
-337942566
-50523893
504457184
535224145
70290010
45952392
590197952
-108250030
178199372
321039898
-227558280
-355491520
402897105
-326808600
129576960
111750722
116349116
-23736504
-512429787
-235764704
-104895952
-234936819
-30610385
88229904
-34468551
-722832453
121129103
-86748480
96575196
33047118
-543180848
-556694970
214899750
121839552
78708732
24137218
476760102
-512901200
-78943032
546279273
761565552
-148871052
528142460
-582847413
691345630
364609164
-30220110
-407324959
-624128337
135444654
73551888
-33852040
101138760
-104572286
113859568
135656542
264754413
-337169520
-164653500
395722612
-162452308
-592314411
286807169
58254040
76951261
340900489
-346412511
324226476
-391028616
23120667
-798301515
256755392
535588065
-104060096
-394213303
64756636
290401081
-498185285
207822240
-277495836
238431028
-211056235
145669345
853876680
-928060
-124902612
-389368704
-76150930
-206464420
-20879961
-74192250
629152780
356945822
-615480692
19881664
397341972
264521781
-274808560
19000188
102176823
1197564
74983563
406974006
-456290128
-843436220
-251456872
-454855124
198817203
659412432
-165779072
181418843
106002334
655508425
154208874
368164335
7540050
387704044
769785940
154193741
-340489116
51418459
358802379
-646279605
167879844
-41358185
-186163160
94035756
-372214020
6259215
479560680
95197752
-164126095
-181781888
841186220
219464531
-27360000
-222361470
-9416828
549366930
-175401369
96367240
-69679296
424854003
-110853484
-80808822
-98724672
-547138610
81278010
786506434
-261085968
459973089
231844495
-490411070
630217584
8132595
603856704
53186848
-279527752
72091392
34616088
14014008
130385250
11798397
514536704
156901006
475883928
463821473
-161238840
512579907
172780192
-175460936
-321631200
510068900
-37016304
651269271
80197312
-108588480
40871728
-272815764
-83809882
-87728248
-30010836
-20034212
-34853644
475340456
186904244
-20267184
259172220
-228783280
-18530432
-638584576
977804520
-8848560
-164529600
-452850450
-134883411
-681809015
-338671410
-174163800
-171468804
-309732914
830844792
-639327216
110594148
253738926
-570241050
-321543795
30901095
-15185604
-588570004
-247077611
-480393065
427628024
-184947896
383250366
819817180
47985984
-764055944
-215891190
-272315001
-219620160
38881524
16369736
-10047344
379910160
13733984
20353410
325266080
56735322
542005083
-278133996
530557368
104225560
70012506
-1684319
-41406288
23174235
81621408
-749744837
-573934029
-137606763
103611182
22829150
726107292
-194510583
-193519032
-520245380
376865496
33577258
46025954
302751582
-615376063
83170800
-152532958
7242312
-210932196
-991498012
491829792
323684900
-186183206
-436854450
-212687496
477125
75308480
334109259
-219054300
197319489
-819068974
-94076200
-743410123
-164123366
-372035050
159119520
-114975744
-47756016
-402351912
-72331540
-510073658
-313083771
-580298920
185622822
-986381104
-559069159
-506241582
-554480000
312839403
3964540
-735982472
-350131848
-50186032
-401730612
202529448
208191750
-643917966
-48765740
-60551568
-532943748
-236729797
-482535175
213849864
-675022204
-238769848
-14445240
-661849610
257935565
292476465
-186799289
53364920
335823948
344196930
-271502392
-406869508
-661708078
237897000
-333788433
-241626550
-265949575
-180472526
-169501309
-378423072
56952250
420514653
241455780
-73304816
-145765528
-51801948
29867215
707914760
551001650
-290551705
-72651734
91366912
421436152
-31089129
485669474
-2189304
190262922
-719395360
-393246612
-918329307
-45573936
-108067776
274915492
-551556450
-184669468
-123979470
-541979028
-285804680
73701384
-411678345
600658089
-269157616
63987900
84549806
-224199450
486427382
21633508
-20970581
83107920
-867833568
-25797746
369491328
44742645
145013408
53087472
-45964855
-4763369
35568120
97585716
56368112
207193977
-247546435
59468693
-402810590
-337119860
-430439388
217079324
200589984
690183218
166365215
2842140
752010840
-579110310
182838
-309248905
-143141711
-169489944
-166224520
555450941
-770132770
-292911624
59789553
281097168
355659900
-28743786
420983880
-237250208
-71472549
-311900490
27049480
13866314
-109893105
-166104576
1026261754
339452100
394365483
213642414
60637324
286059816
-493355616
-182485198
61263279
-829890375
478200320
-487767128
241955530
-485916456
-600362490
626438097
8749125
-281929740
183289472
-35919270
-53565735
-447247808
158902875
10041768
15346472
-420164822
32626080
-508630740
-143745492
-177848854
-166519080
-223420230
125612192
-416717290
34061984
65164736
210217476
-461052916
-286490392
-217126584
116169404
-5262400
-81369178
-475199150
-575843676
38095120
-44042860
-518739045
-28610280
-566453928
307918125
1143870
-797040166
120358428
-84267420
152942287
-356128474
16823835
-674944252
113416932
448784764
23813907
-12474876
174246050
129591680
-75411757
-52764821
-552977752
-9167538
-463831210
-347857572
77071330
301903960
-99631992
91629579
48311940
504836852
431190847
819484527
-170861488
-144657361
527141034
-259380240
604100608
-278241902
300842520
-342110618
-122404080
-14592273
-394444959
33765468
-215891203
-92574420
-35917290
-124202204
-270413175
-10950840
7318248
-671639056
373990629
24361174
-489437181
405879876
-209401824
139177575
-276438750
173479805
-458274054
10525164
-130917904
-1136069
753170111
-330024100
205195795
-122358249
41396284
-189502656
-396389529
5423016
-160308546
228357792
218002032
57652760
815769650
806914665
-358794065
-88029926
-249398676
337328144
705214250
1996841
-286360282
-38908110
-244462900
137676890
642906935
-14054328
-133436009
-8635500
-79109034
-745816826
308166100
355737
-977801596
-640089006
-217820538
-6725160
-257307138
-528798641
78231337
-176598240
795354186
-84327264
-41221552
245995442
127317030
720135006
529255570
-32828004
-105021037
265691302
-69265954
133192356
-179134992
29159767
383488371
-326510352
164646144
-608639334
-221532425
-303826216
-408436193
-710408090
-101608806
23603305
88780384
-281497310
-236239731
-16053412
157617744
-461753304
-17645600
-407399655
-769785493
-569300103
767833902
218010621
956101932
577758650
12487104
270905481
44704296
443556984
-347548068
-24215120
-298783286
144359357
-70012427
232078734
-771803100
-36503728
-15572096
91050340
637754264
23470621
474515158
205726950
298050206
365091242
-108404515
409158540
-12083106
33306772
-3661380
-87736541
248990874
832997711
-546957232
140569092
-318865008
-214628722
326971710
57560526
-266427410
-168214628
-431950204
-320302215
-223304952
-332287104
228306738
255369690
98927232
-319501467
-67892175
-400656112
-357720534
580419648
-356514318
119739504
-32500251
406596041
-33042318
-97516944
-242029326
-111744132
286787898
992341170
35393731
385912444
493417912
-575205034
761146449
11248640
-289728033
-120211334
-269476895
9552774
-5410770
-344736117
578772243
-629241600
-788196930
84281472
2121906
-187303605
-27508628
733732800
228341540
396296460
418476978
-6677222
40126661
-616741239
155360790
201438096
-603800268
16650720
137081919
487324344
362601554
-9188247
-440647830
53950440
129835885
266554296
50261256
195503905
45197776
87929010
-5881569
174154839
47689659
-322284560
738244272
-44846892
-44223078
123764437
-6820200
-52813248
134922192
-569040470
-316156932
-64828800
210068598
-29498196
211404696
280696690
104460872
-421109804
426025080
-352658700
5679649
-97613608
121478448
230710420
144684100
448131744
251754228
75885816
-230541876
-237963425
-905155743
-722618380
265788850
-70247536
-221916399
-4110940
330419436
21553314
-15593760
-78377432
295365843
-47886869
13006081
-479344305
-182088492
-52460501
151740673
384611688
-184548486
46457011
381679184
847131766
206423600
-264666948
-400411080
609152089
853427022
-281237782
-88310134
-6605392
-258951656
-4458065
-430055496
342943872
378724822
118069952
-483245840
415090772
-232224531
-135622400
51472330
-413262540
-135502642
76917780
5808537
