1000
76611997
223109456
528084048
-91915650
-407171520
-372427580
605104402
144197608
43084998
-4277344
53507500
-488305684
852832799
22895044
-314894380
-266741050
-577974230
-67977672
10232178
-302582583
-482079708
-50074950
39967488
-173959327
201608748
-133256556
-146080800
312857766
111462230
47770047
27288534
60628046
46221521
-732867313
-347187456
363756264
65378000
-611106
140644818
33137910
-800858838
-922841928
-552782230
336844737
505923712
633005917
-13474248
7828548
-24830416
-375233364
-156459532
172985804
132338064
-387723620
-263756192
193646208
-1329429
-932907535
-38001465
473043198
46580184
190330505
-11735332
-162870378
-236908854
-22183630
-386298781
57836766
255009414
2312035
558016010
-51225322
-225517580
-87501300
-874687845
8536023
-254859136
-59328960
57015975
-55135476
-598762185
323310
164746012
150350510
633813909
-596577315
-11819264
-665552384
672474920
82876176
199856576
531341004
65217100
87351354
-279726194
613054884
122335549
-300425094
-466025176
195568828
-135182313
363043602
-33232437
-2559704
-627899973
25793385
-54138700
507613356
-507693680
-34706034
831151230
49901907
-650596080
132616029
-585587058
656793438
116077020
95611152
113576658
110422480
374590328
-61337901
-23984400
220451625
-196877484
-36720952
-776042243
-87585448
-716631288
385847064
-132582936
68210784
30097742
-18711375
578440400
268620487
-145976025
78922542
42558008
-7289178
78721617
-65054105
446925270
184626351
-328182742
242386872
28485837
493455670
15874794
-565687843
26697810
-283183498
173031316
-33415932
-41503476
554440
63076500
-356077494
-346610961
58677982
670725900
-180575556
-621245105
-298978353
-137091912
27262284
-7450762
373078680
-149848554
188149020
-56904705
84883671
-48679242
413584685
-297868840
182074770
-22780676
27573480
129205076
500272006
504247168
508418955
538650084
85277799
112762400
-341864850
-954223440
875594214
13884380
959572922
522336384
-198340387
-532744880
-292067058
-372781406
-616577120
-559379727
606568640
262678779
-327733350
-2728352
-198593244
-387386898
-286133200
-353873212
52000140
-409884975
15332168
-218918841
-122743660
-108659343
217104801
-45595240
253914430
298306545
-118248438
50472936
246347816
-720768321
950780580
-64996950
-6303015
286062128
122026600
613099410
-6026850
-74436642
-592835112
-93542376
-427415414
-32834732
71964382
253220481
169872324
-80454870
431281188
118824500
-368073096
324347796
-710105405
-493267844
-92128476
-11060242
465668064
257407546
-420655034
-170083680
-557834800
347804160
337121304
-309681792
240215952
-2908780
-331559880
-61750722
262287000
-209968588
303016950
407552912
-672883472
-654427410
-569283876
788388997
-38715594
495899208
437968377
274746430
57816832
-119101440
126242435
657054720
-84212805
-291615123
-34450875
128508120
68113488
319967584
-218452797
-244874266
-146753961
197927418
1231686
-266351958
-251444349
446405700
119686985
751442260
-421760052
-746120790
-761557173
375453127
134629485
34637526
-39686993
167156864
-31091068
-62383922
272321390
191115288
-668701188
-356141898
-112092900
-116902638
-189820080
-49203504
13982639
-172617300
665366296
18808889
-242322912
47664719
-468921290
762297822
240839000
-394054876
-430835675
61880490
296653101
-366992489
272884650
-271272010
579987936
-59310318
167935050
-221643
-9674940
151849222
-362402160
403328839
-50619584
-538142600
-552112110
12833964
-583762896
-16827260
-199541925
129334635
-66371030
22354389
674160255
481100256
944129893
-423493935
326981620
456392850
259890995
660430134
251022603
-200226462
323312715
545182880
-213232544
105105910
417660186
-9281370
433262613
258460230
151645032
750103137
-407103450
285012610
-777360542
-755368338
46703920
-97935759
-809526132
17822423
-313225416
-78241520
-96235866
-608678059
-10871190
2324194
272934300
17810457
612599425
7967834
-160040496
259377008
209642832
257156190
55038547
8627875
-96705836
49782275
-92504310
-390547608
292723696
-337962405
172509750
345935040
-84664748
-152149544
-119449372
-472644
620206584
409573584
710217220
64155168
-707592333
-75123944
205633904
149967265
-133627293
-364696032
-112510101
326427712
-15599584
233151714
501107904
-9224215
-567366800
205642644
-500367104
-199368036
12670240
797037723
-31117824
-622882927
-33626805
-49091889
-219571200
-55420911
-114845310
-232618518
-217723260
17998213
-5675184
103849052
-656402576
-475487757
-414268932
171050854
-10000880
-339960642
-2449800
31643595
876854890
-373274352
-377534004
-370029627
-344509740
-165341982
8115226
270821489
-6922152
-47750679
-122072274
330861388
-88262893
-308534823
-384809040
-328034462
-1639310
-212687877
-73832616
-342176472
-344412248
647441207
-598503017
122301513
109647900
-188687500
-821515578
106712320
190847954
-304440840
72059391
-569612400
-433071276
-271629056
-621070627
106056132
876478020
-2382264
174095990
67469028
214816349
-278829216
225277331
-37455814
27148946
146055264
808273035
186877750
64866837
190918800
54088566
-45222669
100775962
-755982440
-170762652
49873696
284859513
-436272345
-97450067
56855040
818070132
-312914205
510816960
-75561642
-101060050
-710802195
-629192340
37263122
554754816
311936856
-668479567
767719575
-304827169
-526128750
587249628
70990885
45627075
-429660502
324312854
-193232160
-125154372
-16894674
-173374135
-228044016
-65130650
-49959000
-323843202
-516961731
-366847730
465123274
424267338
-71178840
-76971375
236164506
-74272674
-541943161
-211446435
-226345875
183857604
-25443452
-2334340
-247271448
160680000
-790085580
-575131950
273804655
-451577142
-482020620
268500897
256533629
-431212425
813009080
-94981816
-160133649
378549192
-368416870
611166273
-21202821
-27763665
292839840
-65925923
386056020
439408640
649457900
7412724
291133770
6774404
-91960356
74736598
-519975402
-504444354
37015
657198
-214765478
-22841481
178950495
319968233
368351040
34516805
-95395842
63946728
-68459986
164143728
-751443600
-56361372
358288840
659040360
53775348
-561916341
244457044
-351638914
-158436864
-196463531
-411137517
-162512343
-73266966
286038649
-301163520
168531209
185510760
-354502700
310413948
122720535
-33986187
92898960
-23235352
43175975
371597295
208744488
-111822360
-151605517
633187860
-604684700
-815255490
-27005064
-202481890
-395769000
-402509461
-438361715
-83140512
-320141484
-236970114
-33722898
-286627860
26890026
210931240
-61970860
193152802
-442030500
170073117
-181736384
-469015564
-217893030
19846940
-274409080
435565950
63559880
32817096
-497035175
-43236240
259511120
353742219
468940667
-135791448
-603063
137901960
-229612416
-185295784
127306260
-654839220
-72198984
524776580
671586091
-7619254
-521855754
36877113
-355252066
-672184940
376816968
-159740016
52121580
-2639581
106425576
355467944
-64639530
-314232296
15140502
-816226147
-342273600
-460606965
109116360
-172195632
235317030
-114564060
-711921480
-444216825
-608310612
88386646
151455465
-343618470
-255155860
-697911632
231659730
-262557144
-215027069
-510056785
-304014315
-163494120
-317249400
9875532
509137098
104945550
-566721240
560144168
-92249380
-655417616
-543963644
227512441
-1490538
-199045770
210644538
-359652930
-79441312
367312526
-663430770
11588120
16861586
198708560
50125582
-90477916
-167879985
689459745
-455414853
-504279204
778383518
892920846
-83557352
109000304
-84958363
-178225021
173989872
-284403840
-256919910
-732549560
-62086095
152778835
351785304
-122820104
34745571
-881752926
587961843
280752300
299767545
659174496
-322132275
103287561
741929328
770249212
628707240
-217956158
970103032
484852566
156377628
-382116960
-359303552
174083196
125959218
-200931536
-300735252
-111220494
-6917460
145947196
23137563
-290605095
-306584784
378075240
55179270
109999818
-20483795
-262210598
-55557216
-404965302
-4906656
860090784
-36079995
517525686
536394474
-425692224
30672500
204886670
128472992
-28537696
-4695400
302099014
-80752839
348334228
-310864026
17014736
155655064
-88135272
759783199
-64937405
39918048
-410788430
441106902
-3947859
1003078407
-96407930
-107791588
6290040
283220160
53296243
-395560880
84485160
-375434598
83624683
31870125
61656264
-143446136
-142758
621521484
238506198
174141822
370700800
59757125
-106873460
880276992
225137250
5767470
-203831060
-488020578
-353038686
-110895941
181362753
163027728
-6537750
289962358
-29885175
-379392912
75082284
-286682193
7660013
-189165390
8877113
-68475905
155888909
58357590
-384666016
77557480
91889704
-48928440
491977560
-34998312
159433041
-417208568
-97662350
-646793577
-787225600
6733981
78234600
146740544
69954808
25135365
216990488
-239238062
498812320
-90578166
156739394
-441263767
-342798905
775557930
146428002
-638119888
7939925
-76515842
108794619
18037782
55800686
298242626
-379913246
5267919
419605173
41821824
225548022
188063888
672452417
-173126090
-598616860
-334152532
282465895
-143714430
348913048
304684760
-156903302
-586719315
-213052474
-331874000
304524780
-505531260
441441088
205760800
-158474484
-587392245
78821743
984628777
673346160
628173610
-202946981
-59024889
601632114
-544332420
-813752480
-13498905
-89227160
185391474
523811565
-436491727
389153115
207157328
127973535
-161565504
-67931136
23956400
-7672371
257788664
181032057
22723200
638332306
-605491716
1397754
311781755
-330294834
510300063
15040405
152649222
-877209568
37459780
-136798513
-560764610
-571848420
-117153855
-31521150
-4389228
565965400
268616240
-721053760
621612246
-10852538
-204206139
-172074574
516848184
832598316
613101888
-113666544
118863341
70497450
-3897108
627046339
-88355468
-2774280
626173800
44424254
208393440
-52192182
294959756
-48705727
-349597860
-201070888
333593978
284915106
-166290109
-390579495
-782437242
-233573362
555740950
282795693
105742969
-619511868
-47983338
9259194
-26947768
569161755
-275076280
324588252
-632882560
9933732
-150957634
-350689464
126751537
-577861830
702463595
549611642
754532352
-29615736
-564552396
236201369
348709816
18810564
-647143000
-142508184
383938768
-444271896
235431088
-327563460
-149218410
128819946
665012
-30794490
352265424
-14529144
-718510080
-33377498
515748254
-457556385
-22022928
-87638299
-6639436
434590344
-9800686
166032741
-688653810
-151371220
546442050
