1000
114270450
-399016197
353922813
-119461104
-151357250
141206753
146354112
225270516
-25710880
-86447544
2720952
572114459
-621538060
-337371076
-273544925
-2213511
262735906
143610231
-8832200
329650652
67608450
417415700
-185575698
-78814720
-113272038
289827048
-212771988
-630681440
-513680580
445173607
112747456
-287778481
-165724062
-650784780
277725642
-393156000
112727304
99352400
-153296340
827844318
126731438
201440925
-81344091
-276895470
129731609
-642830340
282396090
-214256766
-613382484
-238972136
636885981
-615950920
149989849
137386002
36187083
30473605
-290209036
-426560124
228728905
247609065
-247819671
-114300928
85035652
-21473835
419149913
-641716191
-201860712
-158810918
208462262
348805132
332552337
-722420838
81146970
-22722355
-243399620
120113920
-56056184
-22633254
-109022936
-405281751
7783479
774043641
-589276578
88137032
191534220
-95837160
-9564480
609097880
-145293142
-745399631
162652760
-356394654
151036032
65553387
100862940
16893660
-499757164
469674636
-197991439
-562602719
551511620
-66955965
-52308
-3390552
13406793
38902746
-171667615
-345020476
-354494840
-234229287
22664367
-295341480
30101526
-107500932
-898154950
-136625463
481939750
267573200
663731256
949573530
-378255680
70570780
7863660
196417950
333772164
13771008
984306798
20893098
69223882
84588792
-596110486
570622731
-90537747
132364080
150984885
18703416
-170957595
154681665
-17795350
235111719
291909625
39304659
-159523210
-675500083
-63133436
-20284416
302728010
737508261
-860991660
-210222305
484623582
186713690
-183029088
149287424
211411280
-365583296
-75392270
474039660
28751008
-66659490
-156837024
547358878
155483680
128771136
422257728
-38755890
40286048
1530880
-912754944
-307069588
-523361960
-261155985
30368592
510617314
151769767
34223631
-438634464
-250029840
454918998
-431484810
600872689
-157724282
129063162
-311440248
-4371570
447048735
727536704
21111795
-61657725
78883016
-248115791
218724352
-111094991
-99618180
-598092
37187325
-125228290
-482417552
10314040
154849125
-181038064
143360424
-408877216
131217826
-651766654
-3505360
4763248
215986806
-9526239
-9355890
-652741440
-226860051
-139507348
-54959504
-223086528
441563353
-22254597
436969215
-293566284
-96711300
446122950
-98630028
-52116984
-174351240
-6409692
-521478477
224229014
-462440244
27011845
89221092
11811000
308137222
380673306
535967523
-292442868
-200049101
35244024
16096500
114232502
-88658864
371164256
136222695
294702824
884685053
-9677094
-442722160
12387793
-346709673
-52186800
-5376375
-27692000
-578757384
77985804
-179422544
40067330
-179638608
-685976571
-58082859
-100743160
-69728126
75470031
159128840
114175980
-829085949
333302544
105926594
-106062710
119093813
-823116
54648238
41633495
399260910
650606116
442099560
13122540
108545240
-493268080
787606830
661155665
-32438406
-661413522
-56528615
276705660
323709261
71892660
-286303076
-313379118
-72190653
-299625480
-139167184
462119750
88246644
109198320
301637410
50365770
179312975
54421248
-949950
-519804054
25156552
139657597
-50407000
158592700
-39169299
545458320
-161605852
-191692089
-437427534
-390099996
322272690
523956411
391443276
163898240
-290528175
-23751780
-226193214
-155491350
-202882097
869040894
-333634938
377282620
330228390
-145679760
22630619
704100686
-454431058
-162855744
-256446324
530090
-29355635
81742540
-27274272
108422496
-35068815
266123508
-207271540
-34382026
-517945565
-63191132
-133367860
249984900
70333263
-110607528
478578672
-126741010
707473071
-558285954
-127869128
9596176
203550724
15326430
-322437900
-104414296
100263340
-574424100
-785562408
-91624680
-230098356
98269856
228160360
-160027464
-399167072
-210148
-224140478
524608960
-569292872
-941868800
-112239127
-106477893
-19105708
147007728
-180114066
127435040
531600000
237160523
-300673778
-146547120
-79500330
21355812
332218931
-65357435
-615887874
15218406
691124238
894340634
508882900
-55051935
264841974
626353311
156640566
-58748382
241251692
927079309
-4388760
319557690
146047000
76407126
-10413898
-385986304
-294638130
30798848
-222367448
-89706708
711520425
181845334
-49827960
-43829505
192364170
744977088
-284495625
325989378
515372055
-225173312
-520846920
-52401058
-816290262
114919511
-674657361
25948811
154474816
-76841958
-633125352
691574290
13035121
-5912172
-79974180
-35485125
39479832
-844857
145097975
309549698
336021927
-520641212
312788178
-165293040
37779104
-317626960
165350266
635750400
-93851733
281148550
-257124188
-20101356
-97342906
428989055
-568129115
-301215936
81991323
129423012
97405092
-227999880
-120845030
-500882532
190929840
-130929260
911499060
-318978616
55377840
-65347398
-263907511
117844612
-196734488
-493491294
258982680
-1365644
58428012
938351770
39950904
-106038764
112668101
-983394776
-362878565
233593695
131877075
318395220
-6738264
143694915
-104427957
421091604
116910234
-571067200
191889950
95365712
87699897
-392789384
215021115
399530030
-398176154
90144666
-9824906
930600
-223351520
-14236139
-701222725
-45397086
7594653
-668215800
111550725
231714348
228230360
-76608720
367804422
-807675812
-256575802
-91495200
424358500
-54111046
190087590
-505910659
72095832
4540095
-33644352
-196784768
158292810
-50357860
-10297763
-145754359
-992033640
401038176
-930623904
-52169799
-429636512
75586434
-401704194
-92130750
-478153916
799886640
183248021
15292224
-105236640
-200697134
94073664
-595707795
4725981
-177265335
-135024186
-256123224
425184704
342737775
105246012
510935656
-168326928
-133648290
-21321817
815670
-540102291
187104616
18641984
112169859
-573964920
26879784
288725512
-260354151
-341133448
21882872
120437994
-725390913
161492580
948249538
308946327
123737294
534509248
76603868
90279554
26032087
-18457408
-208594419
-236454768
-204934770
-120350550
447408192
389297464
-551985192
-384977300
-33371120
401616528
-10671859
-332626654
37875432
-326312688
-10088300
67637492
210572150
189454440
723468460
-558516666
486970900
130874330
-22900295
-802965969
56950200
8300292
-121747094
16768566
-233433018
173991450
-247621600
8234082
-219233970
-274276316
203645344
52629927
-227752734
261647390
971861007
-490744020
252665676
13860018
-488498736
-146978236
184930220
288675699
54451437
167193000
317595305
-137957062
-40483303
-149241414
1530840
65309002
-44931341
549520034
229813132
25128
545693064
192472982
490698815
422841141
4375082
502654832
-272914520
-112606776
310211120
466017785
828570280
150909440
91232122
632159640
-322392840
-248541426
-479216592
125158204
795385344
173381504
-107564891
48038319
-78784943
-58591554
-472274586
122825160
-280320300
338779082
237574076
98095716
270148593
-24287688
27758055
-95442375
612803218
-376856150
33838721
-90980940
27753750
5264952
594434379
94825044
-396628474
282759912
158097929
-441216256
-39612848
-657689670
-704885363
-204354048
599784984
-432526640
-529115306
-881732852
-251509236
-75322500
168952380
281157798
-152650155
351773820
-75502365
-597086352
13403702
80640940
-75428752
-427180350
-110253084
-251067558
70320154
-174018080
536587800
-88624407
-958889168
-83834454
29678600
530716320
522888342
-296365656
300055680
-207774125
-6119400
-221943804
815569117
60958686
-543719148
-40572750
429882608
-660112650
-362341728
65935173
-22465872
5888772
-280836517
-34870500
-481109775
-21997710
347528844
-12952386
52506880
-55430565
319121754
496812420
-128553249
99621286
-38410736
-55884679
76421280
208283272
-167514291
-141464800
65468214
-556369186
-260152290
-213137152
-114231580
271846000
845563719
-88295247
-453192620
795380797
-233920032
-172200361
-511235230
-188334576
296632728
45507273
63817618
-186724914
20148672
-447389904
-81681021
918265007
-624247910
124282990
247109473
19894270
-653460552
-126103912
-444812888
87151883
-87133500
-21278100
15833700
161612685
-23937084
164842161
115441200
-261405408
-47779767
-113212000
24717735
-71252148
538992494
860276085
-236379348
-33328095
-15076742
82814214
-169641762
20535585
-445982901
-329264925
313367195
286025775
672234896
38999814
130364352
-213019665
632567320
-34799611
130408302
-95037525
-254119680
698184112
210586425
-417122181
-156627720
290216054
691340760
-567473842
5827602
-387804684
598353230
512003140
-333478599
143830825
280053522
-91015301
-224654085
659457449
643200702
426574720
7666502
-271510785
64038416
-782152847
-1994100
188386020
-170611539
-459647226
141359050
1001849408
-101308704
-402618088
39318756
-626940720
577829018
565021842
-473653389
616564576
557361840
383755296
-339077832
22073022
-54082306
-32332300
-543562833
-470839205
638353548
-43856165
186182465
-339238106
-152843952
-103027383
72106153
-559727838
162170786
71417024
-395621314
-37257792
-812527104
145672083
-176382728
284691575
620541045
-853253205
203043918
-512556760
-979073920
-38067462
-132552238
-146320944
-612824510
140972632
-23254479
-350037282
-943987858
149521312
132328602
540066336
432972736
145225936
-517919708
50028297
-786212840
-149336060
-261366848
316769864
211677816
91738459
352204716
-9565056
-16884279
164835594
644453520
99266394
55999736
17171424
356110053
-266258290
-134437381
90943950
-23956039
325806608
-61817520
140694393
-8314956
1030839488
-345589315
-125672544
650461910
-442732500
279540180
13853904
121860232
-44046960
-53784434
31582450
679653000
-574465768
-370545448
-743830648
-510994116
7914255
-678368691
-92376936
70764498
-201678297
-320415569
67808715
-622755
597209256
43233354
-18415202
508319727
-59286492
683859726
-4136160
-128170053
652251944
-868539226
-297196944
144894226
90518543
45840512
-482885064
825654521
-867648978
391777527
79864917
408235798
-298352232
477954399
105414251
-634653440
-445842948
-20067432
533095720
246969384
-488924964
-71346156
-73276500
22327657
-65277198
-238079200
-40276992
-34363312
111501708
946994127
-344231440
421518914
-358872890
-5214601
-379376604
-338818806
68126038
-5637022
38769030
963796708
-453747852
-197188096
247265245
-279061200
262854580
640842936
-100063116
528337671
-266681700
-326273871
-9658800
-64868064
-52511947
-15578604
724771817
-323623346
-8628816
168006102
179350728
-78120636
-266925955
266061744
-277698657
-459862081
-125979300
81104267
-617456425
