1000
424738944
7923384
290022304
781069632
-475226500
-371006922
276478796
14240025
144413192
-310483953
481349388
50544351
-461047096
-89397936
919062520
439181808
21935312
-158375600
356350624
-10493952
-814808684
-543733385
-732732000
301155642
837148885
-240035775
571368980
-810902028
347099486
-66097280
-320930272
120637440
111082734
-291233800
601892192
99258760
-53721468
156154322
-6825022
-94523472
524248750
-263623530
-286802460
-493684608
-256455663
35265363
354552828
-259920550
561170808
-990568945
-483078219
-141762486
-347482257
-262995525
-553062568
448378112
23000583
190983051
-212901850
632487450
270137358
341175720
-391839986
7269795
-472946490
279286056
281147104
-403300100
83088916
-682693176
58607229
-696831490
-435959525
31909290
-556121951
11994571
-4269034
-50260670
180976742
-379539132
-36363625
-176192310
-310002903
71361420
-588510728
-324804732
562429626
248304483
56144824
-2703155
-5383372
289334780
14571975
-171729434
-227231175
-330654998
184638980
-173839850
136570415
-13141359
410433663
49588575
575774768
-170485475
546087411
648094392
-65381680
-16193450
-389112984
-10983504
113062376
16077725
-271676215
742055702
428077260
380994894
14062167
630844680
-324114800
-238853520
-234329887
-35032823
348669900
156165818
175783152
-966042
-255072966
267955050
-502123296
-124968564
59208240
21267420
-111161350
203982101
421675606
-23060160
157978012
399424592
118968885
-240963790
-825445334
-298576928
564206415
140835101
330560532
318860878
463001570
-6271184
482291478
-40430247
366259752
202784
302692662
-35269416
17503048
401013984
-204066497
131673760
-2457105
-907165260
-828370287
188279967
-2653560
-185054000
-238797262
557321160
16228140
4065700
-84361773
515158464
251194034
36466560
206358888
75012340
122939640
147364932
-647585817
116376582
109522925
5846880
-58130728
441173940
-3327048
-491018330
84790668
101751592
151665847
74550300
46390364
-20957475
115335675
-662382852
-314776680
-143711098
-674120124
-71802480
205520238
-37641516
-426565705
72228492
-387532898
986640660
-1000856945
-106726438
-44919724
-4993155
-168720882
7786500
-134783112
613115071
466820331
413512680
-36693140
432929004
327065088
-488807116
-282985768
624669576
-137846475
154234240
-710563406
76130250
-35321000
81409017
-258134208
-400130442
55822185
589207124
597003110
13038916
-2804416
264406023
-640228353
-52803900
-242963100
57519031
-470668432
296665309
234545595
199555466
-753725
-175069056
790843480
-4585658
-300220606
-107633799
41353928
275754872
-326113224
131541817
-230799400
707690354
-556376680
747979285
119358869
654642146
74809698
227226570
305410240
-784884210
-62285248
339993752
354779344
861283602
277040959
118164178
358619630
-176661084
448126041
819229787
-403566584
200875664
-102656035
-402579304
-13509300
244750880
-21811600
-327092224
306497892
120056399
-182997352
450209832
27574524
689039918
-71472611
46785825
-374194395
-28036632
163745242
-217526280
125949812
936636354
194303115
87893208
-162577310
114484846
-3345764
147759230
-257387046
177477015
339189894
677496596
12488630
448548045
-341611140
-149248517
28898384
-183425688
-478980005
-120469770
3724650
-126316366
288302480
-762913095
59754104
845943640
-544654756
-125810164
505870071
-446546059
71464635
99414453
-553867480
-252342560
387179968
776152771
127206978
-38830233
82622214
123792053
-118952280
20260350
-25352088
-101278000
-717684396
247683600
-119270885
123289666
-41417916
326441843
46233110
182121696
254001356
-205207600
-54450924
-24034881
-486249928
506373426
-287420419
10636308
-44629442
50864231
-64939810
154405471
-259806360
636477120
583288860
-508446150
-477785889
252596499
116607090
300645099
30427488
-17941840
-90813910
516514431
-211443904
85974380
-81375265
127859176
258831240
-31220796
-777909876
-393922281
116097904
596534640
349537594
-2456472
778016437
15583686
498996736
-673671051
-285956190
-505046
-809034304
-231015824
303576728
-65206295
561850212
11720296
14635404
-618764700
117968444
36583232
530549721
13250205
7784385
46337125
-270457690
-29732872
-161252785
-245052
-1940970
39324492
525317520
-91528952
174332494
-725773230
-196759500
87937164
495831624
-60632914
-384656446
-40289400
-30909732
18017200
-137217948
92914564
-47885950
319771236
232535850
636254740
121213794
-281810214
101064898
-567752472
553903488
380392125
188146112
158705794
569155536
-70730880
288061995
56074242
314153090
-113057000
214047522
184168775
-147779430
164985106
555329525
-314099212
-105620367
-876819536
-52224853
-409812188
-26677984
197330398
273201436
710999665
891268
-480879600
-184812435
750308192
117207456
361461100
-63148440
-220604790
367121680
-61944080
-46008500
-87622535
-25483062
-467250480
-447919616
-257163808
-785337748
135436974
-226113274
-821331088
26618342
171870548
-217467585
-410436568
-417917556
283295547
387028015
817796915
-735024225
375326790
160206024
34106128
-91463680
2008800
507534750
-118525824
272354691
314565078
-260118876
-768818565
4042903
302735475
-282564282
17293875
-776078730
-95248062
-58608922
-35069625
203171475
645929640
123004296
-1463000
-56804328
254363184
623268370
284981970
-885448188
10331835
24728704
-226900872
-473397352
496139208
-454212031
-743057689
-61302423
-171422637
-30570900
79333254
102290108
-202171990
949512090
37115370
-227719030
416513592
-129313650
-62169840
-120280254
49944246
510111248
-407074437
541434960
-837066700
373028760
364012506
22317075
190682540
-107274240
-27135304
-648867114
-449914644
-26748930
-65863350
76544277
145039274
108142476
-133395974
284992396
-57548036
-168516481
-30016980
280929480
-166920320
-158275420
109682062
-687287646
70728440
207128624
-15928632
24762333
-221875466
-49532322
39421305
180514373
298978934
-38172178
134788434
190296210
16230954
126564795
-103595310
-31810712
-123738388
-638360024
-176913788
-21625744
9358875
31004064
-86455780
226741494
221208080
-270818369
-392628699
-281509035
24331860
528249330
-485223231
-135793875
-476439169
-520375500
264350515
-75854000
820901760
69729905
-83632750
-111345300
44583172
532121080
51996658
-60130290
-10194184
-170259625
-30663440
293162681
77003160
391805375
172309600
-203294700
376971841
938011448
-405552
243078051
340718013
457828700
5303232
-16590990
51151572
-708980602
32940600
-621733286
-182127155
16515940
81620550
27541455
193107238
134174376
-24335871
-480528216
-759428736
16129949
-887491323
-913535728
391279020
-224118426
611142426
765129228
-1051510248
101008390
-860102048
-403986700
-196286688
-109653510
10414020
-364711942
-30438720
196303500
-535013556
281841336
-199808583
594886050
-105246583
-556638368
-90106732
-301314216
317060188
-29974518
-9999232
93005616
-77316816
-107996983
-859175431
223134048
-80518536
-645593760
-142114575
-140609248
-435097968
-441916568
90858625
-3752232
161400501
608010856
34378008
-48179670
14840924
66797640
-148433274
-176160362
625305600
-771079470
669894162
11361276
-151686288
190100856
-245763126
-6309344
-109713148
165236094
-48864618
200193728
411748778
-126786123
88480456
273258480
180074061
55295487
-175154280
270749760
-455441497
130221630
-947760450
-148813200
109042206
-184441608
-21347870
118791800
8783560
-81981480
-684364206
118736928
496776294
-240520896
-264187637
452169085
-886462290
41515350
-200678898
-118898304
-8670459
637915320
-8085674
-175840000
116369760
-818549028
66512970
238914432
-336256071
171769855
33026574
461057703
-118079808
361684317
280310590
441983703
21105040
-501432237
-362263310
-39918300
-178444750
86010177
69305568
38512202
3640800
91795650
-8775525
-497598192
137654828
365354300
-441067176
560671815
72398640
273107736
-535140632
-379204782
757378530
248184594
97009239
-134503047
420260924
105933160
70060600
-108596765
122638120
-791083196
-855836611
182525091
-82888878
-93257751
342552231
-62677932
-33275084
-100980581
41100192
73798848
316296292
58842693
-634171735
-200093808
-819981
318802218
-300332648
319052979
-5817015
350896788
-21224760
-34050975
-16369147
372293889
203920664
174377772
38932907
-129046645
-245217192
19969673
575974032
-293131122
153791619
-342157944
71964424
-451799964
383321498
118027962
-757676000
5406336
439616402
295504264
-14705510
763147760
-181329540
746835054
-185229176
119599012
-1001751394
-75680226
99066152
285058422
-73767258
370412030
10873005
-106167852
159328091
-70859826
406050680
504884576
-88485612
303584640
381546554
106818160
-75683334
810057757
704378220
-378605164
-4452912
-1053352732
-766870335
330213996
42397305
-679678308
-64232696
220974432
-488779920
-316365056
-143300308
-177679942
-222841935
-525664000
203295147
160107882
-168487683
92013197
98942950
-364829764
74803352
-807098570
-362031415
-49705929
436825540
-102392664
-329162027
41028190
25574390
809801291
950091206
333432086
-577222910
-581198247
371541126
-187343448
245798751
-284473481
-69110712
956014928
444555136
-42336768
852528852
-291258825
-676428820
119939505
32311545
-117402861
253483840
77122300
889266846
-35382853
75690745
-517335756
320242880
-916440720
577971412
64083222
148551430
485710230
52861944
142463178
480189
676591158
-59127853
503694165
1089990
-64726276
28802612
-396976020
-26866320
777127596
-29448360
603091088
64111074
492129208
296848164
498523008
-26971581
-489808030
-417542088
-331541129
-102161162
490024965
400340298
-276717612
-20795565
108724076
294637980
526513642
54903264
-23964731
-625783590
5618200
-405880982
-144749819
-581449453
-345778836
32615202
392680662
281716875
241384020
59113098
-940224440
196923132
-56128234
150086600
675669376
198650370
-205641180
477639980
709272462
211534896
-382469152
309773518
21710116
374174616
185490600
-13051992
93533224
488566308
338771592
279316861
-21631776
329132570
233996400
541946200
495712180
241119746
-90821010
-7447698
-373767973
23956944
417164319
-252321881
485891856
378577420
-508613586
35182609
20143198
21822693
-130345640
9687375
-326198635
1576080
-890610512
-94498740
-127175180
215608620
-76689801
916140195
168928920
-8106381
96250092
-312433272
224754080
747218784
-559626295
47104200
-277750324
-188353789
481383696
21017150
-12091428
61456652
398723962
-22234602
-213534816
-472863216
