1000
272582145
-168787849
-65737123
284596799
338402012
-621996978
-196897323
-102155446
-485133604
-21337917
91926846
745980604
-38945060
-327920772
307137305
-363398672
-330312037
-12440736
166694900
39449616
-212242720
-534167164
122909926
-395726230
-444000296
380729972
564139944
-8588928
-186906253
-644367787
-899882256
-337101800
-124008570
-48662669
54168
480455912
-372641840
-6468267
69492516
379951200
-19077595
-77595936
-1339265
505845216
114599898
-202857692
180463888
327932797
-41370558
-44721079
362916558
-31253990
231680208
-291043035
-668011435
616473760
357291822
-248883479
-496555458
-5293900
319438080
-191375905
-45648072
69033888
-48149735
-247138910
236022556
131586008
-287243375
4066808
-38086524
107488240
233983008
-11699060
213470334
-335648529
-166414905
146477565
-192774050
-65010744
305803344
-256498596
411348992
325740180
24698592
-203385858
197827488
640756402
-178227504
88313330
65927534
20592876
-436817559
272005811
-67916238
51528105
-23137902
103811355
-102110484
496592811
18682950
-322561344
252409899
-147980835
142775844
54529584
-30068740
451180092
884168376
112372905
759807576
158286240
-293091789
78547449
540654155
-204861250
234865184
-712781991
-126598762
853032610
-247418624
-236771960
-209324088
-101550409
-141155324
-284110745
-178956327
-27965952
74681611
-58287970
-23155616
699662389
-28165125
-309307680
-561278103
-247267614
243707616
163912582
120968991
-279806700
63305040
-150960000
-689892489
-423059455
174266560
-267074720
413196064
182958405
-4170828
320559525
29451936
-19823601
352055028
353373513
14444510
60208785
211873984
-160056376
-163016140
21096152
95027940
172643936
-6971040
-245529973
-372601928
205979976
394478467
-724248
-163214784
4261530
29199960
297567111
49766217
413429172
707192305
-2809660
-43858098
-67334176
-57849871
-955905024
-8402396
-146653134
37063600
66284097
-890844734
-336897445
-997074750
-159589248
-70558058
-226845160
-92462832
-6440484
618430920
-31339840
-260884530
-439800842
323494080
300118720
197614658
-117568400
-563480775
214609960
-102099690
-56715318
368884530
-582547794
-389021908
-22876030
188952804
113593560
-269727441
52782912
138449024
-295740660
150631950
-31444956
-84104188
-8597462
-264316184
22752375
31929261
464503413
119318750
-22414600
-410587905
-172501550
-27168224
-121527380
-76839966
15305026
56696832
578936754
-39233404
230325363
241401060
457739815
61048375
-172409823
-230660739
-136671200
-634091794
-178924018
-176706850
764543600
-35278596
-508921
22672764
-15399706
184095616
-896616416
3877320
-569961125
-35482482
-77907360
244062918
373039205
289629680
-176239629
471520630
358703128
56320748
787512051
436002372
-1523901
-27035361
-113281344
-215410736
-152133822
-503499258
-73691478
-672463656
156555345
516330234
-413784692
30497172
-183973504
-57589696
492456996
91857495
73546770
-200120912
27653936
349011788
-113278285
-367882460
155621487
-468868143
-332664516
-18117190
-684991890
128990190
642388333
340834808
-227205618
456116706
43438293
83734660
718398252
113506260
-40680900
259265375
-139267898
-212368130
228390240
-704191102
-21558456
-132379379
-263334357
-644481000
-38111708
31075990
626792799
-241093224
575025000
-12588919
210263277
40204835
300698824
25501204
248133572
271984383
-213480024
542988498
-627991578
124711680
38980350
140303160
439711120
-16198200
-35249326
423549462
612460702
-82460221
-1052385930
-274890084
-71659616
53986084
78751820
353841408
415686051
-229808180
385737250
137034546
-205800
545147962
163043640
77363092
-215764736
58665600
99837560
407034003
-155168367
138781149
77061260
396607893
-279184258
-754467500
477136170
-313214936
15940740
268960761
17901992
-561482460
-79829646
-418805190
245711988
-98029560
-250632603
-658941096
-83672925
-246591153
37593868
94154445
198332064
-450948421
-691202694
115196484
-133231824
-20549052
-75741453
-460311780
-259985250
-925126450
19554675
736565040
158718818
51690376
781639892
-30915495
14074368
5470400
-728486880
13623456
92019999
-355780425
-25596484
-190482910
167602050
124629200
395897040
578000787
-706770684
564576551
46345427
-26483145
343022625
724978485
111048672
1800864
6422384
94765473
13254090
13444827
585368446
-134957568
-84100625
-40305060
284117904
-45529282
-326667444
71453244
82904229
-47650590
422970263
466740208
-215080584
-326482807
254896638
-209908206
13599632
99267366
269206056
-208195752
-166143021
696611388
-395239498
523975880
-332214309
-174556655
257019456
-458895195
103741420
6557964
49359492
35271120
366382800
565045360
-180727884
-641887110
-31906129
-620488586
-100696314
171015845
-33785648
134185436
-374086176
402770572
26622021
24757125
7111728
247000266
-131236037
-671400520
641446596
65854316
104798574
199206405
-91726900
-71919387
265085804
682454076
-714950992
296221002
-289689764
136004979
-438312124
-451215802
20512130
749256547
291969270
-29986923
438943536
-63496434
591600378
-25962714
-131205852
-41624288
-83722569
-153612450
839699207
179823150
-11595122
-163997106
-2188580
-140883462
362838028
217430372
186744588
-385744560
-237245385
-497926345
284289544
28275354
119579493
34224801
108389528
306645087
-272368537
44542515
431025975
-208630626
-591091324
-221846121
11567040
-265179420
-315001208
-502465754
54625648
-572129957
360299049
407361279
158983534
-235581344
-11747425
289510000
619068966
873201840
-57336930
158219215
150243885
-189419985
-852822
-35591220
244711260
-134723160
-368304531
-512910012
-255282405
637576576
-69445420
34001955
-13635936
-13282326
298076112
685408728
-66536156
-440630877
77821008
-756905520
-80250457
42349941
240977970
-145521444
-96361812
-43432065
-10193048
972243120
315920028
-39846506
532546350
128316488
-56482304
-13661760
-36107920
-117639810
142675610
-291061997
439159000
-504571128
-29899947
-33093595
408912
-181110384
-6677710
110561500
159190560
-153634956
37680135
207256614
-225969804
335422064
450145157
241833924
-100800225
-264598862
5870738
395895324
496068496
337200689
-529433176
-459063189
-2546397
-618522900
306168520
-24440700
-155763630
247273320
-80670304
-368581096
-446081796
-541621480
277649969
-291560472
28951310
150236800
27273030
290186965
-91083804
650893374
-800494340
534110328
158833116
-60510960
-18161628
41148940
-437211370
77483749
3469368
-117146580
17176969
427065331
245212423
-13479374
204635904
291083240
43535817
-305794044
-340276680
-345187096
-989083208
-272356700
416567270
374991003
-768792
93639840
328887889
-834874398
-247737244
-27115816
-250609184
303436887
-344990170
-531304065
-164193456
501411400
330158836
28885738
320989518
-493002620
-359629824
-357587240
298360230
351553892
-583630191
-126104640
-780030750
-44014794
238832970
70816268
-113892506
-100614910
60026550
-84461916
-198570540
6355492
-110812506
125180670
5774156
-786822042
-317206120
11536489
-403756515
-76499720
2267694
1006597548
-541687490
797463480
127668030
-63740930
381908925
-2231104
53877811
140776944
406922425
-5311552
-462540700
-240299640
643633076
-218379425
-255119559
423559041
18346744
223633948
-107032626
470893605
369572770
327647800
-102825741
853444764
620661992
-657453992
-7038618
955346448
-606264244
42002910
-180170244
-121754544
88827462
-8006600
-161534428
-125004306
-107566179
368141136
-119141991
515716730
135306600
441812558
209183648
-4127172
333822140
297770326
-698453698
-317205144
611863453
126688002
-19433018
-59302740
48064710
-145765824
155708000
-109558077
661003264
-42977550
122615332
-435958172
171815994
41677524
-238871290
49884120
-30617669
122372244
659175816
405294155
-390172148
-191878488
375809940
-26538732
49235420
221205406
-74992213
239378576
-114084960
-215234520
-207241090
-265984110
38987796
44255869
-13144044
-410038815
-123620945
-1771347
91972872
-115821160
573037730
248602260
595114729
-190369108
68269133
-400313556
92489250
208802910
-638037686
39228952
-151167060
-46300560
-465759789
-422512600
121400860
112144205
-18531960
240746060
557218890
-224358652
81279055
-709168992
73032680
-638107120
-436996522
-48883428
325085332
-574648923
-351904864
-505284060
55168271
143041046
35727296
-508162044
577439604
-754677000
471009480
312378486
-32845425
-759603680
6316996
-202826420
-842909650
293098401
-38018382
163849300
52275300
351124096
-466969600
395476488
-271844349
551912193
-105980940
25366242
-741159821
152690070
-204190560
276034395
5579217
603010590
-298620130
-213940337
-965736
393251336
-382594726
73888848
-318201308
-723360
3193780
304579132
2290528
82773220
258038085
636593364
-421383972
852675714
-552353028
560704320
819623100
-14706930
-137470846
23757749
-23240046
-411767450
-260001910
-425874048
-29228745
10774308
254117450
-623956797
-311960548
-29145250
-86775548
167104284
438695523
849620618
-545086845
-834836236
-763632870
-404475600
55539600
-43230443
558096880
-22626864
-241467058
-129400821
218639725
-117220581
-461664
59942470
114920148
-446047964
-71985680
-297638873
26677981
786542385
140787372
-418124936
-187563854
-419186007
-89837163
-310958362
-279813380
-103287204
-219347532
-106037214
-110139430
-225973936
-8707957
-118272210
142376468
375979956
54913599
441542060
-219688392
622071565
-492473682
-10055760
-209155080
-67002672
-235909068
-644285798
-143534862
258392736
60885918
434887200
-425903975
50311172
-730300562
69907461
18452224
-259213634
-116827265
-312357682
-266879668
-62726125
-713856220
319251240
148023014
-301698768
916843764
-131510212
-181811049
594387182
298769436
230701401
9685896
145320835
-365524258
-186537248
18695340
-460221734
-239962020
12597488
-186017760
-38585515
17422335
-90098000
138987250
254996640
254021125
206955150
5622456
-45768408
8928456
-333099054
-138445312
-507281940
614102770
560691664
-273262080
165956793
26572018
62088691
-114752605
-18754128
-303659980
-41764106
116252136
-215396566
119331001
-354289380
102090240
-295819758
-84889110
24729320
-357665352
314138880
-57820818
-37114209
25220712
473502290
530630047
550707080
133613280
294351600
-427543878
-98665965
-163343862
-804805500
102046420
95172836
331259742
357500846
-80455752
-105313817
602162308
197567481
-161275240
221109144
27650818
459266568
95575536
148918536
-30898476
-42206832
142150476
