1000
-213667740
344974267
-448058779
157572714
-593983680
398600160
90874542
-669462179
-268363632
-140711232
-167238918
-141207544
434992950
742237104
-217699482
-261819822
-315391440
-64331057
117514500
349185660
-157407349
21372624
-212163530
-495536552
-90831624
-85649648
-480205817
-39478860
-713334489
-65643750
380161398
556205480
-440516160
-238513009
-256487676
-656331397
-252181656
400471404
-2480300
487018584
475623924
125467438
-405198268
-503017060
700207641
-39095815
560009606
-31091248
-906700
627157895
-223477002
195199290
-136923318
-14809061
-84693405
12118020
587685174
312041016
456410961
-644325138
164310720
-10836640
-41952000
-305566452
74687030
-281801072
329602851
-182115864
-733621041
-49997250
-110424656
236583000
-374635775
-538750439
-43450623
-261831790
310591638
-28733846
45473904
-391488760
-168705000
160836444
44870260
-85491810
-471204864
147276116
686070456
130144356
464946836
-110603445
-582055960
-729342228
159954100
698743176
-108059796
74382690
-522283078
-4807400
-778723660
-76956714
-249620946
259808112
26186806
-53112510
579765294
82441722
-331246236
263773594
-322227559
-151088652
-207946973
-482500096
-143260320
245460774
281896848
2007390
-340072332
-63344760
-128208601
104224610
459585672
-837116280
127557298
-582322098
727936395
-359489310
118602540
235689048
-182803500
-420809400
263032510
326385140
1435511
-403171104
-566399268
-6812990
-11621106
174451806
-855769449
621834004
80662348
-288148908
-475786104
130032658
-178978480
-271598914
-934779040
380567240
149462742
-239096082
595747288
1014248448
329023149
-635467378
-249837735
-459507213
6144210
-145752565
-185744799
-19165650
216750290
-847144359
-45779760
501925952
99571276
-24788934
-26419194
182225820
36694329
-212957500
-41597691
56805418
-165412980
107440206
-195697694
-36098114
-848191738
-225308090
479597250
-385793532
-204275371
-37009665
511511804
75431811
253989512
-112587024
95602760
-197454142
341447680
-231200470
159064113
-187155732
-208252600
186836004
-200041050
-106101307
67278588
822737790
295938432
191042124
526873828
461772663
-419348525
118377189
189664524
-262471560
723532464
330959207
-352009038
-30996420
-28877952
-341862360
-203094660
129664048
-586612336
146148340
82576410
-334558213
-75044408
196416066
-201848096
63059373
34698534
512291160
-551260908
-70928052
222693768
-35694734
-6317220
-204023336
484851445
-86272984
693503181
23454152
-44925900
-119524176
248868936
-153011360
83216840
-16525392
-63871824
-239642892
43375829
-1381162
716197740
-377084128
-545108850
89881584
-292530811
400633057
703097031
61412962
370544745
-176450679
-79120181
61625780
377035231
45685900
-153967192
539097759
-470255548
47552400
19170012
-357848190
-628817574
56851348
-282931180
-319191262
716589565
-214980140
-102786156
-355486350
-163507460
-615657494
124441427
855831084
421960065
153472165
-17523744
409841544
489292840
124313480
461453460
-610480208
-256124856
371525844
-22722480
-94974213
-162984780
-2928240
473429715
-127819252
-136070568
406996814
166053975
5817735
-878405492
-19284360
604101960
354350646
-216537111
989699200
-737692620
-285644736
192931302
307960170
-397222884
85158114
-90753930
13337103
-64613655
157225240
-533841550
233508987
401853540
-270324450
-361279376
44038200
-519610250
95731691
-750246410
-682863360
-531469755
54419116
15318072
120081234
327032400
125316140
487974680
861525
-124534960
335616662
116394777
-48927432
871936232
-113678220
-185388333
-60351432
621528000
225137152
-163127224
-313440578
-368805372
-258425432
25419862
-886998726
-395603936
24941307
-400037372
800442090
-289657508
-20713671
842574360
800993550
-392587240
-359720634
124707425
224239332
173551196
33906432
-367825044
147438186
684595095
-802580562
-254738020
234730539
122542764
117560569
-198277884
183058920
-356437125
130664732
392101864
658963606
204327200
-23936745
-221645060
887106421
-273421248
-469674075
-56811672
-468444808
-726820065
-540607925
59536754
-459858237
129462606
-811021400
519023610
377000988
-80587164
279639885
-599550126
-306507300
-65090421
128549439
104861190
251600881
-119848554
313909489
281971821
-12593604
41989510
17545696
-119151532
-91047521
-42406584
192530680
-237790560
97979410
152493224
-197042010
135081507
254690124
288404064
-657728932
5327226
-508333008
159383520
619878636
-387433854
-229464000
559363064
-18448877
74527526
63875444
-564796375
251311918
236144025
-38473575
-144137734
-82530748
754190736
-19786770
386173422
122823690
-46412100
-39128916
-81064412
5445993
689266424
184983488
-623809594
559635894
828592460
-207056660
-380031150
-750052715
-19164632
-542448852
237134247
379486410
-691915887
-278868404
-269800950
99359883
-54425553
369521082
47854255
-258483270
29880208
-6537900
46394076
-118770102
98956092
26990040
-392069332
445444586
-345463052
-598262560
601569504
-459975763
108566718
-410659504
192044472
-403040524
57171266
-149409710
-6952632
-145956482
187034214
352313580
-125361012
-449549875
-395620713
-294147754
74822448
-109600264
-72306000
433739280
168654528
426209610
63282925
-26093243
225197640
382838019
-286572168
-450688564
-423412033
792873800
-716472
-122481725
270945464
-831958260
273093414
-1353180
-386411493
73370915
-569773300
36293898
152066310
-41809728
-152204425
-298893058
126222206
323795736
-2381288
184297904
-551544744
673047518
-377102808
-2212265
-5466906
-605684592
-836821464
207007056
581113344
2672890
-394966357
-30578247
-563646212
65264670
18131176
-205725106
-110953752
348196940
-793775488
-50587716
-845254025
-793956342
-828130688
-279416595
484416001
-558205028
612175692
-139065
-740149905
-222682266
18755930
-361767681
-971938765
406149624
-266486640
158919248
136926602
163100358
410599200
766159296
-372913112
-101427564
-33021391
-599548708
-89402770
-256029600
236965801
44812544
-885939096
360586191
-269382300
-280196598
251613468
149447936
-323187084
117294450
-292158664
462434774
-28548117
173656196
218788122
415758837
-195150942
-175565000
462270612
-32977824
-928563171
2042296
47355588
-375082344
-59136308
-296570040
-50993484
614104715
260555835
195867640
-384360868
-12365710
12126030
124830288
-456102885
266864976
-17444040
-137017303
-457901864
-278507130
21756317
561623888
-418199075
2416425
49539115
-492551436
-557667
264270237
170115885
-122248470
140571984
903300192
198058405
11734200
-128953392
41986278
-186116846
286440
26013152
-231823044
-260296182
-51156452
45574785
-120943440
-464878800
78739106
-417949818
104073005
-701409600
17267800
125666064
3031587
344051255
98236500
197288856
84796810
-40065642
-167714064
154247940
-692268016
122871952
11357268
147802050
-158802868
-394247520
3649400
-141688014
14824644
-355260888
-93015780
-255303576
-74253338
177022452
-15742272
-323096124
109654155
-445463614
-674533413
-229275894
-227160912
354851160
-40890122
-129635227
-77912615
-244798680
-169845174
109538682
44225882
601991280
-46032372
1007062502
-220280775
-359934883
-166571352
-284537986
-375584672
-29278780
-228710746
3730050
-380585408
-168675884
-346931869
786734698
-235598130
-620123834
-2990208
39339200
-160001883
-44346432
389562120
-946546635
442035984
-65288300
253557252
-1021743684
-348082864
-47518400
9131049
-149555768
-401821004
-111737736
205017105
-69844939
363888182
227573412
279036000
-357598696
613518488
6145216
-650931720
-345319368
10294452
104753664
395568729
-109405095
-294430080
-58337508
-116842392
-100615900
-49925160
-396820138
146048221
44495416
-327227264
58487544
-74911988
88256420
676279941
-562451073
-73202735
-190055256
-13409920
406567375
-127851108
-472378742
12830096
138693336
90152598
269762320
154133040
-660936324
345557640
-13524080
58565800
-592750809
118193604
-266002500
-194239968
-143969382
79873920
267189390
988456036
2611180
168913458
271395157
604916148
53183260
-9391035
-515394000
-20252880
-154590969
-5498440
-273164763
-4296656
-218312320
-233504968
44781366
389918161
-9666430
-328237920
-478455796
-287894880
406768550
-589769712
-54957519
-213996357
232864444
115992892
320391838
194605236
61821656
236994429
-374415928
278393184
-661290480
-17699848
-369820470
660354711
437498005
25563290
249696000
-277819520
-330223278
175898562
117895950
-814255854
53580978
-17928459
-187759830
-670411367
209585973
-424740360
894538120
258907550
-553115576
-306126782
34993321
-292606261
-177868720
-214545092
21098088
-168072676
32867011
-108815232
-464046758
-15198680
301153632
21690801
302088681
424428480
-671455872
-214850886
-96513646
-729362291
28343980
-67290743
-42806720
205684581
-327850168
-291128634
212017400
-48614510
61358736
679433724
-475156601
-90800416
260567160
637415376
-194332408
139976928
-786095040
-5670411
649513431
138740265
475964118
-489739509
-123003111
6661033
268851052
-448414518
505131159
159972881
-379209226
-134916435
-201712912
265845300
-397895855
292040040
441695974
902740212
-868365091
31290798
-83096460
-404233516
-267291820
90932709
707632042
-2418646
7122388
-126197280
-165704244
793258835
-28645540
23581437
624171240
156965705
83014140
498104320
-144765885
-385024834
75463650
-365195567
-487659524
-185586280
546704350
-474530820
199674585
610238010
6319160
198613701
145233060
43023600
-618250248
243457914
344303858
-154940000
596771875
448111944
653320675
-348726984
-71306928
191167704
-775911906
-98570576
415903005
-4958460
-20203612
-48385536
-78014574
-268791534
-491283
133621290
534750700
-128574960
-172713600
-666826428
-540809668
75197161
146108312
213373225
-92374416
67853500
-219931218
290474875
-265523610
-901377945
-105630792
-144034110
139598290
-143120556
367598000
-418512424
-157709272
463437051
265337842
-3041520
555299580
422722776
-132563616
-177815492
755480880
12137720
84219643
-330273507
-200989104
313423344
-353040306
587396340
-151105374
-464341176
333804227
-437880633
-603485454
109015588
-485231597
269072782
206006460
568368979
-401576
-37924152
-627828350
352505034
215725910
-24173412
-17762745
-841231950
17757810
-176493188
-246321900
734484244
122731237
536269250
-707955111
-253379152
198557664
710474931
-200551656
-357720666
-27293481
27997569
17718165
-421570182
224497932
-478520130
-272671350
-215531745
-668899358
22517774
-123853704
63368690
-467434082
-99608008
14490398
-331206832
322763428
-322786112
