1000
222907783
-110418226
-226621035
209702885
386558596
790207767
-9832120
52757775
-588077056
-126157221
581727696
-45045216
53730936
-116653312
-776513275
-167099378
-194197360
-361758054
34440027
-37461118
-73038451
-301199761
400360922
420252601
-371471316
333260547
-330539625
-67726470
84154400
513472608
329909502
-591236778
322918332
-185143182
-98685447
10627712
279007876
-690091506
675138409
559181205
-90337970
63225569
-406362078
-283639350
144632510
351775391
285704559
-34382370
-191896311
35027055
30982024
776248002
-117465750
1027441485
-106939584
-153027982
-513182338
45882084
-21357984
-153488784
-352554696
-381453044
-207543432
-190091748
180424167
19475820
80838740
-221351940
-712043962
-252138100
-253478962
706923240
61118808
91379366
147411875
351043408
520629232
-306862920
1498680
467675712
-318137460
-524213828
-150831120
65287122
113824241
342161595
636188241
14518096
40314336
815550447
-142260430
11774730
2901000
-199026360
271296025
-144769680
263951730
429933975
2486975
-186079146
232996088
-276056659
31776360
-136110832
-451123928
-215531761
-729319136
166893562
693572568
894828660
113480532
333220048
-19841044
-106394736
-196217322
-110173780
15401307
-28956787
115721112
132940098
339221304
29836440
-194733732
89442837
580422240
-42124260
680743180
-91034558
117842972
119054907
101693366
200918818
87018360
121044096
594978435
1002583298
-287679370
381452901
-257530724
106378700
-92167
619215408
-465481280
-272686326
-1210560
-86833500
131385618
-148633380
-143140712
65924508
382917414
-72249744
-230875848
-160722723
-15523380
255525940
30332000
-62031818
62799416
-72787344
176735358
-53410740
-14031576
60921490
-382009430
-81426334
7683172
605393410
620113725
-104642433
-694373175
-287683066
612805270
-358163406
-196810632
-886622352
221667138
269545111
401308028
306064209
-392291746
-426426872
-419662680
904296650
197962156
339010232
-2218164
-277591608
165572227
-381388458
-29892765
-22158072
284984172
275009100
-216544300
287238770
-843245203
-34523230
551027880
293035176
4537532
-566050780
-262184912
-693951615
80824805
2975124
143354768
-24132060
-169942574
-374270115
66962581
-315337620
-12066615
-623535445
-199462464
-501910280
657159162
-72009025
493840038
-34631054
149737029
-687433668
602924250
598626528
-548504880
13974156
169339770
-7306078
406906500
299279529
535976584
468177336
65517809
-66481359
-102464355
61503918
-421732347
182885388
9195235
-121677204
-688247718
-523085915
183726998
215740505
34873000
-21105329
320344063
-9691136
670081104
241657742
-615150464
304696047
-182839756
108454500
-101356876
-76306230
599468672
202776334
110131154
-963659690
218799168
-89074016
715824864
-116640640
-104809068
-110179062
334025016
128096360
-24852840
-397239664
148124022
246787460
537943938
579497663
7304926
-1037703882
65669340
433023090
35675360
328642140
-157381920
635964879
105497316
179559006
166217832
460700575
112275758
123139002
662778558
-395668724
418148082
-523941594
-266730204
20058375
-53159568
-33101145
25612110
-32082285
16217404
-717037520
-470267850
-810388174
-604967766
-200659312
128522970
-15141346
-33907918
324292711
-56682684
-953759772
-797236941
-77481068
-5834598
-657072660
-560247434
-93146875
73626219
451172120
-539532786
177337083
-7232436
875840000
10089296
-445970635
690676000
-369590751
-97475620
559457649
-754501684
-118180590
-337995720
256091324
327744823
2121600
-319688356
33073992
388509560
-631862009
40175250
-202355066
-57441680
417588212
-132724559
117444032
946196125
516839400
-157146224
85868142
-86180143
410214888
-267239333
-694545948
-250373872
329392206
19142578
-746077940
970768
-118244412
115888500
114703001
199912433
-232600020
275118962
-203423760
-361702574
105118533
670390272
145565368
-37038444
-290605997
-693111709
201384990
-106288428
322480896
76464728
-11662000
-209071431
-290042500
291194136
-685663380
-311283228
-173144672
-76913111
-438082700
-218721195
-418245282
-1306404
-102844114
26786484
-103409856
-337674320
-328134100
-139970445
9040416
-40660848
-12011974
103519800
143469700
-589579186
11799655
162320388
36759124
604574496
-50946021
-271989900
110181402
99219312
12601428
-99047520
154877227
109677993
21175934
530706
53452506
-656560938
502271616
219386160
634455255
810869600
-316755954
338060772
223925310
472886670
-583098860
213734438
-191759870
18379021
27237646
107834118
-104090160
307544481
-486134946
346882297
2314340
70029868
242906151
-278668698
-53371170
-201696144
-582177935
404736090
263651180
-989360856
-156819288
238514787
1051030800
-79902480
239990768
-195725220
170906934
-47959612
63877114
315275479
-541562736
380700694
58097520
-274290786
609340032
82155777
-507969840
-543545046
-960472422
-484748438
347986691
-161395104
897775810
-17480680
-57529525
322260908
-7739160
816767766
-308267219
-362649026
382357636
3214602
294601212
-301465983
48989736
-637694976
546884016
31184720
7629056
208518128
483369906
-597958700
116194239
-269644650
502085300
103872154
925623732
-409879740
311393078
144817239
-104247823
200194050
-192399643
-839388269
60963045
-7356960
828845880
-243737820
25858260
187639875
-1944996
-522328257
517467951
175351405
-465852370
-508749252
-610367660
92239092
843843637
-117619568
-603728640
72101520
415794704
633417488
451470360
-239055426
-277077140
-234271050
-495892967
298820688
849309712
668083108
-296771240
188945176
-190317841
-461537615
-181605495
-609944114
326196882
75853984
1003016988
229094838
-488968362
274782456
115929899
-133786731
408142962
467104248
364295161
294094160
-211830920
673927590
24926616
-233820300
-410857420
444434181
771489696
-173413248
608700906
221103105
-39128000
-207338052
-18612000
-82372308
-126082908
628233606
57459468
733195570
-921289529
-22315653
-178692621
-130429200
-134564232
232738802
242663256
-345672470
-134302311
-949366896
-410662542
49446506
-2036000
-991177088
530348581
-186909382
39075894
-58665387
-530249157
41709787
-790013331
-387594396
-628944008
38524772
375529870
853164207
40171472
108197742
-177722740
520884585
891155790
126701760
-20016480
-59959416
-566265348
-809788592
324289864
125478020
51324625
5434002
-480531363
84631830
702437715
-42470301
-368485546
234691481
-17069360
82088426
-86146132
9774836
356910125
76022177
91587420
449000348
208457018
109707528
358510050
1149372
-267374613
-327531000
222383980
198162408
-268383159
42247296
6171356
26338081
49822344
3876042
-244148559
-26449790
-655103532
327771648
-364723487
-755713962
6172270
-722497590
-78309450
-608745969
141500630
-852222437
232068210
-315548485
83594988
313068880
438767963
251555840
-75388291
-414750009
389873640
-103783336
-358725796
-21211960
107626704
214631153
-587145512
177130395
-155087766
60417580
19198170
265010229
-576539275
-314124805
-303259515
43813575
105340443
-50640068
-158244300
64271260
35034996
-526991735
-37743046
51110160
-147919555
-105142365
-65957352
-943173704
85242272
-64365858
443667186
-330096375
17128687
209650936
645338360
-410193820
714277676
-15552669
209557155
-212032704
-49867134
41116368
23320872
-236855985
250447304
220540572
338080608
191642241
-254290022
-122721040
-98304101
-347248980
-64126620
-285397680
77093940
-102076747
151663816
455639926
395131050
843001451
-134833576
218514009
-276918912
323727855
-457537310
-263881668
420156461
-31920048
465771528
-163801104
548607675
438166580
278090918
191197618
-3456521
271469880
297528210
-598310715
30481680
-203892318
-344955329
137766720
134459925
-31151960
-239094765
409869668
876248672
-320135960
101749563
534457532
48066361
-90303754
1116830
-632937825
441955058
-6971139
432503149
393863496
-182270952
29177379
-164139280
23915802
-192277800
-76905804
-43541034
286843812
-253636364
337039711
21425985
-62273742
282139332
221494500
-717554460
-540334298
17050248
281320200
-151038570
32473010
746299710
-26699660
154402562
-276225562
-712099502
-587109582
-725816778
299022791
159348738
-244978500
-589532067
107068600
-350129974
-7024644
927080268
-148830065
10263432
-942467735
551148519
-245931435
-204916930
-44537137
-430012752
414798819
334033755
-58434720
126545799
-886596525
-989978835
-516039810
-620206200
-564704481
42952572
48621105
69994670
163383090
277095252
-179793888
-22406076
275416308
-12516726
-289314064
130186350
-46894034
345581256
971604900
21195284
-424082050
-413401869
-862565880
-245478640
-24513440
-174181320
-88675902
-689733648
416149020
-271864957
151557026
377498564
-205499808
-261359650
-283916516
150514065
-805280526
-139479640
267244866
225736948
5352501
-35548240
-215313475
-39871324
388819440
-152906076
-315610025
-42378273
-57743088
576576
75970350
198268070
479835798
-608927010
12303528
-188022176
36355166
-85286700
262039994
542499540
-465057952
103215476
-813370916
125314888
578172212
-85713264
64501980
97075296
353015845
-24300396
-828693131
-341886636
361832068
950043681
-6441955
130815396
643478040
618830478
-111042360
42022334
-97281684
765171580
605551350
-305879784
4057068
-954094756
258708440
-64199652
-429518294
-38952945
-11620920
-726180648
-450483556
-4049160
21225963
-245981036
26497020
-4427190
-309290760
-162901610
15356410
349494946
27552018
-160318984
-25117794
-89524050
790440002
-1039316976
408640713
106297506
-140137300
460852942
-332467100
151885326
412883328
171274048
341083042
-52695117
-258553054
1459850
-365438142
-172359195
386307012
245624780
-385251012
476038143
-57067625
28187091
-664017408
-785665048
41418324
31618608
-389090000
337648698
493448739
-8188050
484219737
1046684568
783469798
-81859162
63732665
-269870407
-307103940
319779520
-845677540
479558225
10687248
-52008576
714419608
-218749640
790212636
-199535388
-299696283
-8083488
-218542160
414997098
193072510
405923760
283693965
55841646
94830888
348120171
644125554
494000
505644804
-175521411
124974245
-4722668
13614960
179195655
-55703250
-38434641
191661222
-617607296
-119204745
-336894855
24458913
187265615
-141696984
-425959209
409251258
645586176
371897006
60469960
-564951530
403890300
-7755836
371837235
64126533
758047407
-194596438
157877392
-246154046
493226400
398661082
-14226098
78273216
111607040
70629864
-123751938
795163680
-725720149
-98337694
-486314325
-415416076
27213966
