1000
-188416074
-756274870
-42779442
520234680
-216336880
-24194995
418980657
-182296464
356104984
-241740672
464646686
-88760490
-150947650
480446760
538261724
150378148
-237904829
-150308268
455147432
-165726694
300230700
169724416
-160489836
-164461115
92337292
-3243096
-152677618
691603800
-245542850
-775683514
-53666008
90991570
-502904919
85344738
398710510
16522816
147891912
80745744
294048300
-412497747
-108077613
-752576616
-371004036
-405438200
795714381
-224540660
476189100
-202173870
-137586600
-118385610
453041088
-780327450
-383507248
856181075
900567
-363986458
668724126
-40495482
33569406
-435692520
-141343236
444730650
-75183556
-5520120
-111459068
82519945
-671387466
141586452
227416800
574240600
-24208767
-674792694
151356835
124215700
475669854
17349894
528906560
256942400
18845655
236102832
66597006
45006200
895539091
155866514
74340720
-395081750
364660179
-54895115
-13501630
302930375
350540160
80109152
-6151644
-322353984
218970613
-178929282
-93124640
359848960
-163531860
-30157260
51262407
127304471
-69365653
-44024032
36542007
-71995122
225894179
30733040
27373864
-892514367
522916860
-576526584
25899741
26373046
615183732
310595883
-95540560
-125411718
126981365
7481808
159452371
-526536231
20935584
169253392
-433739588
-176289461
64484784
-540413255
199034144
-977864496
15084608
-159733210
-73111501
-453443094
5059152
206659760
-194022987
15168537
-123824880
63219555
44744832
-93313012
1392716
-302142200
92261364
419987220
711109127
-410818
-792314072
-451388080
67848
57202255
-207868940
-355978155
-323678290
-390843152
-180282620
-336927454
-367908224
-710040912
-177512861
391753344
36142353
386032192
105692730
385611468
-142740668
359498592
110307392
-126947054
-433586888
163821609
-48413376
538839066
300380652
301352064
-306732168
-236772575
-254460672
-610131976
-189822455
-761454793
98703360
-245624547
-52209805
34267563
-180125680
606764842
24373080
-13389250
-27061340
255933300
61367212
612961632
46583992
222250780
-928087256
-8401434
218031897
302691662
-529326144
138565402
-32044701
344430100
584413440
-465302220
-48897371
-321418217
520099488
77295906
-440376142
53649648
-227990480
185361540
193228812
926353549
-343232164
-50577054
81829350
-657711438
-557051215
496039185
562244040
586606597
18767457
-225163243
120069014
-518969864
356847743
-55669999
206905686
247306129
-718146400
-320778867
159953850
39494273
-80108877
393712920
-240244102
45277438
-588322047
649698609
80733608
-721307142
-155207850
-317993676
-128520600
-115518720
-161274961
-24601116
69907584
154328172
-42968706
384030850
104820560
490192709
-708757486
358649986
230812659
744243782
252370463
442828008
-494109998
-522149802
-256588560
-716017318
255393783
172087200
-11608606
423937439
66190640
531851209
210825088
25108635
41373972
381911488
199008090
57354957
-1960090
611909135
102976191
-31566093
24948690
-217591209
-826082984
91690146
-122294710
22082619
17031560
166052144
-679269915
-99353072
66893472
21715575
-37228842
-33859440
-89757730
447074236
-364684849
84338870
-745117308
264476871
-438156418
-387072272
-572387706
-3854036
295114764
126614708
-824583060
96536945
451334955
-50876608
348972900
632001623
332351668
370853856
-46991466
706984424
2530458
981631120
56080552
15330141
131173062
280042020
95106578
190857145
-124125240
33627239
357242400
-295834520
-571801666
579614310
-145478922
543435075
80212706
-349424110
18360
-128478418
-179168220
-448711472
-2678338
-64704640
-13060608
694763600
801875690
-472952996
822173078
-3128338
-148008420
-922622180
317637950
-514205538
-33159380
-401876100
-220220055
-23785619
-132572988
-270359130
-258676278
-443223820
550341350
-504755838
340044390
241130680
-509962332
-23538775
92698083
-270523376
-726279510
-2087199
-144668577
28717250
-580360
267774256
846297410
55605450
-112898170
-27303000
-79714833
-392412870
347578686
285990310
-431870692
338799472
103522300
53855804
49783680
59662832
661929135
-204155418
152160870
309871760
607226612
-252096475
-203327668
216645855
146297778
-283663485
-795502981
-669980751
650477824
279159960
13463744
-517371075
-294068992
-3030234
62926890
349593900
96576840
213293220
-13248315
715496964
-549115324
867971946
-158120944
-574762272
520422700
184358046
-139915052
-99057924
-91247238
233830869
44248212
600969903
-347218496
194107289
-395845200
-3168606
-626135439
-43256940
-446184480
165820960
-385670070
-429094020
-209422584
-551054830
-58891548
-130589375
-6609330
62335260
-410958626
-131519619
-428226900
-542634084
782844783
822743712
-449750096
-39253176
-140944944
-427638528
77008184
196951188
-89425840
-35512398
-192315540
-8323200
-279182725
-128423283
66051864
-15604190
-703638
-421107632
-49058808
128697645
17752889
-165997601
59558978
32361538
417532864
-4754470
-3292416
-526690800
60185664
-287790849
-340276140
-146977027
-75377680
-498663525
-132205686
538987856
25364493
176484518
-226106562
-435482622
-70693376
5634123
294392088
291981004
-19256649
-92624600
59346540
184535000
-716920065
691354832
-674818874
490443048
-38983950
-37363200
-27872159
-26049456
-390163538
243792390
-154623964
-914049376
-18565092
-166600970
-252943782
419016576
-844385625
313971593
-519524280
433707520
156036936
-233478108
3122624
219074522
-62376885
29726880
-613990086
-17552656
937712040
1101957
100269400
191482368
-447736883
-30996273
274575600
195807632
4964496
203523705
-5829879
724110189
-212919300
-201428258
-290604750
360419328
1015319862
92782884
325866827
575020530
230640186
-494818632
325776104
-403690993
-938280507
-261515610
-235995330
588519813
-213363080
-204500184
17128881
229761600
154652326
-117884228
359140194
-15353466
-17857125
-201447400
119099768
64368584
-329633017
-139448196
899605476
103531392
110271327
541296168
26356650
52392360
-98924700
-416233356
16459451
-15353443
172697560
-23119738
228523148
-138425160
-210186556
721973697
495003725
-65101410
74214674
-450007600
-184167139
-512155944
184428495
79790368
12910642
-602785260
377824524
-44640930
-45654800
-18048820
-212606382
-803016236
349601376
-319134676
501911842
19973954
564589998
-153972710
-744209542
-167606882
182651074
-210308390
-94547908
-15518628
-12756326
227383640
-113324864
-63147637
-197244430
-480688458
474196125
715261632
-17490632
134947586
-5084526
43539531
-321190884
509873727
-393378144
133044912
346407942
30509751
-296288394
109080588
780823044
-146442709
-330586461
-1563784
-98504692
-79027780
-163557714
297148608
45649712
-236932560
290604031
364096240
332197290
438148091
57066363
-74041550
-265764793
777651220
-178092400
779368052
-263603852
71844456
-140902300
-297735400
-682094417
-11015307
231547190
-125234791
-608843610
-242781328
-33162430
-925403907
-84622152
222471648
-488852832
101703861
448901508
-242744541
292541270
-330469018
359358211
-49021104
230791253
-371271164
354762592
-534200184
-115884805
133509675
-931199814
138257031
-202830145
578904480
-4121784
-142390689
100711032
-27056092
14610430
82582650
65768136
70063292
9709665
-26094177
-839918004
-81405618
385079648
754820316
242124729
-737233840
-122269032
-143621712
115898748
204132515
-816840786
-857203153
-557850510
-161676648
-249133136
66849210
8027025
-177449728
-154274536
-199873008
-50419530
-113894160
-381201625
8902033
-242637180
393257072
-28389504
-19562894
87426380
144367080
4280220
316880200
-537700434
-104685805
179121616
-17323608
89462046
-289291350
40019043
203010471
-456840230
12803000
-6465456
-229751345
-8833622
-173778033
-82434060
-644979700
7948225
342205920
-169310080
-623624071
-37378560
39354658
-472174130
-420035820
-25654755
-124311341
-191351907
475479888
10083573
5535200
120634380
814483260
101589409
444949106
707013360
-161599342
-115014978
-1774344
137743573
-121279375
46146888
-382783350
-204534600
-328065680
39875440
454473518
35407477
28034784
89287896
15050860
78939084
-139283767
32180960
-197103840
117065042
-74859234
-32045613
647293340
389590347
-240744528
274283696
-982390212
-128676000
921732
205485000
-259310860
-788105970
-585136902
-21626803
-137659080
-52229188
235464476
87271940
226932516
-241252431
-81811851
-5499314
-299357940
384294876
-487856840
562263672
-168464175
407997057
-42342176
-59830072
-89151240
-25163586
372184176
23673244
214062727
154782720
159480552
-189703272
674448905
28616550
-119980817
-193757484
-26693419
27412056
-94846888
-224456957
352053191
-376135716
-297346320
517927710
32324328
-201946525
-98972094
141805512
4045466
187441170
196371500
-495526408
56846869
-107254819
476494716
59349108
-455666016
427824936
66198075
134285862
40778640
-154764883
-12881232
843138296
240507309
2973918
384375142
657991305
473866358
243873640
-462310289
413256403
177290127
-326690624
9673398
-586806656
-716819840
93424605
-281221192
-561935102
346297110
-6946020
-134598706
-42982884
172643500
-74987442
196923800
353564484
389716890
-93220736
29001150
-249196710
26816497
-706962872
183132004
341681344
294262782
293380002
694430
205716120
-127815090
-762097217
-406775643
-62376030
463294960
-20311480
-120731499
-20408544
138910870
48148828
-466760248
-687930096
165123687
-270540405
529111665
-135935761
-281692670
-310017405
402163377
725812494
-351917784
519656247
10561480
24230320
57806146
-231979824
-441870730
130663753
59921400
-54750472
-597459184
-458328180
-263791126
-409490961
-6247194
111909288
12040140
445573544
-406033560
8418240
-38638631
-217136850
50896260
-19171950
-977262412
761816000
100722489
37269536
489494280
217812024
-335755882
307371056
646937026
63126030
-307730656
384175532
-415650040
374521616
-26812452
62290426
-712262403
679715563
-45334016
311537642
-230530662
614062392
-579920031
-388990872
-763032621
-426609428
228737808
-300089610
-35950342
-545760312
142058980
-892918674
106144129
-21522075
-62787660
407805875
-96956464
677996625
-758774848
-225753552
814668873
-5325016
-248662260
-942522350
590815380
89460664
22993740
293652898
317546020
-171419976
-256494656
-65573442
739248568
-385878814
-229601460
-511286524
266136696
-661830194
-452631324
-111845286
681853380
-923409604
1638320
-827233875
-167792805
86684904
-358554204
-59312365
-169396569
-1575164
-35956284
901410604
-190177358
-406057155
-12602458
