1000
736608174
810686695
-44948876
84646230
-377016876
260540640
137940020
-202362252
-19911846
227715172
-810390192
439138557
235070854
220915595
213991080
197370180
47977191
736415945
750861496
-38417974
-743042401
-323205073
527131686
-80594046
-149315250
-25531784
311761346
5691789
350525000
-49263584
-14217136
193870128
-133740996
138217240
560882880
-217775816
4762527
22514263
155527708
101533488
536050216
-151810744
58694930
-11854388
-235299900
35826582
-73619569
-187501646
-189237552
-369174197
23534775
-47496328
-18058992
-51990354
-363435996
81999232
133437546
356495381
-728736885
472427317
720774326
-194383775
8403432
-13863946
93692028
232712507
785710800
-25131636
-334561980
-185267187
1060277283
-441813492
16715820
-119740565
-735873840
-38937140
82537455
151888048
79334118
75256149
-164937568
-103677833
-259237066
-147287040
829733472
-466424713
383004050
10841705
-594361032
273270009
-26738156
-54313128
115221774
-514482183
170162208
-103926188
-382564616
258632400
5415012
-663547184
-36995189
23054472
63460555
58281540
-419024480
-223262760
605673978
364873299
478552320
55665900
205989797
-49321692
-597871294
176611320
-483401000
136127220
770234550
488498288
325092060
-262255374
-226278126
25164789
37815360
69578874
-32024628
143393304
-6906928
45319188
326174682
-176867820
450809400
611188056
-8389905
114788664
-442933920
-603136078
62836344
113405720
-283152027
496262755
-239254476
16209732
-189258504
28366342
10098956
-34714640
554036931
42028994
-855295951
-256546290
-306001693
-77962056
204172584
-363842080
769097046
77436856
-201245489
-538944
-111613480
623853104
-55008793
118287202
366077121
50139099
-362220520
2624787
283601888
-69756050
95501529
-706688456
-858635514
399391200
-74404401
-303137076
-603528750
-99413547
-801263805
208722643
-848004372
225980685
-239767290
101199568
-435808695
478881084
356024064
23773680
34633540
-851901162
-222314860
-67975160
-124210438
-18281078
-1762243
551402537
-342277650
227164432
-61266780
-1075442
15906159
-896704406
-328925940
-380678112
311546137
190815586
46100708
-52862600
-601178778
-73358679
-523801505
-118819506
673623090
-58885419
428303664
58603311
-120883136
-128056500
359470
706364760
-22775557
7119600
35109015
-169789174
-203125440
325652805
327468468
185855644
26573595
-20194284
246342570
664188320
-873312960
-41884932
-53493765
-5503680
177329113
-350314124
15151644
-78596376
141597808
319514601
184028624
-860361457
-72661872
281514870
160806793
380917152
-768319328
369578532
90866976
-701646480
-214774260
-135199929
418729356
186920320
284090982
-287266680
-368919033
22902987
-120101920
284504830
-610895318
-329358850
-55107984
15167736
-4655456
2087392
222637800
-395948344
-396963140
559308792
487436640
-46107164
170864430
-337088232
-232710412
14102452
121638528
-345195477
-381535609
873391988
445908920
706644478
52128089
97576396
299115432
-79857432
392853258
-483421757
-709930000
413203050
514465250
780150
-213346196
-811096715
374933856
10775375
212247786
-112998016
-634401100
-819299340
82434064
20197100
-65292078
587326900
254578944
709273654
33512160
-4613154
-239381028
82473601
148989708
263035672
146996720
27734412
414853278
-54799368
-347040974
-164089844
-428497620
-373492197
-173206557
7298640
191530440
-312419625
321476428
4022748
434080647
-324032224
-226697176
-1023645420
-166382910
-152592242
225167252
-27969021
146326752
20849440
-301222974
-176773982
-347000808
301505022
66620282
385095828
232591658
142049820
-146583002
31316831
-266783012
322229014
-327277680
-133306480
34219820
-380284671
-77123843
-39644385
-177878616
162578454
-158389490
-197284003
-989005
-525574518
-223370673
137204802
25250330
-834178396
550982768
-242633689
-247678452
-271870786
-8135606
559061505
-182203608
-4085090
-51016714
23236668
-80518438
520922535
-9339800
-237981734
75522620
-170753880
-47919896
-63493344
-296878556
-175251720
-73472012
136173114
-30059921
-76020750
-311404280
40955625
-407797377
825805250
73008460
-594023220
162396607
126950628
6375600
8524964
146918785
-264633376
-613052768
-2354055
-785089165
130171788
-684024320
57667077
189082620
142058726
-129545920
-3239550
401738704
15228278
-864787790
79439200
-986046282
94611808
-710812245
327735320
218974644
340549632
584568889
-124711860
-32747521
232740864
94571130
-353433312
-259669987
128513840
-159685365
-385168500
352861880
-370568685
304687918
-568057932
-92546929
-219168035
-604465086
-453103950
76468665
11274467
289217380
-61401227
-58045823
-127815520
14346329
-19833833
217807920
-131947344
-194407200
36894512
-28449030
-812273059
-195403900
71075934
397805375
-127110162
53747436
-29392720
342799084
408810750
-639645921
-45653094
-431392836
-911486680
349184706
68443584
-351108800
162273650
-310086996
10293976
-571514258
-49747819
-452481414
-585709122
-897695337
-946603236
-198925200
-462697348
58683440
234700866
-412572537
55320000
-331041837
291832648
7618880
459031365
485628976
138756373
-109302463
799939073
502976403
265109706
-428405098
645263691
-44612490
133723088
348930498
-631438894
-147286008
-84398211
-300910215
334960736
-89002050
-330964026
25373376
78477630
-358473262
746809584
241951124
-453273552
75924000
133784406
-159424230
34864271
58609115
-301709562
-1699360
-392217590
-462572283
-37581362
-122123970
-12782446
-323992454
-91942532
966605242
-525397740
-560276640
84007110
-1040896545
-329077650
-241119690
8081349
97070265
447598860
138209280
-162309532
-126534105
178870707
-52659200
103747500
9273024
-88262100
69174362
-762230547
-308507640
-28278963
96337472
463529619
-466066732
-71597087
165712138
-14862165
-204412587
-111364586
-198837170
-191601487
55972854
21563786
-186545200
34103700
-266391006
-134798508
-654545883
-333623069
-119489423
-197064884
788195779
-65614430
-357038454
10953725
-55686435
-726203736
-15734350
326047194
722769984
-94915040
-49574420
-89524791
-137463858
220776048
148984928
49807368
-657226107
-9287460
536730194
122746236
-786525730
100240732
549162610
-170861634
-978119007
180041568
78371000
140163660
-177262074
-128621475
792488328
217320740
366719580
464109399
-25782591
-7086848
86927470
-144709850
209176845
139333172
65663488
133437217
240538168
-23336796
94082250
-224958654
6776071
-677172584
72551710
-155077416
125182728
-199280860
-537637044
2266518
297983718
-269569170
510250415
116683168
-844753489
289000712
346705972
309153348
243689078
129986846
-493834746
439685520
146162336
463519910
12820665
461026910
291907170
200350559
-95287790
104008976
-772636480
180586044
107077838
97910400
-132002936
-47068560
120970276
-24127260
23926722
60926256
-7621523
-135527032
-29972106
-225428020
-233295504
-432674638
-158488983
267684558
-8460416
-922709988
73964275
-308370874
-871305615
248324723
355749732
77652763
23394547
208726076
-72153018
229824784
285637674
-9086616
-342181089
-611649525
-154644000
173459672
992757084
-162120938
-54981584
457036674
-308425194
-563072734
622294764
35578400
188914488
-58653650
84850040
791186682
-55575855
121806789
109240560
-236362980
126413890
433002563
139864212
283135707
484538086
-137899104
765618420
407147928
51360482
-289536276
-299354980
-22920075
171738000
-377564865
-81165568
-17315984
153875405
273942900
-380262110
-1306850
-205815891
-483429816
112011966
-118440696
-184300472
237968892
-193650370
-859537338
53748432
100989080
-44246160
74497536
-780860740
-256816548
-230733184
-160425300
-11223425
456688467
114585597
-69700400
466152525
71117872
314806752
326427468
22923008
-592701150
282647658
-120418480
-203071934
43787548
-658657625
222949864
101267504
-113190858
-70719450
-95784073
-487005726
507890162
168398476
-154061334
370419440
-110848131
-517658400
62485776
317279292
281202480
229450644
-243285264
-789254496
-89910704
-501313176
-217451988
-402128463
424523765
213717810
-2512832
133025116
951957440
-437954101
-61418716
370161448
-27249528
-117590070
862343842
-688625210
-44995104
48979604
562730670
-982930743
-219509736
17853655
39671862
-251928292
36392628
280191609
363028164
-735974100
434680120
-201095514
-451189045
602868250
-279072216
-22066161
-72697230
270439032
256159736
-330511656
291781156
-65300256
101633320
816695160
261268640
18776394
352873780
77915656
-69294512
-485136728
-194695725
240484356
-236418225
-332014740
542892807
-93920328
-132615105
851215185
875576810
216358720
-581257140
-14464724
476798366
-23289640
-467745554
-27687825
926780832
16026752
-203076510
160773714
543952565
-43938013
-153474837
-309269232
1043351576
-243351066
395485713
-403336704
-200731580
238646448
-6194528
-161929184
597372656
-770019804
66606579
100694510
40365171
-323217213
357813542
119031690
861281325
471317246
-105331050
-15767769
270754503
-4749426
-2199294
-496102800
66938598
-345371730
-525911451
-61136502
-154523350
-87979260
72403218
-869263407
-330840832
-11985590
144132954
572447040
-163987134
-405376400
881812984
179646643
76946803
-144252115
-56814876
209703850
381260750
-258028384
-362703110
-32119264
398750832
64649676
-9800561
-328541411
-176085408
717007488
-33313501
-19737016
-308656274
-31149640
-83211240
323139040
-295176090
-764207800
-19584640
960927836
394340562
751671188
11464524
-772119782
-252507360
47296502
486360116
232819510
327140864
567466380
-153932450
682958202
-284120112
-378461226
124074912
9917505
121365428
620970240
-47096502
-245116000
-390633056
315477052
-560395332
-575750835
112082960
151421210
177626640
-708124301
275203536
-49081920
223940320
447551421
373656496
-38460576
492185729
-104932440
62709156
-364863378
-119999399
-404246544
39111920
370473394
330723440
-1983288
-435474760
816263070
144932431
915796200
-293126850
-83552025
-85319481
58191680
-25459680
-199235964
-255645824
247052440
-478159736
463697633
18422781
-248945712
-596386044
125587264
-21294312
16788352
562806132
20664290
391037040
-554822755
-462143220
246368668
-194802454
84404775
674901
32096726
-291701256
-614956300
550499624
-173259306
-158983428
-23685120
-24293175
-178819449
-110412660
-46828080
-179503786
-3115476
-45072313
-124089996
584917029
-855261272
102042500
-416195136
-118183218
-66588480
-26680305
-385841345
-54620137
-120521707
67689275
-364470771
490714500
54714627
-406736000
