1000
-55098147
538770540
161412678
222549840
-32761342
-12964541
198457812
-220474632
-10369880
53779720
-213653419
17689737
-42004610
433591333
-48275954
-259361536
272396117
-8920016
32001304
-53809320
461815476
-752189550
-231080280
88659420
-403616682
-161949366
251582193
26735520
398649958
13758488
-405735505
142449935
-29617896
-32604384
147703875
28196930
-110045384
671052378
341398015
196853600
69152863
-67607325
135836116
767415775
-442798318
-344413160
135523168
-201506877
-80922480
-172558656
422833669
74992260
274019964
437803011
534310820
-252527730
-107619512
23864883
374886
357778970
-201524747
-486264064
12651260
483294849
-122956120
692836440
-490212000
264867988
-853307425
86550696
-603288276
138064896
-12447350
-46290300
-41245028
48158831
367574946
-172951560
311960925
55900312
-942543267
168000768
17282892
-107231728
207539316
-384662028
-223911541
-49123030
-158525864
-66095151
138129010
-456934950
67486842
-1577880
26452866
-92004858
-1137465
45963064
603999342
-51081597
-17154494
-858726474
287691498
-1472460
312091236
-213209640
-367770676
216049652
326186718
-635441494
-587401988
-85972436
446769854
-205148603
-123089166
-375253956
-20216140
847428288
155590020
-208919760
-110649312
-3719296
358086783
-100807227
755554401
-439172758
-210477839
-7446698
-464957395
-111969336
-82202709
-606530351
698637939
-137985460
-436027904
-159758545
-324831696
-919983675
7668540
-689380445
-488296438
-96325632
-351632071
4005870
-106301646
1229136
33070752
357427218
-171479857
50990408
-170974450
-455281740
712812750
-326646912
435549171
-90109448
24825000
179944725
45455567
488364840
-136248500
189088416
878760608
-998725775
-622719836
-169877345
166434288
147209384
882265638
427835520
-143527440
-587792340
86622738
383865704
-875511528
841017792
-21983895
-316584861
331882463
126329072
184899672
65787780
160810408
-124753712
-487184775
-116130048
-487738825
-208663054
-145687320
229764219
-772109745
205251002
-671090898
110781561
280953577
432113886
120913346
-518455869
556034562
361892960
53793328
-256482006
229118596
-1002547392
401838750
66604330
71207628
146064375
556453844
-679215294
172509472
-84016880
233638470
-424790562
429542730
-592160047
-237985
-488570444
-117343890
85674960
-90736178
-823475445
-572044070
-360830912
-523660556
81128709
-298298121
-51115272
-164830400
279408700
-290314803
-269617380
14475350
-306007600
-473435648
167346000
253058330
-26454720
84766715
-92570184
-395661096
380635440
-34839642
-220319568
-370446160
128160
-32881008
-16490760
26957910
175485236
-212008464
61981071
100831983
298976391
242314488
-409435182
-173346720
-207668450
200684400
-694319624
-585561408
131909625
-242313912
-321912864
-151138728
-667057405
-116885080
4711032
400798839
-147713841
-511291980
911546250
12078440
-3978264
106847454
-568073313
-172968444
-317302603
-267854118
36383088
667319430
540770080
-53130592
-363873384
130170333
-7387486
26201600
85803648
-869333091
-263464480
-100928701
381489615
-515270880
-145186496
-25594121
590711526
-113460605
410099004
532987848
-8913260
-810919762
13646724
-312500666
-32615385
60435504
-145671768
120761340
-75687644
354285036
-240152416
42524064
-818736734
701733230
146745544
-853980984
-754938607
-508684943
-378505596
568261155
313389000
-438823848
-244139742
299565396
-456082584
475919744
391238622
-44761492
178415181
285388418
-11276944
147486507
-723266824
-178134823
-9844848
34150127
-785648362
403276086
-120013386
72885930
238425110
8489858
74180060
238538027
80847396
-17716062
-31089120
388739600
351964132
-292414993
-450017740
554805468
-815928278
734195637
-47508090
14298984
45039900
-234627545
21038946
395311616
24953600
-74441232
-80140744
161536656
301428270
98758668
-29434728
250041705
-655341185
9882729
798614236
297252263
153785457
-153764187
-171619388
165827613
505800672
105540120
22737767
173140704
452212059
369053952
10717272
63354750
29598096
-5144832
-8309872
-741777036
-567898825
13087740
-232424220
40945645
261666216
-662941608
273125988
-254654292
74675830
313264228
-599747460
-396884026
-282381785
-515107327
123907968
45531647
269334520
-13171002
373175712
-278449872
-19183356
21955241
281564593
-675558150
-624369184
709017466
-285565830
-382275080
-674857365
103684150
787184608
35444150
25014675
-90167662
-261650175
-503073810
-1386396
553134582
-259176195
855574470
-180053064
582245019
-531112400
-38609892
440253930
224029335
595746300
91811232
7495818
184497790
216095247
370243090
-739372662
-406912984
69773132
76439608
88417105
-280481490
-154730736
-382835240
352692472
7190651
-65982267
-408698446
-219569155
-17263851
-781356030
118613496
172058320
-212479090
-97311996
-6264769
86173390
15514632
800056061
19743962
312430734
-115536112
167893586
-66518496
460377918
78334568
91097811
-81162417
89391680
-851394
-170522940
-237538506
-66239548
64790293
-961468296
461090488
-952959012
595763044
-32635068
189238996
672241554
-934637025
-561457235
-31430329
352001709
-105157530
-360613918
716153985
-266191916
266658642
-21483464
32903064
-151532247
438135915
-188015568
359753208
-203240075
185407255
69127443
431246574
875187168
-35791168
-192808840
114602846
11697300
10912320
-670904535
-143750577
41010543
185837625
-697925540
111841623
-291364392
-265007970
334155589
-937305523
271844552
105866936
652461472
-614522040
253574464
-115032404
-697967325
49498218
427992815
-124603824
-773827200
-1187984
-106702795
-250978698
-618949539
143251858
-273091312
250260640
-587520990
522674368
-202356044
24505250
17569383
-24527774
350625870
-179520250
-316995039
-988086072
94788327
133472610
-106256712
398369864
3432806
-229472880
-148617077
391962132
-814506294
312337344
-316413328
-850814468
-244609869
-744140178
-494224828
311022925
-359711668
360332492
-420706965
-296710392
-268625344
175381517
-428161433
-48824454
13387248
17265468
-143512238
97358581
79722678
-9653490
-270307020
-570349728
49479692
-194717180
-70182192
1543056
-14565096
-16820644
-139346145
-292143026
189576396
-56818538
-108409863
-47220948
-42509838
639638041
152618657
5044024
-184895180
-854162582
-486640106
-484656056
-43055981
-12282012
-295454016
344894122
-449276535
232842151
-102749684
125762640
300416220
-89841366
536369544
351935901
-340800430
88097397
-7546793
70403702
232198076
222565677
-206756440
87503136
-566132126
-518914688
160522390
116141520
749958384
787138560
-836534922
-5700255
275460752
987428205
-24820976
-32400448
-16176506
4540704
318019962
-62709744
16225888
-8020025
-67985148
-651517845
-269008233
223738536
692759415
-252820925
-680120106
373311246
525043908
260782236
-197825156
-23417160
-425062224
-542800180
292310820
-334281664
362804300
-36644688
-615792366
525784
-360785800
-638614830
47216050
723686436
233195106
-6565020
93760068
-118499568
-24480322
105154
-424825240
55101327
488020624
-345378046
-418213150
396737884
134506317
-122621040
168620634
329358291
-503835360
550694016
-117555084
-665641090
140452896
568433740
88520264
-853977600
12235576
280109108
267350432
-199578703
116293056
6021315
-484859540
427809930
-310762400
273694332
-18512607
682861893
338146776
520017472
-319115324
305708864
-145930812
194707110
477575489
343972728
-73372878
459094130
288417516
318430336
134442902
-396319336
27296830
498610266
856560712
-131698671
-27443925
-247965075
475542080
-210681240
-423561680
-615140757
-108613404
-4257452
-60246507
356584200
-118177414
249174016
35098758
-415459902
-662776551
-4746942
720043310
-14354970
-123538635
61928376
248089327
-615088620
-175307956
575872710
-229335300
117205780
77494698
-418685042
83965728
61126755
-4098504
631827539
41128816
85955076
-662944133
-190935639
200765376
711979800
-130777500
-53514104
152528640
-449035130
-665168874
-886476312
-172365080
-321264932
-38715300
-324460584
-339850032
-305358419
-486466792
289015518
-118284348
-222828840
133011599
-550736042
-96087068
-32174796
9998401
65672632
257154108
846236310
109731328
-302973240
1009195902
-279355170
277720632
590434012
-35676960
-123785350
-12875926
106470905
-108750620
441433839
-345705700
131557842
-153066496
-667541172
15411994
-774624510
-934250436
581750
-756805296
-347899242
-386151360
-358791250
-265498312
364814686
-466907452
50919157
-49833525
-309948672
251253284
-490996464
15799936
-119719824
-52444830
-768884864
-609612674
314467987
-308205513
533134134
17086300
354506816
809516188
-448264415
742998839
-24054624
-263597249
-19756520
-162567990
239569434
241593850
54848044
557069415
320475330
-54623856
-647301272
290868039
18938595
-28542065
99935316
68471040
7960920
-147586816
588935028
-406817880
-40239004
-41128884
-727515705
243089880
92157000
120916716
-296310927
-105915690
-17402726
77172038
-590383640
179342526
124624092
-483797283
145417107
-404541432
-614161888
62736570
-191681196
-117622920
-654997006
-10103261
251756288
76092280
-165593019
431852946
228339568
9141070
24825571
-419385800
24951951
2115032
-709042490
-286984866
-135841876
368356804
10939042
-2704265
8942785
-337940512
33232662
-629285865
-452977400
65848344
75700244
47615854
-745601844
-68475005
-463980825
141536409
480889300
-202752613
-242117328
51242806
-434753592
22883490
-770864720
388381695
111198807
7500732
-445393557
-36651238
-339125440
-191059308
-465686270
16800343
-344080448
-200680240
-157635582
154683936
403459280
-170815700
-440102861
338163008
-490200690
292779660
-97849860
6905766
433386168
23955798
-174232356
-42021760
279637845
-357943488
904880382
-23890972
779105008
229797468
62519690
469257345
505653586
273530180
-293178048
-427780626
-4227480
-724114158
3659162
47426150
211571180
159359950
-21858824
45486210
23461840
30394268
629260384
-469717506
588040807
-534174948
-42188388
-26852184
16501728
-94993920
244056995
-151161330
120791970
184777284
121426533
143871309
303414930
35877684
-80321535
607913120
-311900160
-804508908
-27330440
-253973544
-12661360
815982090
6849402
129362979
-808282354
15389997
45287906
-44699610
311488644
651503763
63939008
208702052
-53702303
664738665
-560667646
-33155360
-69406592
-163839375
-76742654
-317431897
100065630
-697088625
347410510
-191179170
-910102971
135084232
640398125
-250651148
84474442
-516249944
-54829632
-40670520
