1000
23102987
-286654368
543008619
-679319207
1173340
58307268
-390425728
10282998
44634720
-463366460
-253088325
-24263016
-174304000
-108804944
-85958586
535804257
412508094
328611019
-427982940
110515828
771474670
-161186333
-600030435
-540869550
-74316020
527575008
-307431210
163302204
243133980
-214345593
-79784613
-180273402
-309193920
587747400
69555568
-71156313
-249126237
-352428252
-82882566
-489805785
23463795
1274235
-59501143
438940999
-33494838
-64571745
-179239894
115698351
446063544
-219609280
126051744
10249344
-428031551
-73093644
149869
22611231
794229436
-712767963
304204519
18031226
182548584
568447474
138296936
-98340450
443077362
-167773312
-229500031
134673776
-10027472
-462423435
896346318
-219196632
-87444229
-15729580
78517067
-106638048
831587232
49081805
-125284344
-20291313
-270856500
24320340
-194058670
449364204
-183524094
314801920
441282534
-460895518
117065670
717211260
3399056
601461868
-200173689
-702881710
863326248
-60410829
121240702
-238677390
-200123000
445660272
412162790
802592245
10954624
245359620
671945
574144362
276088092
2897370
-329163825
-4976640
-374852940
-58184000
525410856
150660945
119663605
338060582
-722662150
-466175745
214630704
205076203
-44687200
211412825
207681678
144691872
65120897
12025314
-360658136
-160770960
-262890
-44156532
492687644
200113072
114191766
-209981590
-538648911
289867932
597743768
13690575
-204575270
-124987050
82934294
-396789108
-72156833
56958976
-241942440
-619856
466591955
-431227480
586022080
101787600
243830040
-125347352
182450161
93427104
-81088900
181677888
66515560
317557788
-118544326
-412680339
-371098368
430078860
406599130
644943000
-122032800
-98123898
-599814770
511146390
29567590
-254509866
7848144
47605320
593788182
-271377729
-2280180
606644178
-313603970
343874090
-1034648747
-162246447
-53510278
161585920
169800592
271624795
619619220
-103591740
-269469302
116324664
-111281324
118895415
-139947724
12801672
-479409679
-720697656
187416710
23966620
-987170938
436360617
230610114
267732619
32036194
397196976
175524096
448840688
-16749531
-432058128
293041812
206907799
91108280
667791865
-317681198
-154947071
50776512
-63424584
-713620440
127328472
-86754829
-44123091
123481494
-111911997
-92038265
-163302450
748546491
-711509408
-207823452
574008162
-259399645
473134116
36532125
115068891
-165930480
-575266878
163074960
550642833
40326132
-30809856
321852952
723859696
-643753774
53471782
736353250
85652054
397873770
584078859
-32834530
-16483500
-218395344
-122703204
188737022
-228242586
-11971179
-350015988
-453993085
47178577
-137561620
196137260
18252100
-701776780
-221010000
6486459
188116830
29638959
-131209461
-89156730
332047144
700452200
234346264
136608768
644952055
-113719188
6515036
-321791645
440972217
-143272360
-772086580
914487414
-251991266
-458244745
102230630
54390929
89138790
8836590
594176310
461459288
487201100
50989445
242787396
128719866
-31326216
-43778328
107101066
-123497660
-126470568
472745308
-142121000
-321912736
369050318
-550131936
816606609
505468458
-147194240
-15414765
-37598760
143956650
603452828
262636182
-244252605
164282964
-73449642
399624474
-528511240
-86680314
-669072411
-47530704
-24686592
288125040
-61017228
97280984
-445918220
-512559542
361090266
220634414
56630178
-765142875
834052968
-454389726
-545913978
-558946190
238165473
-79488640
336283200
-55818532
263324991
-20280368
618012598
-775726960
447352456
564547656
122105515
23521080
163989616
343026265
126072865
-148299312
23380944
-169197545
-370313433
-641836440
543406128
41130860
-227409198
-58842834
41919150
-227218998
7924631
-50069284
929843480
-424366998
-980173392
-364849002
161935632
-46184642
511407590
-141254200
-79339092
247219389
406215356
183536080
232661536
155766726
228474801
-232328216
553074912
-263380394
-42324968
113961750
356965840
-64573245
15607601
-87455851
71470008
-103564188
-4505712
13007420
958775454
-114853746
-407055000
245182880
267318674
61621630
285721232
-426757020
63879000
9379275
560146879
-216656256
-216217068
-185047360
26702390
-526085798
-81764388
-296522625
-46755585
-23845693
-588832020
477606937
-244732797
-186197632
-173634480
83251249
-119331394
23901049
88209324
7826970
134158566
48634586
-735954800
-106170383
263121000
43845696
293605683
-117716788
46078980
-30017139
808963232
-485407475
158308986
419652964
-437519698
-264200462
222525863
36449280
479316420
-30817892
382336160
222946570
-340798160
-37538760
-176748228
75945114
560247300
-459654349
9801693
-81672
215216845
377948301
486033816
-900216090
-640020501
103465846
331917209
-90424500
183640821
-246089687
-28492400
312122623
-495160533
-150465975
438149089
146723296
-128000061
-78981024
267990506
707818872
-492455574
-14066011
-241965045
302706
663598288
-992257740
-843716772
12349792
148751094
-449277206
-152877200
865803344
487606704
528735684
-448104906
66204645
8246700
-105357093
612936006
-57123438
-51344232
525324986
38798760
-5963337
141545140
-607717326
497613089
15175818
55697303
-397301086
403205132
457832620
-170476196
672403026
34745020
-656815544
174455
-78903916
-24529470
-839325102
-341565616
761293500
-31349318
216202529
-263921073
-329525520
-388771880
-106602472
-361633104
-745049748
-304109552
12636239
62899176
602177141
-3610266
144173916
246197646
202537566
165195936
79948953
-4323617
50406120
-8749995
64239441
-313161876
-9695797
621380970
-189205760
-106282740
117853680
-239857065
347038416
-177570048
-219848192
142705760
-37773952
208907776
423560217
259246098
-178108021
-43705240
247130170
198606250
-723149024
856183419
245972176
-16901682
489966528
-219078082
-174057701
70674388
172442664
331077108
-46595680
-292643316
-424796112
-243614140
-177819632
880860
666659848
-542184
-96120108
326728776
-249362822
-92388996
-82431918
-191821334
159184746
294150276
-229774208
217729275
-168196365
-342596002
-312306450
51453090
-14153970
47586875
118869382
96095730
-236040952
-203390333
-39840786
131254263
325638144
58418122
-276639064
479167380
-348791417
693820980
-770209792
52466373
-576859
323734686
-195914810
556153880
4212870
84294525
-92082155
279749805
-89337400
-44391695
-941623632
-86164028
-27726875
-212340780
-232013196
-589119510
675033216
941876588
-309426728
306325740
-71454900
-408026784
274923915
-12836718
154728866
-169148401
-409359886
-349517035
416232810
13713492
744752568
62702789
562751985
-14534010
-63799131
-673944368
-246457381
-465260862
38293865
-332998272
-36915102
-283283750
238725386
-939060222
-306431640
-292831266
-259569720
-645696930
-297998118
301461556
69443092
393566700
69654114
717441921
-333437454
28368971
40650495
254590272
90252204
69555511
209661408
125871297
391390844
203300976
-37125270
-91960830
-379815972
839653620
427958388
10981620
93508000
-749955
231979491
94412292
-252144676
401929388
-371223930
-458734224
302681185
-662239690
30599154
-335318106
77367400
257762400
191565724
-65065154
-228372788
-339278355
109342587
152462813
-191738807
92795310
-299848068
-37734095
345714600
17088951
244216889
-167858620
69814800
-73803145
-306572864
-554331638
17888795
303918112
-17081374
100422630
670848464
-845329280
-83839000
-47652152
-402978546
-165732252
-124775200
219212363
591570108
-71821456
47629283
507871361
-214939284
166342394
-336344320
-54130164
351271448
-32195434
125511435
-110663460
-746018736
63485406
-32145260
-273329128
84685025
-783057310
615503162
119796014
892148580
52707116
1032448936
-27359490
56595216
-17540042
339875400
-550247330
-3758328
-54071459
138256686
-181264968
252359424
-351254124
264690048
-175330200
20672834
-133956243
-106228296
204480720
658205592
-36170240
-470253966
-589396746
354865111
177265370
781886506
-50074932
-521896584
547703303
13358292
-117181680
-497927066
-243472698
23389072
-34742952
238962620
-12948712
184504758
420739677
608783560
9492942
-27660435
-125264490
-116611432
136978668
-258577572
88721444
-463786197
-24257820
-94079988
223194730
-145745880
-193688924
-35853654
-105487256
404953526
123047325
-181830622
36325260
43620880
239799168
-153698598
438743377
-46834983
313281653
-24947566
141589440
353283045
-181013014
-67061271
-307831328
-22379950
26885921
82845207
401414202
-526593280
-763692672
355141563
-1204128
-351958815
-112020090
491005578
-4315968
-38540916
-1723250
-124608750
22449445
250541614
16233525
431200000
-501246242
48507445
396503415
-631184785
-30187116
-4330157
359686096
-921011070
56699876
-150016
-133389234
-8148000
-24242238
75621876
70207656
237893376
-287854125
-15568443
321636870
-200538198
305825580
138688466
37443452
432227386
-38977664
-761948161
713644008
-11508274
-357324660
-39344844
247774808
9953832
577881960
-87216696
62853318
647701721
507610575
23351244
-246699924
59876452
139401092
-119345275
579355790
213816785
183479840
-204724642
254782117
-213319392
-105576786
-318915843
-439985351
21473536
378873698
-1022169448
-18627670
-73536747
83449600
247319124
85506220
-170154087
22363452
112640080
599644513
-412835990
37827615
-640686605
-48053240
124196160
-637507730
-11275474
-451867050
648397660
-411122163
-70573680
471567501
248160
-400692275
-365781120
2020070
446633616
241783980
514579920
3592368
-353126
211536122
330738078
-158254583
40360008
187569265
26781993
-646499328
-363303318
70478850
148068635
518480874
700305810
17431254
-96889000
-160446975
-83313300
55342980
-148241302
461657136
41105600
122229432
-864774234
-188486704
-682743062
471063552
-127865232
-312077670
554689750
-26407324
-303244066
34366662
395168928
-395675358
-257367240
245784000
172337788
-482826401
-434858328
161978382
-130036786
303829125
-366263040
-4351256
34272439
278791677
-102108294
277867152
-613614690
-43735519
19823952
-191156150
-638097449
-60135328
44029060
360411951
-244390795
-798161700
368773860
-11954067
-292737816
-12790568
-624325170
183422208
108658407
-977162866
-161207226
761544040
-43555680
-355375956
61177639
-354391260
345678770
-86780070
760824142
159925840
-132037240
-544472536
60627130
-765717720
217430016
591686785
-378578103
-710001396
-25223836
84225024
-29949185
283347558
671784254
372793942
-224620532
407470320
-309698746
-63894345
-240897457
530798478
1779084
