1000
-86397784
-168065298
298207536
47903826
834639400
-166286171
-219739728
748682760
-56339088
-150085824
-286663707
683328996
50290352
-419998374
-294401550
-617094528
-19897344
504909400
369562272
848742165
-702061000
-723773745
236589570
220297092
82925396
-3489108
-599534730
37803052
-417824238
400413566
382116498
474017200
193431650
-316001460
518328915
-151349995
21208967
490145040
-589998882
186338334
-175466788
671775053
-161838296
77535282
156135594
-550001160
-626594528
315854230
-556464468
-627382032
-679931055
412240500
-104104000
702443400
216954650
-287399950
860803224
-61109862
-690165
495861375
-80802360
365691984
152217994
-137704368
175635534
893525806
-83271488
-149706648
462392552
338486148
133048578
-557101248
502553064
349517665
843221273
674519944
34317540
-96310576
31527681
486200718
-111329132
-147634270
-105899904
-89622470
184659072
45822395
-231353242
-997478260
433916025
-183036203
-326657040
-579023186
-130030884
88809700
15479724
467266118
253063540
43302744
-358270236
399542008
-305961367
-396191745
-21290476
-411910440
426303600
94957002
86151897
36994760
-52693206
-229915730
412325896
77168938
115319816
219427488
-433147800
-141475568
14633452
-54636000
12855060
112674672
-49727552
-35938155
-260552370
154164422
28502647
-740962250
-67472966
-100012485
-87760225
424499372
-142440805
77173308
280158270
-621890952
666171888
-385905618
93653785
-266026574
405780720
-351972044
292473372
13210615
1808732
542982316
137534166
-171912840
265352264
287668192
-10803045
-24962413
82894795
-570730106
330881910
-108414006
535020480
-179426960
-526667508
396536192
-799764096
-89671310
-451158840
167732190
-393336388
-463098734
55198820
-93658408
2859543
-27547080
-234286447
-265212451
-155004338
-660957723
-23565464
-88924875
-65428077
-269519040
37237010
-570909825
-605517081
-473165640
-192256494
113931450
155801268
53779283
633493692
485719500
-185663154
460057346
357460304
116956658
106767408
-102312420
541219333
-119071680
-117666162
465848825
-175119295
-32599710
-599861376
57816646
132060676
-92421839
52463091
-106531850
-589608876
-646607808
250861920
-253589102
-235255104
452817423
-500967828
179516500
214030700
57675432
-13224960
-116910780
-753832730
-66056093
86314093
-546704151
278651372
-181732980
-495095940
-569006205
-614705539
-166090176
28506186
-143912380
659489188
429697424
-3901872
808917583
-32619692
-468077232
78067344
79306854
195866840
-267949770
-170129500
402345182
102986352
-424755602
-478720176
41690817
-269270740
20964060
90074916
392121956
-39683238
-884326196
-169752420
363441942
835232992
11088840
59649201
-980400
-573689088
-11525157
767672840
30011624
630704712
-37217280
-35072940
-811187014
-121360410
244176560
312917967
10191280
-235312756
17258280
425627273
354083544
-297016180
871751452
78129435
-194177825
-217990287
64043994
-473361336
-46208010
-339958059
-208186500
-424316835
-443928192
-127684224
-87318224
17544450
31983718
361471877
747372598
36171234
-96541200
-655424508
-906758624
-811368532
694066884
-164614500
170039034
-371888231
268001688
-340039622
-232514072
230313824
148583304
507531756
436775211
144286248
115519928
-17543414
-34686834
183832103
-79901063
280279227
-281981480
26096952
-46038576
-453843432
24692767
-427845480
-59278014
-166408630
3903534
89604798
39512551
124643596
-507110298
-82233544
-121497856
-105182240
36449546
107613860
240029805
71214870
-128012148
-263668550
18324432
127202934
-655961670
-361865100
-211499232
-170655096
-531474066
195717480
-7460348
121038918
-11637500
592751852
528353102
521936395
449576850
-969482808
78591276
-315910625
-14421792
337529760
-774439056
-269122070
220400
601390944
-534887860
230630920
-344738486
38371399
-156312640
-188366139
301951506
-11090560
-573187893
119644370
510960
-242004350
162939458
-5617480
155736128
-317079909
-462895216
12679212
-60825027
8895918
-271403340
-1627748
453390249
-964981108
439358865
308193176
195843252
-309914352
165822272
398424880
-326277000
-114840316
548028090
13155030
-279074808
-380475810
-2625074
45327483
-1309091
-633596600
-551435430
-302599200
440745144
-241825476
283461220
394541056
-257826690
-353918970
685699054
-626444859
354009105
421769925
-187150208
-145427400
232442496
-137159212
-482851537
91328592
-278420104
-305314588
-226180227
605616000
815690824
-222510780
-200627156
345637332
184176684
-225975672
-206459685
277423425
434838250
-694554006
-205016826
-456233541
22727650
422529600
-27378432
-667340592
-163261901
-922821977
247019740
-102810781
667356250
116373080
86986861
-414950073
-144102528
-25835055
-178142626
64952262
-24694710
-621424791
113863716
-162893384
272876571
841553024
53229960
-37352768
-20825789
5305170
295572157
544879938
-188858604
407806626
-182949327
-643699035
-67315849
55365240
60938472
751178010
114363720
-13990680
-151635816
-166276044
-129730895
-524065220
95176899
-88636016
-444764688
155620338
219120472
-488704512
-438433900
-218405460
356346050
-126043475
73624019
58641632
-35435136
-51847048
53944883
-3202560
-320049840
-267469485
227868714
18246540
-80705612
215498304
-80734464
-292893728
175393998
196202980
981750
-28888840
-419616438
508195905
-25285612
-175833180
-49963912
483603120
-130707434
457894234
57828132
130669495
725599641
-125847540
-685933362
7719162
-89611216
-212740694
290266578
-210149252
33047944
-65226835
-63344191
-441265060
-8170228
-16252500
-121069872
17798328
-817918257
-155912121
-335965038
116689488
226274904
1019200725
9845302
276424296
198511482
-104763776
-698611930
-478422426
-431102822
-711566416
-782927517
1025020945
-434481885
494602201
439872632
-39495274
216967494
-739372661
-105459800
-89621532
24957435
987375942
20961434
52515742
-757448053
994546312
-918838956
-80575120
-274184434
-4889475
375517366
250876854
487746208
-876929058
97506816
76515564
-696144048
-176001306
-96394524
190366731
323895005
741778380
-199717206
-133514458
-17506692
1464216
413328000
-488969600
37884458
-253947954
-119324828
715745520
-83334192
71268582
-47350009
6738885
70037784
-685387080
183385937
29121672
31194135
-237024725
216309420
-51594090
-288458752
290426422
-76650035
291879490
589961570
-70672560
-203090700
-407829204
-76747118
-335066256
543955853
-168052208
-410935135
-210626115
20245368
443709409
36916761
-252966054
-570837487
-2735988
94738883
-951312100
128200410
-253356032
-287886412
27364
51512700
327696732
263117844
-127061928
113523416
642961329
218650688
-543541865
85776720
-47173048
44754204
9137483
-593964014
-76647060
-36961776
-286123860
-7528948
-39693600
25567084
121626783
-343967160
-22655058
243747600
-281990958
-517504
183997026
599930100
546529600
-310444844
-355533009
-182201360
170199207
-41563258
39132549
3279645
69546918
-63722820
-281349621
130954950
49880025
-186492957
385478800
280466856
26669676
-18772662
-768802320
-293498080
296515965
366264798
239678100
624609652
35450800
-43119800
-102416608
-204695424
-26533206
169889250
275535000
622921349
800630528
-101024
24082197
247024425
-239818744
6723368
1726208
-41071000
-507220945
-119544408
-31103636
449434440
664852023
70253365
-215145200
-752830182
-467435465
-2824689
-244050378
-12076440
250562690
-111326574
-698504004
153424050
417056571
-991163353
79548480
-876338136
286692688
439453230
208552500
-53369440
130570700
-592895809
453073990
434277536
-278696544
-128762600
681683379
-178019940
738541846
-304579576
-175874580
-361172680
-472441900
-19010355
-111332247
57794308
524876100
-399220572
418382761
965400282
239411016
130113047
74200671
-551152875
174850858
-159764022
-30480982
12572112
-181062267
-202305600
233345184
-145585170
-243163511
63605422
-142042140
15191708
-395244916
-944479480
76907864
-459637087
-6606592
-182916360
-99358760
18708624
-520604460
236929130
-686866325
317473288
218010346
-291345600
-273252408
44674660
95000636
-130094880
-501695625
682042445
32760000
94385984
286616070
-357087025
11788790
-200984580
152064716
-557490276
50044540
-318153528
186324138
-39267828
297002475
-318210886
281412192
-560086200
-366747832
-927475758
-367855427
-398579928
-148173116
-10724288
-829622577
90399960
559445670
-37768010
-40039488
-630057280
-314468847
356970768
19854509
18494258
94301682
714485681
56989176
-93087512
-51901712
42438000
137019519
876317145
119977572
124200375
102327426
-181072209
215180984
-50544026
388078240
139566300
2750664
-512997408
29643130
-479269500
-3467040
538262958
-628498736
-271381030
84462492
-404385220
384738690
141682632
-276191103
-448344863
-1448018
63827016
1176444
135369755
68043683
296733918
463147529
-248541988
-548845184
-912168558
3048878
-100986061
-83863780
221867984
-484912197
286372548
278820936
82532736
112718480
-107214030
-647058426
18657012
513368644
300482406
-87411597
-48166791
588168903
-236979405
52950105
159512880
192736420
-539413655
128010393
-10906830
-171182981
578985435
8097012
445700934
-367515520
714238560
-496331514
-40122208
-23543780
-56664253
570378567
-376564840
-734860637
771804180
434655312
140775232
-40037654
-151123854
-178691675
286709604
79952364
905585760
-568699782
-208088646
97856992
3617140
-229149533
-59702016
-7930270
131731834
11401894
10859940
-198645624
-216352080
-460530208
12502560
-386580405
23581932
41337660
-69671530
-237865842
775367229
663774092
125981680
44078930
67009482
17047015
-456653320
805339965
-67485099
-97723500
378399435
-340737720
93859140
-460547108
-235137516
487039856
807875296
-471036360
-270777872
92997216
-522598834
664580980
-57666448
25839450
-36831348
248407544
15041376
-45177700
68772645
-117888472
204488535
46054723
841831900
-515342905
344525309
540133860
391592340
-254587160
22143290
-198168516
-88128040
-856421399
-36384500
37457992
-149928090
-368406060
-88397328
-345605712
-134477832
807930890
-16007200
-72109305
574554185
-630909972
-67567420
375475000
-639220800
-446172632
-616682400
-358953600
757207608
-368999280
3113330
639244660
-310580853
164265192
106920600
-715010736
142942947
27918708
96087026
783017424
2907450
-173384442
-290356890
-280512128
-590628780
-23354902
541366532
-234386103
-8854706
-156732624
-133970984
-890492664
212232657
-443365000
61986026
50746311
-666631442
200765136
-128178304
-4610785
410122500
