1000
730461738
171691544
163870920
-123241565
-53321498
611129100
152373984
-42131474
-816687215
-101875185
-8539835
-368812544
175588675
-125801989
203069912
-301367700
45179280
31321035
468934830
10341270
-108742935
234793314
-415266762
-516903597
-429538005
1026975950
-246280632
519067696
110119296
-639634850
229238261
793352088
341799010
346630355
-878020710
784419440
540321672
182463170
185873334
-22139073
4057776
123758052
-177586395
-2758350
-54604275
-433909684
294477846
-115964180
-443772036
-430664598
252798896
292303767
580489140
223154556
61915014
-34122432
286940550
60149642
463192132
-1012730992
-179613538
-85583520
-312402411
-227917976
-66497508
324423736
209708539
165016104
121935520
-256531520
-632392670
527549100
17748563
157581257
429843806
-486649745
487371960
489264809
-63806496
58011614
-17868002
292393848
178632168
-432390960
-117987048
387714600
630185490
-418856287
-497044875
35056261
-228188482
52495450
601294470
418141781
418338568
231838920
148532910
434198336
-126469200
-273068462
-482248554
92894592
370301748
300971893
-350013960
-201219636
-386228560
-744126195
-463707104
328837325
159462080
244900414
19928832
832323025
-37477790
-75542948
-245677964
-791991540
92229202
-445563466
-116814240
-375441468
-162730377
225930538
-6806800
-24490384
-50200560
-22118657
-357785740
-494583810
20243003
-171063312
-15047130
-730824296
-122079888
366973152
607065444
214365482
207819475
182975268
243663360
809238656
-391433523
398924710
449096400
9114326
15279600
556236483
-171005625
-486706156
120503520
190262472
-30360580
44685085
-488416640
-252248601
-453279915
243226555
10144016
-60987651
-49313304
-453433328
128726435
262627488
20681145
165760940
80024616
78036594
351556024
939950658
-452645658
191101014
190247610
-11480052
-70415811
56238772
390554228
-12255127
90569992
333278264
-800845164
157631747
281575452
-110618622
106336417
13573690
-569737768
536479566
-462053084
83388528
963124974
207389864
695677976
-113592054
-319270806
119390952
902044581
492515072
-44570988
-458376452
17938863
591322452
42773940
531713818
423202792
-794386700
95516421
-396777773
-384405000
-378970416
304499661
754416768
-72484398
-274659834
68232255
702360710
278410752
286797355
-40232848
-1218225
-107886724
762854697
-15924168
248919382
-290059286
319996956
-38766670
14028924
-160190100
57773506
496773848
299869236
-74412782
115017096
-11126472
83047128
-101987400
1208680
192660816
460023412
-26973408
-249022456
-104387128
-36661635
611270172
853372044
-674585538
77727755
-534963055
-267087840
17238447
8850387
-84157710
-2135525
-924174675
-422376760
-32317760
591478004
-583958046
509691980
-231222324
163486344
54070128
-3509576
-37625892
137384820
-117560079
62592344
-47849900
-309305028
15518312
-136844631
-651561057
547520
-102100684
-132729948
-385168464
7140568
606779592
-71045095
41732754
-55893060
139521714
-49310078
745235001
55521116
-291837040
-36930228
13685925
148289130
-274635574
-801696852
-42956120
-44145795
48250904
764908300
275454894
180621660
-509441709
337774690
-322102400
149381440
11894648
49882735
415044175
-433431196
7499136
-47793375
7289800
28371508
175576804
-469854528
29670903
-532129419
-48050903
194035178
-324858484
208794612
267168
17200464
-137071942
651505725
-483545400
-403977420
38014371
-193180059
139433088
-51960307
-171133730
141108630
485609712
-405455535
42377916
87046197
-329795595
-403530606
179727436
-328194748
-174102120
-136661646
384305968
-45862157
4002420
-41988708
138569277
115677810
24671288
570506570
-534206094
402500246
288671280
432608283
-838953192
-28980952
688493414
-746603435
-2701686
-576634950
829534332
181256240
-446894988
-7760970
272081292
-209544660
76208394
348882422
-168101472
367621663
130675502
-401969360
503118000
-43104321
425000359
490341080
-232789440
-198762798
596684424
-102305958
-381355620
-169138608
-301993510
382413868
-126917813
-270693760
452637450
-756866736
471703628
-805040047
87964682
-43884892
-8349696
78990114
232087838
-5664104
-160655630
-712869180
756202860
-122481702
289032975
138542950
-198602031
817803881
-611806923
-378808160
181223811
179599618
237975304
84050694
607774912
-543659952
99040760
485755650
-106691088
-539849688
-132526450
-732730000
-372401398
-197607141
253648755
-917427711
-159513323
110481920
-128595852
-575774673
-60200376
-93361672
40551720
-522067256
850615556
303627324
-185324700
-575552538
-292312944
-51674163
-212984832
-557076352
-182403306
-638797144
96108270
30183675
45519892
-19643564
110135232
529598
-604480712
527653588
36808681
-246356368
-227718540
480235025
286704658
890613626
-906657900
-505374268
102258816
-415207209
-49242688
-64712459
-11737719
787969973
43496826
47991636
68299660
-226631183
-207560928
-331861744
730565145
-549169110
26635368
697510374
4163040
286353600
38811762
352704960
437383734
-220829496
497029888
117116856
13753696
-727640400
360604416
-546501285
104317720
134033970
-151835607
-538540661
-27106548
-233312359
13446324
-173126400
546707421
158544
-90053250
322611273
-183710793
378522937
127862457
25741807
-340378176
337309884
-716940981
-422814126
666353241
30841243
655892759
335966532
345817144
-21128067
-100181595
-110084180
-249864144
-93134967
-19146387
-18294273
-112407099
55735440
-320483770
-278259264
224822800
-896848602
-930131754
128316860
279750515
-3147660
-333438534
927902160
65791224
87604425
311466180
-816721040
646394430
254774312
-208932274
38169460
303290382
210743424
111010196
605297455
357771566
364523306
146548596
-710373978
-235456038
-289279924
-388168065
191520840
-704827914
-510238390
379066500
-38974613
399288904
-77776608
-422857530
-414788234
-95612170
254617236
201467700
-13105104
604444116
-13125187
-36982517
-127357318
-481037880
126419202
-340852448
811790090
-308184648
30813165
86540336
222806623
107143803
567302610
694813440
207187176
65250042
-3760530
429495000
-97482148
750572808
-619992357
-80898480
158191171
-27691346
-347538310
169356981
43470700
130584180
237674790
16401425
53716401
191682000
-785471050
27874834
-764902628
-105563448
-201610965
-245441248
11656953
-320049933
806519232
50241456
13189059
182862905
84831747
194050353
948240132
463036936
-48263338
488892675
978035
-680685661
-273626424
334285258
98400148
-233767868
88806375
-8748579
-928005495
-964255536
-171942912
46056976
838052112
26753792
869992032
35234014
128964825
480925490
-923306756
-68884914
-253339109
526533306
-589268966
-474428822
-104805539
-36305160
-209760920
62327034
610710768
37912454
-201215625
83093280
75495798
-56465160
520867778
206116638
446709246
-119132470
634218592
-854896960
-66450479
209118420
311142914
-39545175
99468954
53041275
10985040
843452232
389847010
4087601
215236600
119074290
11998566
-248641300
-100734726
3256240
172717823
331200720
-282110860
-241440007
234803268
-242639868
129665256
-187871992
-23013201
158181771
-534040702
604024224
467134
-687690290
-12699500
67286532
2801650
277981998
-162797350
-91466332
-119581502
-42727032
470567955
-70470286
258488559
297455250
-723217600
-318808744
-218784584
59065854
-871091872
239207073
-291340728
-79835860
-510164156
102066993
-5804028
-168194816
550326049
-78448125
222440880
600890256
-71380768
52336893
-774135144
-286304795
926117808
5156656
-169653980
-28905408
220674800
176648895
338628940
-117358716
314645520
-62333664
38469020
354263890
-151974297
-457414485
-88765820
296646378
-463709052
-127643775
42445788
563934469
-518475622
-215434900
649614960
143246898
-426179488
-101975489
395077950
-389485603
332531416
-458720112
224921508
632963768
-206191880
163622801
-521285193
-129772575
-102435345
226452303
-961057650
166470715
-34774272
184370844
-41488128
466945479
618495918
309126300
-660504
-9715045
235345875
-577949424
39345905
8446206
-249267963
-62877644
655008527
-303298168
-112216560
254645714
-182666322
-99187200
-124717131
233824000
-226517538
227048528
362929253
-437677768
-284260452
-518500224
591848217
7078112
-229840650
-85852962
83857154
-29561217
-858714041
-18929355
-362985
277342714
158363198
-11830455
147745696
-137800980
-523175892
-8445096
-266553000
-21541065
345726540
197507576
244847619
-656014420
460007745
-91076274
217923745
-3306495
-231068250
-142407798
-373719844
388505970
404407162
44015508
-172566324
227386540
602245315
75904430
-369410199
-4865864
-95991924
-175271928
265856480
-93431772
164788296
-173578778
-23305516
157296347
206615940
-377391743
-592299680
-781989600
-436654803
-24896840
50434632
287971310
-36597255
132275844
-149209714
-521154495
175549704
697515128
4721400
-129721440
-118423088
-760984610
147255605
93161646
-24258442
-124569690
221276556
5977972
380018670
-327205735
-260039346
-637553980
-405573237
-186983840
720302189
-237950240
-395027921
-493409248
476571648
-193991453
57242339
25570948
-819077088
-248907177
-611169108
154857120
62184681
687322656
-286830915
-205846115
33975590
232623480
-248424696
17500482
-2138054
-42909820
371871804
-166176340
94814940
-454864014
-28172740
589231048
25334654
39020718
-573470170
236011936
-372478146
98259798
690109442
-152855644
696243160
209565954
-672734886
161267140
-439215115
351561700
442928364
-133785465
-228713580
-58739590
58953924
-135568368
531233724
-432830010
40686710
-335140686
-75019504
292297432
81399124
-43615144
-199775409
-119117011
-26234764
-442623636
-87922512
80307093
209903715
358599227
-184005900
-576193240
-87366396
-15040482
69920760
-22651928
-226635618
686351900
-63742174
-10714959
-172025326
-701610923
363104504
-272794840
523177984
176109381
503892312
-71831185
-17369843
44652372
25910180
-669159474
61330401
-107273808
758042960
230539141
364328283
205458984
214517160
-159240826
-453137420
-399153572
204765431
12474124
36779250
107231022
-851513904
-212777696
662200560
29079050
-78679997
179692411
-320687206
-89738262
-443913858
241899840
465531498
181651730
-18211912
28221664
-35784288
-159463750
-517178071
33579400
700234532
-6037948
-40796658
122433080
-138054375
509583295
-4672480
-164490354
22260154
227296936
-244548876
-295065600
708936784
-18520976
-580088943
-83969856
12826250
52923136
404073868
119564627
-25525860
98492360
122123844
-96817840
-755896078
330352209
-388426224
