1000
56060928
-590494836
-672161790
2011880
12665975
390915750
-178135920
-632821056
-346856328
-302197155
-27293463
-76456485
57283338
-250340625
489068685
9212213
-576403569
668105103
374265036
-701272608
-52352640
-487393620
-355545600
-347572072
-103832250
146982780
299970398
-363377709
-79329096
-261475564
-251421938
-787307040
-88316570
-99364762
-164310525
-503734140
-435186310
96875625
-117279758
19471914
-94564924
-238367472
-436563380
-31778780
-39048048
296445900
709523136
-269123208
445737600
-189514322
-29997081
63455850
-1257406
-740788470
-55479032
29371384
-583902600
-19786172
159048065
369269750
187799503
215987160
372804004
129423036
-216921324
-793860161
-283619844
453042401
26136712
-29681572
88064832
9498292
112585356
117008934
-130400375
162255828
559629560
394759200
72224440
216674996
-804568620
174290212
-134588415
-32454180
-95245829
-127913645
348258150
-746946250
-406395520
493751616
248806212
-217208508
-219584331
615918602
765215882
241522680
306948192
-381676869
340356780
-214821495
703236386
335114487
-543216180
67620460
103267912
-125093700
145263888
13243854
-570413984
347716515
124249168
39380982
49861820
195494745
-275200740
34465704
122391027
-105429875
74088189
39670200
220094137
286004535
-222311376
-91130493
-149526864
-554421594
13847500
-171898472
-952995758
198557046
63542810
-169993462
-109829482
-158200074
-127201248
473553940
47115915
-317426256
15004300
7242765
-127227904
-338632805
212659356
832317360
-262471364
23571580
44278608
-12556296
-264749856
-931742685
553004676
44566944
99186048
118143542
9872451
271078000
-402400761
124766705
-438643104
700161116
-297607764
249343262
372588876
321051283
274361508
-229633560
-267527494
308879181
29576838
18901740
93445380
-743931456
-31446072
156593743
686114820
685926680
244050144
-7769841
-120858465
-140078621
360881812
-9181336
612966052
-456520776
4128624
-49493164
-10579082
557808552
-366582960
-669144000
-868866960
-46556521
23910516
142741654
360152520
-115253270
159943685
-358183100
589572312
34519520
-179774904
-228193034
198904640
16812150
-65872560
84545893
-134502912
616911448
-427153260
-295260740
-607092226
706554756
1029931065
502139325
2431968
-438589620
-468424850
670452741
160027424
-29923020
-179128296
-82174420
46267958
175311936
439973900
-213796460
113927064
-26172120
-188135232
507130590
-325330467
3245200
135320109
356072672
238124999
202831774
347303264
36630360
-156613608
66197422
-155286898
-73368945
-11489418
48872112
318895641
892687048
-103591380
34268832
-9434880
3370906
-621566019
-759005160
97861940
407538880
-59694144
-493367598
148177356
132652260
-489513695
12635285
622365135
-600547080
-705949170
165039252
-315610770
-188133285
-877367052
-236743108
-143148174
-380972781
67021186
120119950
-372250728
-392714280
53546997
-286476960
27525550
771366138
13425176
85964212
612422383
-236106904
76743940
-370443924
-15662843
175249907
211831968
-296533039
-445210619
173274922
-15467841
219515029
29814944
-64678998
-319034628
202520334
-29652452
-276799200
-208896408
380901700
8951124
34427478
-610098104
-540739826
-436486200
-35423335
-4770348
-4266096
-1639750
-137465740
-66205020
61132496
-503152425
24569430
-5458036
-86502910
-33649470
397701144
-637113607
17718906
117783848
21782480
34536272
-250646552
273159930
-428586972
-35565280
-45972479
-55272448
-245761269
-499115260
-26138927
322275627
-493994223
-9183900
602463834
-14323842
112957010
-628354150
383965274
765589280
-24488555
71735796
946970
-266875509
-226420506
449403432
-457455464
-17380440
-168102730
358414515
315260720
-14683862
-8510905
-49835008
-526246035
27243720
-93045580
-107102865
-798116502
32675454
-66960768
-124966198
42156562
556259104
-348126207
383837580
-97116166
-587664968
-530743629
524670188
366704316
-315603912
50422703
-708786504
-16935620
-144153924
-50578437
10645294
-294724366
-51025310
-78396266
178160013
27487152
-114478258
-501495
601383027
6986193
82024440
428846979
-39693564
108656163
3367936
-8943480
-79478960
-463052320
31579300
-159258265
156594420
-291649737
54551882
-729403462
285767467
213552608
-567695456
57805158
-178650112
276050368
21839873
375300060
108278016
-83739552
-144640132
334625363
200369112
185643325
-501199572
-634049000
-2624780
214615152
-16238376
210895692
145001922
-242272745
-311677716
244851200
114722274
322679601
-4006564
265858461
348495048
23130030
36781966
-154738404
749304
-92462892
-33059620
-167373940
39092645
-686213602
201986384
-20657160
57866846
-693497880
59565273
-172380561
464382992
241179604
-250741062
358500360
-223049330
24865137
653109990
-307794495
-842804172
24054114
920556
143455554
238105415
-536410920
477458657
-194356384
67140318
590536956
-695574868
-273163995
404619750
-112675114
-263946298
400905450
725924160
12079380
-153742932
-128209104
43247232
-280413567
-335372076
348031611
55625304
1188440
800806955
-261538032
-3744770
215663544
-509751240
760861500
148291200
-100095182
543988962
390803400
-99103251
459650438
-494794287
-410294794
936543209
-99634848
304142268
-550647072
890368224
-486627360
551700708
-254061390
15021459
211522454
106372039
196234374
-218549942
-141367758
45162846
238215060
90134655
157454700
491296376
-294576462
-34411676
335514126
-361868228
76620915
-262719004
359143300
285971076
190327162
1123768
-151301523
32069997
-87262644
-157282719
348956687
35896887
112948137
-244596000
-213373135
255014382
-53504575
212223531
43888305
738487976
-469598595
-209382945
-35662770
146350386
137233470
-277069140
-34993350
437247196
-561513840
-276859646
284063264
-19836873
-141381976
469119879
310754350
224154066
427156149
-404181020
439091597
467083112
-1004985475
-87229968
-170777484
-513122237
59725908
328878906
-141693535
822018834
547840800
-115139295
61895538
434888010
15851754
433355360
-101875520
53507001
-97908759
-948107
389519697
-110925738
6604470
-145145500
557014358
-730521688
-199843453
251585856
-444226365
18306288
91492980
7320220
650549725
622554536
12389718
140826592
-152374750
40184052
400625400
-289479456
-786618651
-69513408
142407044
-352587741
-28346978
700441425
219850848
5710506
383084693
627609924
175590372
795481272
-185161194
-385076067
221415701
-731518650
17803471
221845875
-542913440
-571399028
596899030
245540860
748579074
416276280
-521110500
-168231890
259415936
-39007584
266291410
-226651224
-84858792
250017912
-180474078
-189206880
634398316
635357320
-106743600
302955303
-172577280
291417990
384627243
-619071442
454277373
-89605728
-609033410
596869178
16402404
-524497600
496216090
-15669632
-228766535
-455981751
-345001293
265781400
-429699840
-373285507
-164471044
-341407616
-131945688
622094167
-7901595
-68833325
8554644
-73680320
445592504
-39202368
-363151376
-45872666
191855424
-40066254
72347445
-415926438
-2026431
22734690
52609628
-418097793
495651555
-68854985
231085512
-235298368
-10428480
28938735
203320887
-330229250
-659731541
307499894
273460647
229684158
32602213
170087391
701278424
37998852
612125850
-765302532
182431998
123610400
84298152
-9549750
-271695500
361750746
471386825
14943180
665726350
-367944192
-41320620
-686289494
382572868
687027840
129573851
-497123278
118204878
131425956
-58702598
20459439
109584
-34142143
-282900
32101514
111630879
-516696453
209104695
37463732
603825052
-3324442
-387079167
-39532986
-10443435
413787918
29013372
173660238
517007175
269868932
-225182232
141499004
10318320
851398812
248468432
101457165
-98842302
483497700
-165100194
-480712038
-533385372
-671760244
-523919374
-439055690
-29863744
114623672
786157978
713542900
-15053531
61279440
-955517859
-174215484
-195736000
-69967240
370137960
462984955
3260675
321085566
-88525741
-145398148
-347761836
-659629380
-152565570
-442411830
-4941864
63912832
-123186284
77906880
535590336
190083320
-477331995
59350190
28310373
-244213964
58503156
494816562
102725674
-706608352
-67998864
84410920
109508115
397900640
-503969250
-88542705
-268489695
-460526339
-8689340
-467015592
-122015826
243166389
-152954190
1040231950
369494580
-309803560
281164416
88875960
-66120200
93740136
-371819295
105679922
106096221
680750856
-199648324
152839800
361659108
27425898
137581710
149368430
200955600
-49740927
263065210
-313663259
129366798
-533588350
-21397497
207265540
-104715492
-108683868
-790248628
250276702
384056773
91040510
23388498
641272626
696753408
-257547290
515743232
922078918
-544106160
-151916856
578645690
-24784664
181786720
2563407
-70881647
-883146186
285553938
31845275
-56929020
-368638065
-49823904
89311039
687896064
72229940
136431400
398335392
-163544900
768822935
-181652114
-458585
80485352
10364640
39291504
-666022110
129214764
144829800
354301729
-398994145
-169194980
-410680620
235288328
-884498500
-400950350
640828225
-676134814
82583752
355360152
246295500
165720969
459118176
358268795
108988902
-271817028
382657250
-354361172
179139600
-42872984
-48495166
-45349120
-145896520
189116940
554505855
-195403236
315518148
86625316
-222031433
-379285088
400971800
-13584112
-134666560
116662922
-28559364
-94524266
447192772
6533177
-132974632
264577689
-8468109
-190246562
39000598
157993472
-64429556
110440572
-459872028
-32864763
-97345890
6180328
-259008316
-87996600
21442797
-357131803
-232154676
-147318516
2423850
505762250
362839675
-331968540
449117543
44581264
-520467975
26249184
6870475
-108897863
-140349518
185276032
360250968
-746584298
30191952
-34534696
168413339
62023456
906904048
527489190
-462016704
-726554244
-85742481
-232531185
-30710262
-226691569
-168033516
-26570257
140101592
-312235209
49545108
-858815694
-44813
264337416
-174568856
77972202
-20660187
-214635707
456343116
149156973
21936736
13563482
308450207
-1888788
147723152
20805239
826840235
-18677345
-243797280
-490072397
67049313
-639812935
420598033
202162604
-241896876
204460035
90053165
-44906724
-714339200
-170711032
-108072300
-259266390
234539414
-4704700
40999311
-1009288688
-50001516
-455880502
342593226
303988025
-62405200
319185
-2825440
-618044823
-637389860
1692780
320419757
-116265758
73548748
84477616
323685406
718146874
609225376
-591612176
518032449
-73735684
26784994
-560590329
83444460
-511268748
