1000
495103573
344943144
-799246938
227328150
807260310
-129092080
-98481510
-163496469
754739733
170228474
-142769341
114227624
223084596
-413592624
-181462564
-41827179
-991200208
337767277
252440916
-11683931
41795992
-272717604
-38961615
362189802
-480921804
-25784512
379300840
-505986348
242106560
26616492
-6793088
859886835
-3051296
141413828
-635946982
289136178
-246052245
60456936
-90321968
-165951900
-183169760
-582288432
173971082
399032832
-15320634
-492634245
-350109080
-297805193
-2617280
819891324
317388764
-40135914
546195650
-141771808
201999209
-21817182
-110630940
-236366502
-60207242
332193888
-105971124
128059380
8293120
-490956192
-4006536
-308996044
353603393
197328528
-51919886
382899400
-671326656
-9560800
-436224035
431905264
341442080
117677868
-147809082
-182111020
106583764
375569768
-155731562
113430388
723208410
-293450905
483300800
133732114
-780855360
-231176528
-699841630
-1749888
88855364
-588341156
-192532518
138078776
89311869
451640120
9635472
-111633532
-447707468
158251560
-122689770
-404534298
221899176
-146216382
-41011568
-3174314
-10800855
375048909
-26062400
258308856
19576592
-43477980
29580042
-84260692
174530700
-28651800
543471600
277077504
-179713168
465466500
-244455639
-410771286
-592977458
-55440900
-786983895
-4082910
-565032888
543070550
-183192750
-67945311
38614086
449152904
921691029
-223555992
577398900
103516750
-181305696
-48549412
-1040986038
-42639380
-496561134
-137839724
-546316566
307073814
239305176
-239366148
57466514
-275904768
-320174712
11481195
72392022
-446352750
-58012654
-189908820
-625907422
29212578
66923582
-699678729
190251705
-140092276
578168228
373197727
-574658475
162067526
51642406
-56322318
-80116432
506495824
-307280904
117241695
-14571796
-49750456
487223100
-451176660
625267617
12073400
-92388562
-10904754
86798366
-922404938
810190425
56646024
37742800
239187504
-567306551
480311937
36438984
452138205
467323801
516921275
-435941680
378490552
681469200
-25882840
551838147
-54703110
149011281
440614020
542741190
-272739129
91624506
-118340480
454985610
549599400
-348467322
-331740017
380529036
-34001816
675048192
-286456752
4764879
115135934
-397152264
-229440840
264874458
376721488
-8323656
-223818320
-344858084
-322216320
-746061264
-252316680
-13064492
-688460274
547403416
-13957874
-839717641
-23998628
651702460
5905945
-309840756
-157158540
-298947330
-25459196
925242055
37817280
596986884
-129602509
-92792627
-238118936
271995750
-435557872
-124313189
165536616
-1180144
-791692827
59040520
216010304
-658661632
-637834920
701933284
-520051896
-385458573
-157532544
128249136
589314912
409128612
130466448
-61466694
-402266208
-96010914
-4345128
-762413362
144440359
-22409577
-84709590
-142804410
-502996635
-73631924
809080358
-601989318
62110080
160195554
72885217
433761013
460202512
79605642
12751167
-167963110
-398760292
-788032564
731992680
-165807405
528028512
742050825
174637217
220392418
-159704595
-569804976
-608348664
-85710910
36853076
586482288
663356862
291797469
466367538
47793428
371191239
-558004910
90676377
-594154985
-964170497
-386489223
836857120
-184535910
-474909204
33578792
-399668829
-35227116
-590274000
496739800
23278130
-24129300
-200267160
-401042727
71241774
18136204
263636896
42682336
199890878
41723107
119405880
-613885440
10836720
-48221740
-129101742
634991640
-102917686
-477650048
5626759
-157309975
729286144
-187026400
-83567508
-63273527
158505893
-585412515
-306160774
-185307154
-439317690
-188086032
-527734350
58407120
-664816384
117977896
-41495236
547306888
41622828
-173533870
170732142
9035186
625108974
-419097672
-603678996
-37959978
-27940390
-13895254
-421084767
462836350
-64533165
-293794790
592114875
525287919
-619408440
12428659
-1039599911
-6725744
636930840
193011808
-725349490
-403315920
209186352
627372
686207561
-239247840
-219297479
-16509412
-614520750
-4754862
68520868
-283770016
168552
101292192
-216938635
-20946959
-2684187
63569300
-237478640
-106656087
-166397500
210648832
603123213
177270478
-469094427
120274406
878795562
-25716204
328746144
-140426747
-738291996
-200382096
-1023184620
-980011827
-367438344
-118110214
169878610
-110774530
542800902
-101657060
146678866
481211052
589561025
711374630
-7841280
-429812224
308394190
-135124461
-900648984
278938620
67016265
-250179120
59065357
113490377
-361955844
430122789
333173610
-102791032
-328135104
837222891
-59344876
282526608
405093612
-241819050
-578273759
131997437
-99906785
225604254
60389496
160804390
-38341631
111927530
48905011
-376751760
197300688
23209389
467306628
-205533592
-832445000
-118407912
367402817
-49608544
-371894955
148171320
-69151089
-209946232
479088240
303506616
-742993545
-11735503
387534630
-285550362
56534331
-590695752
-159819875
-146259792
-522403288
423676080
419042260
59524908
334908704
156747954
443459772
361442790
578039004
-31932472
234054380
-238249341
246253128
316235216
-92200507
205397199
-245462492
1388464
227136336
-73922218
-184809396
-835205608
-41436650
-226179328
639686930
-116571235
-857329000
-36998200
959509500
742154171
36669204
-610647212
300286032
-87674400
-42090681
196598940
-6268512
-506087808
613687802
230646347
55570396
78483570
115852088
-22088256
80602686
-386037856
118217960
208317350
71428818
-63070
-562298976
173130698
-370933728
198089570
234304656
116508501
-566480230
-263655888
864026418
-28873856
-85826631
-194827208
-64910556
-245010679
618267765
-40586956
114403150
-38237310
116262188
-340514724
56737500
-323514466
-709026440
90183185
260853339
-181181427
-120041686
-526939480
-425728251
264404187
-65720460
164632580
-151291628
-379093698
-56510941
-531544290
-53148130
-191747980
75712004
-38830973
-254178051
-491367856
28918125
192979520
437712550
-8633952
-918907022
41874856
-219013510
-156192135
210242650
-122900512
354450966
192553124
-295306702
79618500
464850719
163615844
342233054
543353906
53699943
-105667793
-63069867
6871305
457971228
-90064692
38754628
-475996761
-87629400
-63688012
59901048
389463094
-5779426
111803553
-10276518
172306810
-8471932
-238153172
-270409590
-282944277
59134080
392630735
65122920
226291440
-284333700
-820698000
-79238555
51824060
181126612
-163621600
-74543700
22948360
500843285
-776969856
115982264
-147564296
421753177
-396339742
413622432
26816356
-685414104
-507924864
-35881773
-369535540
144707952
-279692558
-24464112
-654469080
528081450
-141005048
-194273280
-373563056
-60486536
-337575600
440290404
593668384
-17219549
436656510
110017113
108539685
-212080822
44490726
-12991860
-463318450
-188533296
-18310271
-318593520
345434814
-111069486
637727152
-698167344
681069718
-98432496
-273280420
474262131
194435895
-451255276
131692852
-188993706
-225337112
727427596
237101007
-690614100
487592820
80027784
-273633932
-463801225
-23211460
127609020
-697214336
85505294
-284089425
-243106384
-130021692
15852391
-383717320
57441930
372316014
-175685481
-108491304
550344810
-28182880
64854073
-398153088
245357028
778845240
-14634504
-151635540
-199621781
486079150
-161516004
-5399834
-25080684
-215071134
42270336
187658748
-2117432
-652021955
-151903062
246582180
-550256373
575633014
473364328
-399762232
424173732
-28448496
486583380
180549996
-567117348
184283940
-81591124
3089258
-25894461
253277658
365096018
-156944115
5020950
382719172
311702454
199717360
589186026
517139938
137296284
217268330
-359809332
-48341321
363412766
-250906505
414293517
-46882125
-76665135
-59990336
682435440
-6145759
82926165
-2212590
415930368
-140848855
312407900
637313218
-499559280
-17749998
735782121
77879036
108730204
-253536660
-101970484
-205482816
-134814232
261652158
435609504
-285768834
28102812
819373557
99382374
244788400
16826247
250525989
67722205
625994496
173028582
658037044
-129917232
287514695
-8594748
1432845
-31398756
-339616158
-392184735
-408910800
-343087524
-244411200
-300868164
624613926
482986752
-541577682
144992228
-649923455
-72705632
15710656
-625549146
108484936
14270232
93182032
625145612
87674298
139504464
-35505680
101925801
-376687784
-548134825
-251703480
-135622072
-346285676
9797276
243892805
235648458
-121444392
-212031336
-397185693
-36379728
316512824
-233652174
-116204968
732862086
27578565
275291550
343231938
-865786482
-627100962
-208354342
21583947
112383272
-717186935
411722014
-71718188
-190634336
-337324104
470836457
-299590802
-19645862
407418702
19895154
56713563
-255089715
523406178
-347920320
-63098668
-112191922
230197723
-45380235
352097960
73274880
-185131948
696550477
2208657
-1263500
172375632
135898706
-293994798
-852735344
-203248864
-524464519
-436606740
60659250
1034374644
541843708
249428997
-261180657
62274502
-185809525
163699512
-323657748
120424392
6381180
269384761
369496407
-264831822
-81851253
-265870944
-189589132
249485600
813076060
214113660
-423509676
92021384
-24294600
-61109001
875104
-253349585
45812055
235311720
3973580
45752850
424779642
449528552
696893376
-106629930
-21489670
-37754802
-210017884
52528285
46679880
786223060
-549350980
514510275
272432272
336661897
435818610
-47078026
-28335908
-558420348
42477160
35087304
-198378780
165904035
218636512
947208
422586751
-159734295
267805720
-367541574
-290136852
397887204
86116567
-257407632
-277151726
-250092763
113890308
-32674824
-641412723
105154200
-27679410
775536255
-480185928
-257740224
-370038160
560644122
-396729346
283685560
-319694280
-91148802
-2113848
-51107979
-12210040
-38088497
-137658696
478320477
-528474521
380160264
28129530
184946806
-39814970
843753610
42617526
-255580353
-802859000
158438142
-100105460
76995600
-82459620
-20886939
-478845056
456185356
-243752154
23841288
448038220
-200025830
591872484
-201643070
-479375208
777506775
-112090350
109068528
910355178
58485675
50823200
-130307448
-129464461
86309366
661509066
44814350
-138389673
672803200
-755491968
-298284970
487870648
-89021692
-159450870
-49440875
-3751020
62043958
725273076
433701840
28899258
335004538
-4531740
20340420
21768546
392915319
-39144330
-48846487
-541415210
-134750336
-40621500
9884780
-58215702
23557464
25335180
394788303
217430356
-582613074
-24910206
-439329198
-311634861
22038360
213722311
-80644113
56954250
24454935
-148577814
-793683514
52213751
95944716
-928775880
