1000
598216780
-783169598
-714627480
-673308210
317400106
-240200604
145686413
419603880
-23780400
166022925
-16141216
-227880534
-368592240
557816879
352836714
-242279212
90430912
921739694
-26462475
12789556
212702788
231245450
-525899920
38159559
273221991
886071476
744137448
-378013398
-472365776
87202960
140713820
-222670020
-31502514
237093956
94544409
95726598
-793234728
-67979142
-47627776
-866881200
42236706
822942273
-241876950
-153667206
-22620330
32882182
208491880
122903712
854051275
22225050
-71977968
-350260262
115499146
510413890
-215009235
465734108
47787116
319693506
-403185567
-55948017
-534184525
408029702
400496200
-164527755
23184396
-175412708
767474424
-45241416
214591136
409242680
129406966
-420190528
-947515360
19577869
-39770735
-140265750
22461204
96517486
100820929
-546925963
-279293028
-337396815
348097750
-707603967
570534248
-849846410
-30956094
-69013716
-1037672269
-414000354
-170973300
676384800
286489152
-813436638
232590875
-59369464
-157359580
-166075144
806878080
-8883860
-658984334
203247903
-413177049
-142289100
-13667865
-60589705
12645360
-97419546
-479197678
-24058366
-606360064
-1059271240
634790478
73042717
226660280
399473035
633856020
-930685623
359362890
147885584
-349316282
92116968
90181620
-404616275
-583169284
455862876
-546450516
-299007060
-245225603
262278328
75750000
25659648
193956532
156872884
544896300
-343638793
433351903
-681471340
-820614358
-133830235
20992608
17685432
-383122700
468777240
-102625740
498483734
-553722665
-180770304
-147028931
33532062
388822100
-455682760
-94292825
-199114800
328229200
208924376
96079269
-256468426
419142200
90597624
24053090
-72789480
672597378
-291291
228357340
51387123
331334861
35830044
70821751
-960069275
-490428150
-408885180
299594203
6671643
697606166
244226335
192043694
27602496
-122032768
-87515034
-124501020
17768478
-29375696
98480669
3092815
817018708
130057235
-673108744
359153470
-86497430
-237509055
-230740680
-27702000
-296521431
-6475732
610730834
616893970
-84784020
546140592
649272768
562420780
-936072188
79734032
-106099270
-49002594
28178167
-291531020
-375780020
-946427196
-145631472
-36653796
225968046
-205245906
27250326
155142648
-434362629
-76292736
-409150854
-708059700
356089525
626561539
-61458915
59486980
493162082
-892999548
-583323540
330064875
161643780
214479998
688054543
36317880
-339820956
-82967179
-20600086
805546220
-229423266
661566320
-228755079
-150872266
-4859874
24538305
-14894685
131734059
-1911882
363688884
-142484272
-295088185
11412324
-643709448
191693776
-75324004
38679626
-544341165
909875845
-238800360
-10969150
78722790
169413100
-27250484
-36163655
-265530115
499100672
336953600
321220440
392647264
293957586
193767477
-181239461
226883340
101401703
80236750
154719351
-278741247
-390967850
172720
687322004
221521560
-210739320
39171286
12351020
249377128
487441444
184826033
-623527549
-117603255
203864500
-107223754
-401828249
-377294599
-275769818
343299460
609127025
111001855
574605030
75586476
-27739528
-379884050
793414160
-481724290
581850
-256355550
-1564272
714077964
505794621
58544640
544095888
-95575896
-338746876
287286750
-472047498
-547980230
1024222892
722218968
-31587215
74858383
982001880
304606440
-182542536
687295368
586638200
-190743748
-1032336
-25193799
-178023978
-98713240
-515763664
-247474176
-247574470
54764801
-197600682
652387574
137894400
61345186
-210701400
-425757671
54251520
-521994880
-128176867
-600614364
475464060
-191840285
-246609405
-464422464
600637142
344335209
192888740
-534924720
676278316
-38714950
-433311617
518062160
-71750217
97701072
1033346160
7177810
-34037384
-77053284
467922382
-188009940
387593122
-394642560
-41356898
-3497580
9584588
-565493467
-9709464
-14257955
168653100
44505486
-20792745
-407474020
-22946355
-19121250
-564243084
-474758157
-57934926
-14401800
-404514
131417174
-179554293
-3121903
102006020
143221185
259520065
-759437991
-485528368
-27047793
28387956
-83226839
-13091624
847983136
-1026048
303371328
-308683872
42869921
-6249405
-4357800
31813488
277037865
-72781380
582639200
-521275392
144547508
-94661619
229573428
-156862520
-987583254
-792409761
-258166550
601997147
61248726
-42021552
-7211680
-465618016
-488293065
102478287
-360793290
348202888
151656936
-98723240
-349609029
-532503829
-433302562
320430402
-43653210
-11015856
-642901530
-266381138
-264923202
-850105905
318775134
274503152
510507008
34953265
114081852
328169856
47415078
354807276
-618857320
108466785
-722566430
353630456
-440641103
38967152
-43264103
169864862
-222688079
-49817576
314743466
-13236480
640825173
156159114
369577110
-172035801
-36974145
-121194150
64153458
34554291
333628942
422554320
100863664
-298364220
-313562613
-688360740
-46172646
-382148766
-1066936700
-909914229
194765224
120504400
-354946662
82852482
267407072
414471492
-83671938
134454540
165799062
96192566
13511120
-147197910
1537776
-519449472
306671170
188614386
-272073100
161024688
153706835
464462258
-189569736
648428352
-449078250
-587000
347230067
-147421260
-4656843
300729660
-40065596
-361496078
-108063865
-411350775
240736870
4432512
160150770
-217897988
138043298
274138681
1476000
-13807808
-817140954
-67054276
69810639
545425750
158485540
-298716616
-677308192
-426159664
90699340
-744879564
10979074
-346262959
401429036
436328750
644837666
-19967654
-48475740
585618480
2811018
108733940
99021341
433481880
-167151111
110874660
132831234
35397342
-89649872
-458131388
-8295492
94930100
-32009614
-313186076
4865910
-370294925
171364760
-250474068
-279438805
540682830
-247023619
-715323008
-11509082
-224571246
7365600
-288564104
491921750
-656747968
-364209984
150078938
-9160677
-93680259
0
66459644
-2194852
-25045454
-72873021
615588595
-6993350
-466570416
20287990
-455920
157331030
-53621001
-290673058
-48488898
-3925010
-552590280
-923230640
5452901
227932770
-267675501
-12539480
160235715
-782439000
-229227675
238083312
187059969
302422415
96833718
377932152
-732215490
215851968
378012128
-62157640
25172484
-492825096
-759385340
-442978902
-451029150
-628002815
290103435
-310660385
-21728917
262646214
-299547738
225464380
-237721080
-196114850
20510354
605944056
45572741
-58737296
323733372
-481811552
95850288
-22918810
-130038725
197522265
-127687662
-207236576
256712504
402271120
501004308
234507225
517448726
5584410
-220021696
-743344950
-738874528
52742822
-95012770
-570980326
14597136
487424520
111005580
454844765
-166849812
2998296
-233320530
-475555222
39345788
252379264
230624382
18400923
-229285155
-13481485
554978688
164463044
429713760
457561276
109803356
-14092088
-420184240
823082352
-565945656
99398022
258957600
29276174
-745961760
-304194195
490441
-22533945
-337697025
47766824
76991761
-17387844
-64985440
-18158310
198039072
-72458056
-10999128
-523426332
-160032720
-209669127
516348112
-668452970
5177718
247103136
-268731655
3651752
363983648
-70911438
343272132
472936912
344951334
-800231800
309508017
-114830310
-390618880
449475
259356864
45167010
-419943054
413723754
-262284017
512702228
-64309725
-211804536
303260906
-132785100
-801891734
-240226338
-5384940
563255968
32196516
-475203415
448121856
-221005386
616067390
382031703
-167799918
-284885700
-560183636
-230280260
-99142704
-488910816
-291046854
-239547457
-124117118
191000160
116634369
15020398
578705099
-285956918
-418697472
-124483956
-331791824
501479958
325643500
-311931005
-272648520
37799484
-48893564
-510111510
-322761631
-345205440
-300532408
261280250
408776094
335724480
20310062
-113993041
-166708987
-45490974
94418142
296334600
-42342342
-84233022
-257049688
49243410
448963228
-195854798
347213069
88310784
-152230026
376019607
898660603
-216384
283629548
-615977190
-203551978
-229607703
383315970
-366730688
-1723248
80411342
-158001234
-13645275
-259802526
62697568
14573280
11538807
-776317265
-40122312
-209295750
258562569
248532312
386758806
-121336050
-72208462
239050300
-47508930
-460707239
-476604072
52643500
673786626
-97780878
123357168
-81211466
255760536
573741256
28189522
-372000100
-337354138
-166039480
-74523406
183801081
295027380
-337009690
39054814
-187064744
192527994
-95128470
457845264
632504376
-36223598
-19097177
150259846
-15529500
-181513314
-116698560
-32119902
-636332355
-688946261
-35861285
69459208
526265298
-682862565
-60370344
-187967076
-8502304
260711572
25923240
-454374603
701630967
515598283
-22566087
160305984
88086944
-412456308
89056080
654776672
281530174
-323002416
332350247
153072990
-88175100
196510100
-666756532
-59534916
-328011120
655484045
129655130
-185381730
-79857856
-208146594
859124317
-363690899
-547811363
215451000
-732267690
-363014670
-332713266
-202660548
-246349720
453186972
7755676
360673765
27515880
-756142756
881454624
774882880
295875797
19775364
-161902720
768030000
-69037809
-402564285
545065596
953403639
-220138384
-83050500
-14014976
63795840
737650680
-329651910
-433938143
-6372439
-410583789
-316345376
291578562
-2586337
191629440
-346068800
82945836
180089453
-6119916
421905224
40707360
-19497030
-315675884
-47411514
-133333384
-212250254
-131196507
-43801932
-198307252
-123903542
-131132594
6411087
396418270
-111351840
102991238
7888770
-334010700
606618327
291451383
-126778424
544156380
-235767996
-194998752
76864809
852087056
443170224
-388545654
-158730912
-31730682
163958832
-25866100
61482120
-99247662
181025740
169584460
136645704
670750215
7215565
-389535615
619731918
-408092520
684860308
219028230
-213320118
-59651514
-48871134
225490080
-331358491
243956790
320152606
236512546
-374583708
221189773
-345065327
534395205
-143101608
301246750
-327380760
578692709
-9236055
-703501876
-125704328
-17916250
-163743750
-508224284
-762857568
243302043
-35842323
76456608
446048076
55724832
-703556460
-273892688
64355814
7626034
-2394936
356372200
-654102872
410526324
-1624187
204237524
102737919
682346124
-170053999
47773638
-432563448
697861507
356176557
-8446692
-714282400
-373131096
-422918313
-1026503250
-205037884
251199210
-134877175
833627622
326876450
-452257702
-98759843
336403540
-314416156
323046672
-136035990
63219430
52866285
-715306958
-618176780
141476676
35684799
-398187720
-406957222
-193862682
-193235679
593671312
