1000
207234152
227575992
-365681526
189171378
-124535166
-172464160
178651317
111554278
-556165260
207745200
-20613714
-338296068
424056384
-54716128
528693333
318693540
129877136
181006256
-69340258
-10503105
141814024
25910252
-157315830
8380050
312721026
251582234
-180959342
-216079296
132819764
271362048
-177657036
289773180
-138790808
293585727
330193899
397030860
40386832
-108717752
-527865360
-16876770
230614452
-175511700
-28099536
451583544
214739349
-288958536
188607405
25832576
380022928
78273810
272647077
613950903
-22041600
-125338846
516672684
421801324
-568901700
-519243020
-267744728
-376458352
-3328315
-101754997
-554031594
-91952595
-319202280
-6079480
19935432
-74853306
224854458
135634158
120121092
47781216
-440207520
17106096
158894592
893267200
-127859464
454776336
-657848034
-109249797
-138870916
-36746380
779183680
336126600
95446120
47530665
-194493600
362256525
-6731192
383099598
-260500051
-91916262
-446525660
-207562452
-45207500
423739692
127895003
7762295
-393198344
45144860
-784098204
429760226
-409704480
42369646
-82326867
208449360
943072038
49500132
625182985
-443563104
30464216
259159824
-99838690
-272520162
-77227396
70174368
76280800
48026300
-2284590
479676325
-698954415
-258881888
-397874763
166218080
-478759720
72709096
-923670112
167767572
-261067209
321304596
118654976
-511561188
-227281272
-75579900
-561320164
-462394306
303024468
110787984
-898453010
-10027740
-234859485
-73912464
117589641
-40430838
373486312
-261790815
-130634750
117415935
16727488
31401512
154570196
-63622754
739422024
203220066
-33991296
192794098
766270320
-231888153
683976315
-170904009
-92897552
862852109
-170696570
159684448
25648404
85075700
386671930
-223748776
-402856632
-433861024
-284578812
-54634528
84141654
-385627728
-297348275
-268679199
-193235395
280342902
92199482
336616350
-107460680
75734589
600183661
566061800
176065648
-309340539
447337674
72516360
55607985
571691856
174803157
-730658182
-342064923
79960320
511000920
-83127814
215506840
2000916
11407350
142985655
-155710576
676433646
85092480
-718040730
22279278
-743337866
-259197570
-268747374
-333251916
-17917965
-571248960
444780544
-389152775
-123027424
271855020
-41820988
160576900
-164665656
9343705
95070924
-34349931
316294860
-19818624
607548766
599983870
-28013544
748529873
20334672
-969325056
122921448
67789190
138734655
63228560
209430018
-189515970
-514995897
-37641309
35387575
-175617239
-460952955
-20018607
-41797986
675799524
56249316
61035402
-50460960
109730712
218904590
-390009104
-37418016
-194289116
-367425600
-210877637
504013552
736326864
226778630
124921875
-249761340
231700942
-484709706
7565492
-225235386
-353111972
-43533396
-356348720
-707882184
-123954662
-402103550
-81749063
370440234
-68988660
-479652720
31107028
-764102742
-259985964
43603487
565108005
96130152
-202469460
675782008
-387265688
188414624
-146820510
-853471073
120664059
-127108932
-63249422
-12371432
-65649804
68750777
536233890
-68044890
274650776
-832039041
-44735568
-15311744
-220077665
71607728
123708095
-86593233
155557306
34767696
-174055548
560143659
200581100
162014886
-271964550
-335030480
-68933700
-45994320
-182039445
32167550
-287842347
-136864413
-531007605
-686153754
170431168
125826260
-245081160
-660318335
141890328
-413844714
220236525
162652067
197459850
185462517
206530824
667995592
71462603
22368168
17394804
-40915540
-418524092
503861210
-198255128
-461896344
-23711416
358231160
-307053089
-9194192
-116061726
-582053120
213584336
76057255
7888230
241743303
407860005
462536095
-273489472
131042828
43473112
-175180243
532898380
-13956300
-895103930
-763462296
292085100
-110945838
-80584392
-703888948
-223789450
12629045
-325141564
-265010886
234995163
-65003136
474652112
163631520
885202935
334569868
-205306540
-170457554
133195095
-550077234
-304459375
-256918088
138475580
-33369216
301868856
325064520
-278606398
436997988
264979050
-524474860
-363033936
-65857114
-37492614
-84604110
252606917
14815648
450418287
63153220
-6946752
-171922065
7723520
-437128440
136475968
111063360
-307198232
274151666
241653393
-525479020
-175555712
233066037
596748190
163678240
2765760
-440337382
140636404
-502668427
-309567806
693006757
636486255
419330106
665255490
164231896
8767473
67439491
14162940
745220275
-105938560
707788044
-46103040
845227989
156890076
54755405
44442117
-508534362
162492615
400947429
235228752
-524387542
-63306870
838681703
-18066268
189835581
-294483606
119311983
-21510755
640693614
-76694004
550256760
-163354314
66167544
-24671882
-217034784
719644905
-213041612
777958080
86503950
27791823
640131824
160782206
465822408
410896390
653838349
-656753538
709851513
-68227615
200571690
-21184740
348619215
-238516812
-67823568
18235763
106781976
-303969024
-45463824
151878132
-8598947
-107500080
190551150
-115223256
-542310167
-134602615
465135360
-10374325
442372110
548322236
90984320
-88055995
145734897
258798080
-15122826
-89518170
-726225490
19717488
483412490
-184244496
176126725
-42600246
37808358
-454951580
248766125
199172435
32799186
89687598
310927302
-130259584
-4141410
212633640
-794701264
59698730
-6904030
61235496
-262675704
46632664
-116805076
-69237345
140075997
166944812
-47632050
752810746
-55555648
-120237210
-275197416
-135862760
254682190
-8628983
260348822
245176320
-4741946
221767308
21749574
4208232
-185451331
77273042
324605904
-235049300
-491888540
-790828827
107685270
55444450
-749818360
711078368
-84794698
-587306346
-83660076
334306896
-454389364
-181761300
302786400
-620309469
-43168862
64637313
170056602
-1570800
-321382568
-14483320
-566787645
-53053772
-214148239
55755540
-552814120
-6962040
-609460635
43645950
-78256342
-483543732
-38186246
-51504398
456247808
-14986500
-149205036
205836867
-20733120
155648340
45400584
-259131894
771081984
-128844489
47864250
599483682
-391747846
54051250
-474745211
-88333580
822171630
193610956
56881783
-280361916
-534625515
-242095108
234798887
348032364
-11146875
298884210
-150767942
-285452280
-259851453
-136990080
97268160
-53223450
220886016
-117849397
599480326
62219760
-135394065
1694560
2752036
-13410290
-157036660
-77391666
789347320
38273386
281142035
-17593410
-26843465
-167482088
366839676
157884684
327576545
28850524
115145779
62289775
-53552193
-240527976
801478470
-55060110
568808016
-128454048
-280281152
-776932870
-3415410
3237871
-324443658
-96592584
-221239040
-610659
-488936588
-440663328
146240850
531467664
-35126888
723887472
-396259308
-27549696
-7040600
264419858
183744146
-9649540
-662251232
518554839
298247070
-774283020
-86388840
520924620
-250220988
211092023
-38089086
-329182696
-72883112
169679165
43789424
136992128
-333913424
-124591170
204668530
244730601
5328760
120296750
305456736
-408190202
111179088
423308688
119902160
-243483360
355524120
-96265428
-286649330
-392461524
83420604
74768670
172605546
311471195
119796226
104191416
302901201
-91188630
85814046
-716668434
-136979954
-261015680
-906187065
143992629
-280144390
211677234
-157003794
-515203074
94910920
-247404206
-583809345
233383572
276689556
354613248
-102007620
-10142133
-132359703
-113308490
-270485382
-72929070
-696288771
-247956309
-10796790
-114898852
314933262
467217880
35315312
208251247
50003408
224503851
190286528
493974272
-41115672
-431328509
25582208
-598991350
535600042
-16781085
-874633270
60952518
594252464
525796580
723638465
-342961650
315139136
-26377820
267595224
34913130
-31296514
339803770
-719709830
-246696010
848391012
-21173075
-517137970
-88588881
-112291520
-32091244
592578911
748880482
298692812
-188443554
-116310184
-31645296
525943856
-87987102
-433840000
522436943
365497188
113133300
-81858413
274170050
-873672252
-331891680
-215383350
-2074136
229845924
274652606
129485235
417489300
-220444224
144952962
8989504
-62484246
810175
-87244566
240210196
58705030
249799680
190452472
618091140
249091414
416612157
22424892
-201496672
310878820
539943308
398044494
574882056
135176475
-115967187
-902484058
-47391036
4194267
388559496
-242410056
48601861
436768650
-841360392
6805458
412079850
-122762680
288159632
470634312
-247394524
440216113
-216541588
-143189344
53867050
4740768
76899175
-900316368
-457274422
280297632
-409709288
-250601904
225529941
-50125039
110917576
25856579
-51415886
172744968
804767415
173869468
-15306560
-201794571
468503985
34376550
-729335908
141556104
196461705
-547587555
202741463
321354360
-48263565
450203556
122166416
-126096320
-63810425
-102758432
-324374167
799823040
939977205
167717925
-182091675
-174008424
-129570480
-4793269
403729488
122139524
-461789190
-17901360
205223123
710868984
-36448004
-516246752
816930042
-269458800
-591580619
108106505
-51441408
-122666751
44639700
-138250112
-370715576
717648020
-391426230
112944832
-179441548
44202944
420954504
550978452
490239472
-14734284
-515848200
350805248
-476875760
2592954
-335204832
-22305504
87598882
-417232818
7873518
-428304732
-91337160
25128792
-350427956
-65242808
134891120
-143040726
369873276
40928612
414198576
-487808270
118457108
-271346600
345256080
-30141440
230892072
-404210366
456431588
172245400
-581569610
454920192
-10181390
-286868610
52321700
-46352495
39258300
110973439
-466086564
-196376921
239884014
161641900
129223800
-102948813
78951918
-20765500
-479127720
-129831546
-8869902
698327403
134082788
404607444
-678946695
439319264
-64220312
-138423722
-155516250
735504904
-279835680
-6005560
82928996
9299190
102284270
-304549742
-292117215
-247047592
68520750
-38740680
7237512
-49916256
74037176
-28854000
-676536250
172465605
24459050
39395749
415063532
106500488
8268880
-125558124
210040345
245372805
30593819
441880275
-515590144
19452950
132500808
-507425328
-27415353
-873097260
108583200
-126643608
-705539610
531332144
168299534
559371241
-866962756
392253664
-35094795
150334499
-286794384
-62202972
-28182130
-359310672
188260100
55606954
-324247572
6106632
-221907877
-73492100
-81233154
-16496466
-239493401
272706480
-301490937
-831406484
231980600
336126120
-477817375
-6700916
396935900
-531373922
95240600
-146521901
319001493
488821719
612570033
49249785
-25041050
424048688
692498676
-970632686
-692623704
572562704
-331580890
412403670
-30246192
