1000
-648346168
-6611760
-19943140
255791390
498773088
-79940814
-50766537
162333171
-21343320
256151538
-63630256
56125180
8129684
-29346576
-239647960
-171765474
334742976
-19253213
150314244
-61808376
646880370
3936680
107782899
172291212
10412334
-413878384
-804973416
818983482
125524356
454855620
766171198
-45242914
-435723876
-202722500
249055695
185097228
399516348
-146518638
-13412190
-225722000
-51354112
-148005335
-47700984
89798976
-204701520
-521662680
84278868
372172833
13415808
-228089192
181593548
410107704
250634938
-7227144
359169904
-128261280
-171105000
-579983118
414703134
245070940
-873515754
-38913654
-580700375
225982036
-46338520
-289153728
382378176
415629906
46220616
-385138881
305280195
113906832
56744196
973261440
-51128845
92496492
-869683200
5366814
15282858
-146782890
-261575015
241355866
316683136
-5789571
258231347
5478880
-149438020
-110284462
584138282
1424716
186429824
12667347
-484076160
-78213646
334183904
-499311072
-141232167
107766385
15024793
3475791
96774480
-526144740
76437120
-12758143
26197674
875076480
6544720
-959462648
8493155
573311166
-440467814
-21171833
353093300
-108394808
-726780600
506056680
-67376407
-238753060
-156786816
127180512
124417104
-385115148
-873849912
-144917843
-602040204
247047603
718961584
592348100
375455880
-779590759
13703430
3774768
-196677975
61803342
161940494
287624445
409321010
-154617568
611765811
-164467986
-134799089
-438515264
-50721524
272443025
-133142310
739370428
-201317143
-3012440
71130550
220327345
-249430945
564102074
-645275124
-7607370
42091245
-270665196
-16668872
-72830040
531215592
-130966814
-333135963
-657294624
148713620
34436475
346733196
351058939
206755304
-162277512
-71812992
625041923
-44935913
-102749472
226443258
44294577
949989546
565979035
-4296128
124576584
334432428
254939554
-8321656
-563231725
-32450810
-576417650
55609810
72615725
259133943
-302948100
-157062024
450092696
150135804
231549572
444848852
-218091852
-130907196
523814490
193625770
-35188576
108646233
327071964
-100254869
635146568
-746943894
-143538153
466140
23609222
-967081248
633688608
671370216
-667004436
-659269356
188110702
-311022210
-203960034
28763520
-124384000
23735655
-471513336
-146785275
-704489068
184165025
15284984
185122422
-422282
1038170848
7441616
-72835200
-30791684
-236243161
794610854
-405149268
-219402360
-179610830
34629888
-491720942
-943070818
19194995
511844256
-72210519
145748285
-13378710
146243021
27519210
-76659648
356077740
219204720
149833280
399523304
-20552925
17489568
-152079892
-493253880
-661160300
-993342385
17782170
-16921905
-332580
65700450
123529395
-478212800
-88717858
150795594
514601477
-555667948
369058828
-197817144
353598096
-792185850
60827058
-473850784
316341918
-205368300
-386584570
68322590
-258993956
193765572
-141359374
-67535667
-308616
313796010
582838960
-742182181
222279486
-125863760
-205018748
118586820
-61434072
288105467
51220083
759399786
563384770
-72245037
-4096932
320299257
436183104
75997980
406504600
-212234627
168425415
-529351900
-23640020
-81875500
15064844
-58882900
207259605
-364612090
-730063710
30672
-213266355
206664260
181940491
495883440
96680870
-370300545
-565945680
523596975
-200174880
-131267334
65676780
-69652128
55361969
-601915055
26755178
312092708
816226650
-16599869
695395600
322040825
48936
-477663256
-59291094
-557760893
307819177
-357482550
438277000
-421845534
-118106908
158074300
274211875
-123987965
689821920
35265888
-96176320
82777680
-231360157
-444707333
-305766653
187230813
-127230464
522118740
-43400448
357044985
-498434136
119866500
-373832714
670156267
-6094008
-40178556
-34704488
813073726
302508864
573737295
-40423526
104244328
-49579725
629227698
298445187
-522318885
-35932281
-316098288
-2976568
-138710980
-30608316
92608908
-503877396
168491077
-37881118
-373241297
630721916
97874304
-837482352
153438498
439200804
187450482
7938963
811443136
-141892162
-276097284
705283348
185260
66575672
218304996
-237836592
-570440
-266471998
23732340
202576692
40785402
667348059
-404610871
299805744
-466411723
772374997
59822378
15409556
-6844036
1018350576
48219310
-115747934
-366266725
73650137
26712318
34653916
-62122788
-656400160
-272698872
22356807
590409576
627698160
20909280
460332750
434374282
297496077
134371545
65239226
16884210
102552648
547862484
329139474
-13128800
-136528200
-430941320
-69768304
724469739
-48222548
253814666
462314907
422442336
358393635
99488360
175876210
365069484
-74693961
-189475552
-416059785
247179048
-306337749
454881798
-371101684
-2147095
149854188
946200156
40856396
58214862
592884864
26849940
-566848036
-672312032
154390375
-881862394
543636750
314392736
-607285284
-880877121
-351745500
-23398375
-375802072
160546782
67702110
-28759080
54601536
223040508
-165999157
439003443
145340160
-169365952
657819855
-168860250
-71578227
-238609152
-197351664
-131228147
58313895
-136890715
21543984
130317021
204796690
-977735178
-32715555
11795889
-444009664
-45426
-601580584
154323120
818984271
138385625
625579646
-186510663
3816350
-655055712
22023957
-300849801
287764542
75366954
-271821228
103246095
-23148125
97743484
234731232
-24273150
-843087594
-166804440
-150930470
-315300843
-54491755
680734330
153156864
460430604
5633769
-23462229
-263298438
-65351718
-409678182
330057394
157579392
-184583750
-663639840
636949690
-1051440147
-372681450
-45435983
-86421192
-59258727
9235470
300977724
-311870153
146571656
-183372150
8087040
-56203035
547686470
-442442200
-775226556
3574350
-390194139
-450022020
-526487242
-37431064
-91812482
80096490
250896958
301419824
-115228704
-27411183
779284789
-242091072
-88387542
-573675515
107512960
207630785
848610126
405641600
393055600
-22602825
21358313
-564880195
-384822846
-29499964
201137200
212532144
308522712
-161505263
67477016
149726775
-4244904
-865086036
-553868730
229673910
578658738
415968750
181130495
-63803745
-380445702
-318696708
-753052008
644135797
-63066010
-214080464
631241685
-397036473
432678771
12129502
539085040
-874401832
-19030410
-413164800
-8512660
634933275
289986234
9168300
83986443
135271374
309011516
508084570
-171977490
-287647614
-452413434
542348869
-397396928
376611057
93948735
-52826000
-116484604
-304410750
190595365
4590600
-289073300
-373601112
-81144110
638295286
249320988
-189756567
-70965735
-495654337
19938165
-205921625
-288051582
-84856928
-62298400
504264600
148074930
28669410
-315689056
1038664218
620135946
-28403193
-148531324
-22101450
222800968
-202380552
365740170
34123026
97487159
171310951
-82928054
-266120624
-590721982
-151001928
-22932884
64186017
29877192
-186109472
63463207
199924650
-307557541
-5014828
14323020
105583110
317246380
-133045164
1044525937
284416398
23165738
-134127329
-546798000
-348737473
810425405
92381992
-49250139
-20132206
-80294604
132997304
22485888
-466104240
588064960
-4578784
-977406088
-66658892
7382628
394882344
-241256103
-150203680
52657514
190465920
189020132
-6001419
-485779185
415610583
-250130166
-30196023
229421100
-11475023
-103752414
393132104
-47953120
-51105000
-29826352
-161436135
-368875986
-88727815
188761588
-983953062
546879310
-65152143
24492459
-655910340
22427370
490837864
664853188
323943464
-52780
-438697120
-373000158
48042386
2248100
-151854234
-560149248
-34481780
-16306393
114027183
-38361447
-294354529
160557149
134255279
-113508686
-653011480
72467491
3246898
146024736
-235325412
-229289639
76001310
124281068
504330264
-256584825
616121670
-203429599
-107010240
-66877873
-420810116
629207800
-112913928
-566928733
-144718130
-840962352
-279493476
53557482
594733944
45754580
-89368836
-425298399
188036173
-309811689
-942060024
5887706
815371920
466849224
-10771930
219576885
80189620
283717683
-80614404
48023136
-266856864
472659200
619674974
-44994275
-540894672
51730360
-42245837
198248778
-100873878
-119629647
-549846924
209362469
170209503
-114080382
-540631260
67908904
-816927146
-36450909
-73900922
317775156
785654142
807366000
478661952
169583466
124039125
-157333712
-71652236
92381424
38165078
426341880
-391470702
845200750
434592702
-62498573
-789956190
719580248
-557652700
-310688172
192196023
-340415943
351655200
291390795
-21011264
37638615
-116460234
-622038303
-171750315
-90050144
657361240
-350688892
503888656
-310129115
-56263920
9737658
-656629176
-154573356
-342432724
-91325476
-483534870
173011377
197965768
-68168394
383277294
44353221
-361120254
-744234535
322043960
159703032
199617849
434884248
259496196
152123595
-29453808
41325480
41179485
48265596
375119184
-282226676
34838727
-324107168
-13640460
-60195600
166325830
7603470
268412350
47646648
-466903818
-221188793
-439988220
65757024
718314162
121310334
-2279040
-458141684
-272326740
-28752885
275212774
526191050
349241816
102391047
130918248
-99624213
420181008
-138299740
-652369200
182059113
-422821322
-26803295
292364368
-445846641
360350435
-51916359
-66946698
-370603038
797397120
-242231800
-103216653
-164095921
16051578
-204866290
287544468
29529720
-187117504
912597792
104709686
97078530
73998691
-157473144
-497986020
45914128
-154242816
533338752
-292571952
702069196
-282468560
27359035
205004574
268902864
549442
-713281413
-557420890
254788277
812900543
-178025472
48069453
336323190
125159736
40656010
796308656
-208529464
-420222390
-125457042
68483247
-511319552
-570956934
-55095592
-227578856
-340611516
-35561320
9997257
-595792797
257488017
-316106208
-4270760
-191981391
-597152304
27463788
-899343828
291494318
-6328856
75749466
67564086
-356837548
-357456000
-288587250
-650642460
-142640302
-627827010
-184289700
-117533598
-53502592
-163754250
-111809490
-136287722
-229129432
-585938529
-697953078
480355092
29580672
233264996
-349149999
329233236
134107542
164658585
-28030428
-229035534
822127704
-299451077
71135106
372715994
414696558
768949236
61381134
-677076102
564567640
-80591868
42931678
103206828
-187764252
111403355
41329088
-400293740
439873580
41333049
-7535506
429673678
445923072
317483842
658031045
689427471
182423668
-276004152
25919550
185649560
524416896
69819680
-442565518
95145984
26589936
-290517016
-31130210
-152399728
242411520
-165164283
-55736960
59559102
-109354651
