1000
-205704322
302788057
111033552
132152270
207760929
-208707528
519638294
94893201
81180990
-164056267
626520538
-38926290
782421205
193582740
371114976
-351164926
-224597392
376835018
228658545
316363467
273998006
726242328
795977604
-49147450
-81135912
598523692
237043170
616245849
312510870
-380883266
-39725291
533693470
-416541000
-52934910
36523165
-365137065
26424781
-197054775
881924336
2090480
-80321248
76972380
-884917880
30446745
55964220
1035482265
159542840
-916751878
297597960
-69618816
-326240254
136921386
113176624
-170518803
129319722
119547176
-43027782
164529694
-460257000
521679600
-219241484
118507947
150022125
40854242
119927860
336008355
-118043100
50107806
-235837728
584106848
-299988078
-59578057
-618917902
-382018339
144276660
209812681
468639591
876781125
-9306020
145622016
390880692
788826736
36115310
161905040
-141255105
168036582
715540995
-236453988
-233694175
-115006192
-413478375
369085145
122033760
811250685
-230912040
-407078217
-159474912
-880586250
-230259210
-41519034
35662432
-172192654
-343931286
-468957016
-275960756
-685291425
-295222445
53163306
473290125
391864332
-344746262
-18581156
-30757448
65990542
92358126
92109540
352289574
-127124459
604975462
446555094
454038574
27143011
663343737
221594800
-11358864
503504259
84763406
-139349627
-24370284
-168781645
810554969
50202298
-47829040
-127054250
89886745
150001200
-389299584
12676168
-345143159
221785092
276033879
-122135040
-157291088
-130178438
54442529
630099444
-30595104
3861435
-216023550
-63453440
-470568048
146839672
-40586805
169380585
2051199
898729768
-662318016
-565195125
-42811350
270856936
-331573370
328528431
435929676
-255995894
-95305104
-47008264
486670895
240713749
-271962195
-96220376
374366
278680840
-193283928
-42780720
-4684809
-70016728
260062472
-21954087
-27926844
-576925632
-154816480
-112109882
-17950410
8795385
167456700
558102600
260967560
1486208
-57271128
326724870
308206438
835827965
-96544896
-827043696
246473206
-810703840
154252210
-135168656
-183480660
-174935079
203480733
49366873
68737776
721396656
519646824
-76569240
114040732
-414234729
253884189
-391165461
420767865
-454648480
-794937681
125460720
133181888
240883570
-14309665
-336453368
-162569268
15217368
-55773242
183510175
153265632
-197129608
-124041834
-114786104
-266662656
199426110
70470595
28096254
254051376
96691398
-284593640
-209250660
-832923058
23179568
502003110
212686360
47071659
350538700
165492702
-127491840
137309733
-226314234
-353553546
-46549020
-260301564
-184497201
-85878688
-242053624
-7676227
39242207
5676822
42740784
-65091852
131693364
-147412252
78597789
-676913105
-201337662
-226470750
250335670
-327112300
-325435050
-379009620
-522273108
192890104
307553868
61392800
-870953202
-484019151
375175584
299570204
99589032
675683940
549036845
969573523
-323432980
622073625
-29167776
-508724800
-129674800
81131448
468691608
-31378680
35430714
-244549810
-36392994
-27428596
-86073577
757443456
-428883008
249875297
-280003035
589069276
-253924272
355049136
-430371480
296741952
-13574782
150657507
-46708818
264546884
-262711449
16745499
-72849517
-20504208
843679557
-18172328
-2770230
-265680576
596461242
22340056
239268466
502172520
13297200
316709838
-33062133
-253756873
757543776
-405306048
391483176
-124757056
704599779
-449696520
463268025
-16725655
-148761016
-239438221
-63644168
-24211520
-680025150
288209964
-207172420
-745020140
-249103976
136325760
-84241170
-364903854
-365900520
41581050
-415522316
-369282083
28530687
202878128
-538189078
116067424
-237539136
-227286708
401615712
28317120
-458982775
-343613375
770296
339739764
215370126
194029836
59489640
-596640
-424485648
-182441268
-80367453
-298205593
-23575828
-67470026
-650879350
-94508152
435049596
27265088
-271163158
29410572
-36435762
284227285
109349422
4596780
-236897676
21857158
851770755
74531604
-330511482
-9741984
247993812
12510270
695297592
-75163050
-178909236
-715074741
129072706
305384058
-113423705
321618093
-12592830
92546740
695836089
207810513
307231120
30337344
245892906
27483144
259734420
-39801432
245613946
276237500
216507580
-308771136
-47069090
495838775
-43369800
470720129
-664150024
159571811
276017856
-334522256
181740321
-784973085
-11248265
-378775065
22990461
-267379939
-317785875
486244704
-155855304
338182659
558717402
342255165
510065130
-196509880
134286048
-359134480
197558927
155412796
-167121220
46650692
178675758
3579714
-28489436
879414932
-191264600
81266560
65639098
161257971
532243712
25705260
532559494
374068854
-239092390
-1219920
191140761
318440448
142097745
49201234
-227601000
85414986
-9780912
4071890
-14192496
414640998
206158091
164417285
-828764760
-46066480
555665013
378114051
-131299384
191754296
2678600
-102470664
394135280
30959280
-367109106
816857184
313292500
528662164
-78809380
220594416
-33507194
-45577858
114189400
281432862
455053142
-380585532
57128645
237003416
-59458460
-500313848
-148449724
-33244617
684434688
-226522800
-304865848
-664065136
-167285980
-298676620
136479948
421742650
-136149684
-17200272
199498200
-635561223
247196088
-270528897
496798613
-446242575
221771341
-18813393
-36825948
-110550965
-78076155
278005780
-467217285
243991440
-186321201
-20664396
-234072882
408791133
-55752252
40953759
99250450
-487939466
151945390
591696534
200697869
-244305068
54349449
-101403045
-97240986
87149862
-198067470
-198732320
-126006016
6873936
-86695466
789544140
-57710452
-83104000
201442526
-115177440
61636296
471558516
188672512
-671462736
-9773790
-66230724
-878989482
14114760
39471399
-813636342
-149857554
-907905672
-380887920
490284678
-439584929
-280163983
519475260
-342834206
-829939099
1016531706
871531596
-119478376
553188157
-201992576
-320362438
98510802
67261689
-712252482
581698608
471036800
276478790
1022651912
-365571140
54025472
-262957268
-106034160
189909720
-16820237
195170346
768887460
40482783
-453104400
-440317787
186685868
-855104066
-320669752
-15071328
597237606
144619520
-8551134
275001200
745644270
-166561704
-364343616
-275316904
44838117
-289565760
18857424
-149391945
-45495755
272938369
-292862795
42632876
-49523571
205424888
-579007089
699501376
-582749882
88644045
504391475
1500924
135877889
-23312436
17624808
-770747824
500816442
-320280646
411563999
403547328
-380821798
-94255200
-106583037
106805952
142519156
-475627408
523970430
111620440
-27712296
59416544
407465365
-265040262
-667030638
-589831984
230020766
406304490
-129805586
-187385803
-235069416
-304317600
-183253888
812568204
216547800
-190538519
-47442780
495579960
230241076
-156820272
-318632835
375499576
-57181500
362335311
236655952
-356887624
-171789224
-231444512
-1035447835
249353783
-103987521
-134220491
-87237750
66162237
18584996
761608198
-9085218
309858560
13033256
120041019
45651165
14640444
-71146250
7383666
565713638
-539266452
439820808
-281006415
142943720
4155564
-418276548
-282537156
-732586624
-106914649
-237512104
-1969932
-16500366
-98433210
-365891208
25824316
-329713930
-171098806
-355250570
-32636012
90016250
178342650
-185229996
-303116040
443014460
-161257470
-198656100
80968056
-76638273
-581421182
-295628760
-324806391
-46693625
-10860300
-524543276
308209677
-29053728
620480538
282693276
360582024
566879040
438486864
142524114
513568112
7262138
-436231718
-29377495
-126633233
-165307640
272119474
27530490
-557162256
1754060
85457702
-10657152
51587172
-270936644
-216549855
-8846600
-348415216
-358401169
-519498095
-164832680
44590650
108144522
170818611
-119594560
19547570
141166155
-52913208
634501080
9101932
-14436880
57914820
235198931
-25545780
-183223922
-141156643
-89260092
457599562
9537056
8336052
800925180
-264001120
220648016
-216398000
-292151978
293274800
41463373
-72444480
-404090250
-30872440
241928895
-193745995
9549462
-715016151
183994795
-378021000
434966164
277917744
-459418200
109136076
-203686553
129410736
123669741
-407707523
234250167
-358453782
124386705
351721146
-10179730
15277144
440739276
223428240
-271449765
770176137
-168158737
-340785504
-225423172
-305582179
180222750
-4866920
-137657646
-507252494
-155617200
774079980
708428220
805405447
164180497
763956318
-68695536
59335066
267105807
32967074
-328191324
-249660495
202463682
-7789837
13207801
-608619363
111647390
-384758352
-39389130
-480841949
-63106568
-32879616
-253760465
396788784
-351544960
-255444890
-121738212
-90102408
1236963
16127961
-117915345
-259217208
736352760
70522332
-312072288
-197949444
838347283
573207858
526148105
-8480000
-280640864
-370881245
-140397840
-866535035
388028760
-226255887
-23894244
-180590934
411735080
182375596
-615979992
176524950
-595949868
124587840
120043344
-25966680
-442156475
57861640
23156584
71075450
226280192
115107796
297335067
326228724
640452560
44583263
9218356
-2501364
-146599296
-98397726
-183776817
651828744
196361226
33703911
-296851248
165962650
-362500374
357803325
-44604053
-3937059
-35954289
-380262078
-295598217
346928560
52018004
-214249428
351753050
-99497211
-162430682
-234763620
483964194
284781367
-71740200
210320397
249424742
-175007506
182874468
-186359867
366024618
397948410
-234249138
-27409008
-207940243
49488400
-231080900
163887520
-891184156
-580217820
-987915936
257427720
386591103
-536787791
-146263432
-13297851
-400859136
-78404544
-294846912
-628383
559980838
59909630
403107824
-205834130
41018874
141555522
704412588
369530460
-293449926
73554338
151060329
3475650
-6282674
-1065312
-1003144176
760100022
7541540
292518272
578877248
478587519
130595088
-94003752
8647755
-956403861
-86785380
-318414360
143133938
82144012
367218550
345952656
-49442042
72725040
-197039400
63713160
-855141903
90793700
43089275
-1373192
-185947442
-42919980
825594264
125316840
-668783400
286852218
-113344134
-354804984
151780428
376469760
168864768
36727945
283858380
-306669936
265529889
331602264
12941499
246761550
231055356
422133910
-293142280
-743020886
-19640052
485964270
-541179612
-103463930
185271170
361311302
248760801
-50937398
70334
-78561315
589467060
91875280
-77192520
-601593694
40081328
-207161141
43103648
-314146494
615949600
322885350
85555552
-448647952
227182740
615438295
-234532422
-610781930
-583527750
-16195023
-129129616
-229855280
