1000
-405423552
-384930120
-463118600
217408887
79933017
106892118
-553153950
477866628
72994758
486508896
451970908
492000080
278744780
-389693920
118181680
7922475
756103259
-608972
96950106
-88831036
-287259849
-374211660
-179295138
-27750134
388647927
271001432
-119270067
-229803925
-208333200
279833090
-28544560
407056752
-370088401
398275792
-120033936
-44722944
114779040
473763516
-77566800
-922459
-576830128
53730190
-75561931
-19373574
213958325
194737855
29368493
-77920332
-421332261
520919424
-100280880
358277087
-14592816
-255134772
-147588115
113607758
169857792
-99591440
-274769664
14943306
-27862016
415083744
60365407
-260013600
642511380
122646080
-39647132
-398401065
80950896
903762849
-706548150
-75837427
185021658
40255800
212942340
-46095868
-66952575
46270826
107852072
-57395250
-161351946
363907204
90329733
-415703286
-58717139
-11037250
250788446
-33400512
-195268624
200319280
-42439308
258460180
645048
-13177010
-341856319
155023388
-82822932
194067914
-207759648
-378836050
-316442208
9402774
-58332668
-129621617
172636380
-111311802
-606847878
417839370
-17603040
173705777
31396132
37909100
529425871
-381979194
258181602
-399369068
600341244
373219383
7099935
734856210
97103907
36623008
275668461
-163920120
-332298655
-18165396
254347110
-304247528
-66773138
-34823790
-393890295
-91237500
434313824
-839360535
80742760
-618894144
99553650
517115760
-806919294
634526649
151293200
-213946296
1029860364
-347482093
7743879
11198781
-382742913
33161009
-589482699
-565585020
-421483274
239791680
23478675
-310819762
-274095324
178630153
-60707344
-79976175
40680098
-65500281
8770188
149752240
-27006210
-141581791
-222963069
457818459
103833648
929278812
253743665
178863798
-238684401
-335940431
25534855
49497160
-611107023
374169908
653632286
629585406
134119260
-40864306
-220214680
333080832
-345459408
104264292
31174156
137067836
-199482726
148149204
-722071728
-314311928
-679920642
287995068
66438512
52276388
-415297264
-285124345
-69165978
608513400
-241235104
418072860
-245086892
783953445
-316903188
42116616
-805860348
114179184
-28598988
-130474520
-64240436
419358120
-510499076
48293655
241060776
388178986
796392044
159823664
33360060
383734386
984943050
-19242897
-766791417
532476119
-246425138
90420314
13796145
-29231712
860056250
-194771920
268414140
1781950
805378240
-152978958
-165722528
-94330323
-210027300
-164246860
378686308
213109488
244854950
163162992
545367086
-398259324
207464598
443256798
166594924
-41933062
97889338
447396819
545126542
87585771
355254750
65150950
-60596896
-262054530
-191061344
-207445416
-150655744
40452370
-460013840
-322177456
-67700199
-405520566
-280143984
-273902862
-4505280
-2202390
-78263526
391344
183363984
159494826
-96591630
-36714600
-508860150
-264301026
315703240
-19960856
-39511824
568143374
-531615570
434354326
4130415
-353577568
15659322
-456267882
87724182
-98023775
-242703409
-389140662
54488196
673142244
25037712
-405567528
-882395376
13500592
-156759738
898805661
482878416
-308820792
-37702888
-23918112
352911750
-705935010
522726048
659235657
968674600
-518748320
-43743755
575675724
-105190080
-390289131
258766725
116492439
771388787
96047406
66699594
188737712
-340445632
-25789401
571877583
-638468984
-283584924
221898662
-59150988
239466981
513846454
-94883535
370852292
-413489784
177040053
669438623
-151189050
582806200
145905283
-386471552
126527120
-362203188
-433522488
-551557596
-383640169
-192112290
128079270
-370119405
54822586
-473520924
45428400
11024955
20174400
-4067596
231814374
-174483693
228837786
-253339163
307944027
-15718898
586983472
629543178
-309876527
-76595074
96859077
4764956
6198618
-218612520
-29183196
-187105264
17360400
252812315
-174967672
-294702408
566866495
54606104
251281184
-62235450
46769275
-243288857
316440806
-82489136
-428537524
-170298360
-470051140
141168024
209210746
329141095
-834809850
105082054
-111947922
58597488
174950652
52428885
-63370186
160334352
21920206
814533500
100292520
-407640240
-441398064
152067144
-411130278
-824251020
-105035075
265083856
-445643168
618681456
-125511568
186889500
-187550622
-343578500
141304796
158769760
289807383
428395446
-4274140
-360380224
-230316048
101466267
657233060
-169739352
134557855
127864992
155713272
-68457238
45239537
178094142
216823950
83238012
-194764292
-71454474
-264043700
-388048925
341852742
-125337968
-19760400
275188320
277505800
4606644
-292845399
796768282
-97874710
219652775
491754240
51383657
563676828
-262197188
-8425495
-232343405
773956400
101335680
-165122634
350671570
-656057934
-689779814
-1141168
-746314086
581848579
27747820
-484652059
202911150
346066397
33694514
-101115635
-316276226
-606952150
530327539
-606630860
-36775584
-184564512
-186580225
889390
-60829730
-434580165
322251832
-355308030
-482569164
-122136574
186492826
-64384276
25514067
431860
491110768
289102472
-548455596
-484318202
22990870
469102326
283540176
-15665797
-155273126
-235164680
1032137240
-130139460
-656514392
-130006364
71802370
-119405216
154960884
329316075
-186629192
8233302
753037214
1015150
-71547801
82068840
136119024
-438347700
-586347311
333937464
634228315
-2255560
-369293936
-469300
-535501395
-192992330
92654982
-198237050
-47493798
190059264
-381197627
-268104732
-344500928
159276573
8533660
-41258308
-102518392
-338066124
-351453640
-339203210
2612715
115941960
110944278
-82639397
101839848
-508729299
-45929910
-365359610
347940100
286608520
100687860
-329465983
70346019
99536250
-145759250
399276768
287300564
-361006312
-204040936
38269164
48179250
-177955825
-117246921
132311296
458304346
-841780446
95725050
-441629136
85629951
192095511
-229736760
-341106544
86998188
-654086934
354111696
67611464
-351223515
456396102
312940124
7434811
-571326693
-7812920
658796352
511104074
-586054602
180029520
17627895
303272907
410788518
-125548887
-24559992
255980478
90334930
-54642416
540406889
453589290
-279886600
241960257
-56614716
80740044
-49313154
-65345509
482344258
127544999
-258697560
87046635
-54233837
-28335612
130442464
581435864
142679609
-491992429
137113696
-94944634
-565308
-170557270
67420493
-17090403
426084798
197412896
39716832
-11901510
-83879025
281007636
661418125
132701868
-70064780
-481524446
160017040
-172049655
-170124610
170849927
-138145825
-185234150
670478307
-648701856
431450746
-273717018
69711104
-388751704
-42558138
-262148312
220050438
-19122591
-17705250
279519032
331733967
-489343680
-722608500
904331615
155658048
30240884
12080664
-100600420
-201333370
-63054282
33460828
-220146226
55684800
-628706328
537157772
-421234820
-160588836
-36367668
-764018262
196438944
797425984
150850386
306138008
210432112
-408132684
-624718792
-380789610
-96084425
17278635
-831985272
387376902
579208247
-67331205
490796907
21599572
-550768
-62805132
139050597
-270164295
-95854018
206058496
-269553700
5731360
41358933
-392222985
11238885
188710146
-87249024
-47270305
72321216
289175040
54305425
-666369228
373349350
158200284
161928180
-19000111
-15458816
699330161
358386876
35530225
402105316
347428410
-73799838
-698260816
349718056
-804381690
238476828
-487745020
-682055100
35537216
634765215
813190532
51610572
-156250160
-172971864
13884252
167460480
-518152648
-220622688
531557744
808220568
-179325751
225451789
-384481800
94117704
-204505000
-420239872
-360721140
12477270
-43208798
-76886082
722890422
450009816
-343087667
-383436700
-10314216
31693830
-19299008
50175466
-468766272
451805807
146872299
-43434580
-369801630
-20206522
-137654478
-49364568
-302924580
-219178152
533929790
-143428201
32715242
-160426310
-77668409
43985396
-633349500
40644272
100305674
-285787740
51950555
-360885330
-556990070
240629670
842823592
-641815240
40690350
-409158546
582684795
-849945990
-79426035
-1014415776
-355875814
-145622605
238331520
242709850
-20222850
-410377086
-49296246
-416247510
407174352
642102320
118201460
-100736000
-69696352
32122656
146982584
31350726
-18333720
-403480818
-333730347
-27909425
-871839654
358956360
1429405
-1028286
102881012
-184361856
27321902
313606313
-330895057
-40661360
523388025
172121930
-74447464
-44548010
-37131438
-515136384
700963780
383530996
-481343544
-6679450
-94194819
364262400
193844153
-205454570
35985983
81370692
-137542488
-551328096
-299726068
-175966722
-414855840
9676810
743460603
182270151
-139341376
-671679561
-434960400
266354640
137647640
385501760
364383500
-9201808
-963877628
-53549304
-9149960
-477224670
272743416
487547031
-854708400
-284049495
-174273557
-171834674
-189764773
-651873585
18456152
119668962
-452688410
-457688875
-659961786
-424288746
-120392811
155603611
-14744658
307693638
259871720
-344972472
18717184
30796712
-380114904
401301880
-85762605
-418134157
7704896
305674746
190068536
2966469
-687853096
-238537533
489280365
533556310
761702464
-513447048
-82042840
516355422
1042239878
14561514
-756234144
-464707488
-421208710
402847060
-66988005
-408677796
-90459134
820791870
40528341
-18927156
206025060
111073884
896884235
-719228400
-64976022
-114319580
56847724
214584214
140717526
236031445
-629767396
902777882
-34520816
552307966
330177305
-687829735
705189324
229213104
-806610900
80106132
-90374373
316690350
-142275120
433223615
-8682424
474059537
264031222
-86316813
-269723488
31203900
-400765890
-262761605
19640177
295074528
-125531700
-355113990
669827292
-552091847
293975550
-195012080
452682450
64549375
-520442520
-527058530
-2254299
-54983262
739035747
-42515776
481361859
-322243562
114510112
-104461656
-294357286
-49903766
-61806693
-570170650
-894966534
-382769450
-10539606
-2354560
645657915
243895566
-158892006
8595200
-214426766
-266011837
284182144
-59836040
300775485
740080641
150408216
611431350
-116278416
147796572
20295526
16799700
450313653
743821826
-187397991
-44850243
289490898
-24015390
-2566179
-350767110
141865486
33412376
-436439136
79964668
352889048
-281310696
-103242802
415696296
218014125
173718312
-422626532
-237959936
-111320568
325061726
79945334
-68248440
-95737624
-15381659
495580792
184247846
-82681128
-680288700
-203656496
-385286823
161044620
-137174870
352279152
336179790
31673190
2743845
-439631375
-302239940
36467431
-5904360
-374348117
25411346
-156501807
