1000
-629086800
-40686945
43821073
-154693418
333579870
-127338030
205687894
6568984
555222794
10235460
744525852
280735021
160948564
220334400
-499251285
-37523520
69460096
-792860697
6085632
-82148675
-373205125
-236158756
-23433826
-18377940
485177232
-267460284
-214819328
-229489412
40400892
-95203680
292738320
-106198998
-820100106
36404448
448670047
242421568
259013616
-150485643
402514326
231863480
-463851855
-79420950
56284792
-469092573
-200440029
625135584
-640557395
-493360714
134746404
-453615648
-74278296
494645270
419103615
12508056
674680008
75517492
1942464
288757366
72354152
96792696
-133105280
65975060
849527145
-40939880
87251820
1049986470
24228672
-251036544
-429177216
-216122670
-213164231
344843265
774760284
-393631992
802201701
-183523752
-384953301
388243370
-203518386
286058080
120775050
214494688
-523393852
-58280800
126572225
282344416
-507953142
52720020
424093048
526371048
415092690
43729168
-938934326
-134760478
69681211
-181076418
173893090
84910986
56638496
250019952
11067640
116855400
-867178416
76722954
545334364
-104020480
772677472
79155475
399246408
-241920000
-41904459
22154305
105269080
644765520
329873834
-42505021
-47344791
-456872619
38968808
670029677
-120920436
-16633944
95807880
-720864544
-17813484
862753150
37870792
-646433948
-60126095
-89648940
103093296
94669560
-265483570
-951337598
-173280761
-67750400
285750528
192245240
-4123152
43382130
-194718080
-237149664
-5022837
-545750652
-956607999
694849274
-220956790
11201134
-6173640
203356695
-904515006
529216660
-186730224
2825105
75955285
-6056946
-639223210
9006612
-559988296
-804304215
29011872
-203244615
-18587058
-90196032
-371776230
-153364830
299017114
-55320378
-191348262
-462653416
-258504640
-443472174
-20074032
-676927264
983536212
-32625435
338915720
-124837206
-206683708
-359535669
238442703
646230702
-8533573
65423384
-75250326
-654544176
561885352
114184770
449988260
52093692
690503010
524572640
297657624
-219362088
177468555
81517781
-99438440
382981698
25096872
-214465904
-30542205
-176099304
-5057280
-12045905
753645676
-200708787
-3407320
437211580
452017420
145790916
483060075
-515109363
-43640410
444187224
167122410
-568968264
349950860
332165416
-149813142
-138264175
-2323800
127778188
-706959
-250522166
156669144
-46773076
-42166917
231071490
-464763968
-605591616
-56602829
-695085072
-445566384
514722015
-107798532
-540563475
-578877690
101257160
74021416
108847200
-210526411
193572060
8385945
988925139
-218609076
-434977333
562195660
317101950
984823608
124355088
-225206800
147896175
858773000
-454800017
837725460
367618720
-461264566
-45020002
869222536
-520122357
213762730
8899485
42900975
179969010
155606304
-268537136
-522902016
311940858
-581763572
-499250274
-94173105
-10286584
-63322189
133602078
-199057298
270867373
217904822
-439005105
330533536
-68115000
-42226650
981509060
228734002
282469516
173300634
-139054510
-521466769
47043508
-171736844
574980560
641361959
-21005492
-496215225
-544568562
-262154880
381915292
47433911
3465319
548610975
398673582
427140648
-41197940
-75891018
360456315
-212308217
-620278862
247249716
360867249
-53265639
6909828
620612414
-114630222
456749610
834352377
-79941966
-189024580
219589568
175140875
-14348760
-376003884
209470748
-527960917
-505270268
-390968370
667476477
-189248142
230074994
293473152
-104571390
259029582
204717964
567602964
-210866935
-138789850
152211538
-130430549
798569145
-82681846
-323597176
-678754098
-155060376
-6296490
-685487
128728243
159300
126311616
-370363125
520624320
72074052
-598367448
427877880
70511328
-41437088
-688395918
-101166475
10085220
41486796
-253545978
9780819
58665090
266194272
-13726193
-36319817
408750652
-2937870
-394507524
541032576
327039380
30808296
-7515915
162263610
-665186368
378546889
137155656
-37583832
654070793
541302330
-186972954
43980800
-251580480
-37134150
-15915840
51319300
-810476
-145348372
-674608752
-295044138
412160070
786828000
-166547696
148675846
827732740
33159672
-759015166
594570768
417696
54995928
83797540
657767273
-734182820
174030280
413235761
286541760
-98683640
-18858944
221674808
323733725
-622960350
-705260544
-86390536
258046664
96859580
-2043492
-239818074
921920247
59798500
4801344
-164366895
-850179510
370518848
68104168
820712355
-265103575
238004160
768955026
48602232
9630680
256406210
-413854155
112762870
18340828
11294943
-674441748
-101859996
-283045648
-591321
10155892
151916377
-180939934
-279081030
-64631688
-316899453
-483048657
632075514
-133512226
100900164
757487796
-11348179
-52632684
-100886898
-123524973
68650660
200595779
3042335
-74226681
256493908
377812136
-111495045
-327083782
-169647003
120715700
-60542635
43333644
-592445553
-128519552
-594817875
220174962
-400916736
56830235
-537551370
122308716
375614496
81861725
-369530235
-310219728
-201205158
207494847
865216363
-125458342
-44976360
-479990179
200015100
317894016
4992160
-56858841
135964598
256285458
62679777
-326161623
148698072
-315500640
-235251380
425901035
161787105
-59855451
44550950
-468962289
-221779221
-357956792
-76833776
26951400
515580966
-249171914
61176702
-202761936
-125102976
-185891250
903641859
38596785
-188322280
25203750
126532576
455990821
366348048
665053116
646212060
222758922
399996400
289746573
124242720
485097822
-316453632
113466807
-67866042
721683683
48941618
128354133
22814784
19632492
731931468
637987840
-264263664
590861856
-234152464
-763956144
51164725
-113142519
-391878084
265989544
-102476836
77024766
633268761
108976290
15268514
-64106864
127977336
678887335
290656405
13426255
-462356917
-293207888
-499823568
-448962978
-41040303
748384910
67918248
490946784
368141150
-40148760
-124696248
165689619
279204570
143676676
-95229485
-132836826
-127464608
-194391076
339573438
765217498
-241083837
7311744
-314238574
70568320
-418043615
-127510656
252789124
-59430942
-140562520
21008154
288822687
381667100
82093608
-266964405
-353404866
-265271776
176694120
11986104
116880165
-39466980
-181435086
234835056
508569810
133191501
225789739
-130401372
-18732276
244995014
839137218
9767568
-686332901
-33665304
155545780
-159211176
8966979
-20538182
-165093382
-203739945
2628534
148504656
818763421
485823088
-201470864
201634675
323781909
78473408
58831740
84315573
-87464454
-15511370
-737544820
-273749900
-286763542
-209457136
-124912710
-563552
589223088
301045752
-98776326
-246314740
-370928640
-25856208
24552693
-78095431
-150515824
734313453
66800832
26018322
-329412540
25429548
678910890
-147345285
262024632
-38763684
-334519812
335114724
426350770
8919400
536985353
-552626228
-14865990
-428625540
-271170650
-57342600
382446918
791880894
-27909360
-42341075
305859210
-946816128
268389
14160168
307281506
-130184586
-168981280
513596928
-662089352
-90040496
-7762446
55682616
180525136
-131765893
440440
4517536
-164918754
-563711998
-55761552
-57245886
32989437
-190538867
-156559636
141843681
-470260714
447017688
513760740
101575035
85412386
110547934
-150441998
358102778
-480651150
51710152
332739837
793795257
119238630
-568091886
506810306
-477176400
633256596
6475125
-541120568
-55006140
-806767290
-459757776
511780019
176738050
475870088
-36463626
28728555
7945804
-29642935
-513013862
-585025412
166571482
75028114
720906914
192663240
541006660
159312491
366372198
-293644600
-244352316
211917277
457771313
-118648950
95866780
157803168
86561997
-474960860
-52792728
-454857149
139760323
-443883600
-263491635
408530740
-162443148
26809628
31741341
-19562135
-57015333
109605408
-271206972
-399322532
205633428
653815010
234879048
27463392
405112375
-402079200
88671240
-65128680
42751482
16836717
-14299680
3059532
-338170779
-96152650
-119668294
-145270692
-76453380
122154410
66636144
-472187433
-110919900
-5596535
255896514
177708576
-461263889
14827996
143118336
424124022
-17235442
-549448843
-389777806
-108389132
410277684
31936404
25290144
127336380
-124594575
80298432
-639641340
503941576
48560960
233617800
-363963957
186320099
-535947183
40975830
167571162
9337590
322474536
153272460
782291620
-380705157
-46372200
642239577
374490600
-80657720
14845920
-55528059
-214801784
71997497
142119999
-262146060
-31701182
-605512899
36557934
16496256
-21498880
-240311183
-57837230
-123802862
-18853510
2920525
-381457934
-31750254
615137088
278138185
-86033584
110196534
-76173644
-447965871
-119110936
-16223916
420526369
245387018
-590337925
100755070
-797628078
103693060
20348778
-38017374
-409343220
26636904
717994673
85921087
-525707622
10083240
-590592600
456000
337342173
88139475
533325060
169707750
-85390745
-72605270
-10933076
573201902
644953881
7099812
-4164864
-61926271
417394292
-879861150
347347656
-131176208
-189032907
58189860
59195538
6535854
-327909084
-209168366
-73902325
656269844
-290576671
-5219136
-239761959
-21178656
74837702
-6520140
-479000194
60032259
786709650
-292526602
483428655
-300009801
207705901
-625368240
694516368
-35548119
-181049436
9788414
-121600050
331012610
332527050
-207205027
124755957
276680337
55750695
562817871
323809990
9414272
278579680
-479934000
352262136
432244827
6220120
357441930
-81371787
-3534561
-41239264
526291320
227706597
196239140
-717656808
45256301
160847667
50578670
16203561
-228933582
-4711504
122301740
113765480
-6466590
131148108
-126439768
163880680
413920962
103662247
1747896
625993750
298123680
-150357336
20636415
260986660
-147668290
-282467040
-69168388
-366514610
-704922225
-154349274
60682428
150063435
129612406
-46658300
556149043
-1016659349
-91580630
82789840
-186531268
35584192
-329814892
460100129
-2953858
426281126
487315660
-30209601
44937057
176668125
39097023
115793340
-19012644
-413814219
-23459532
-904349985
-73959156
147165696
-236262960
232253601
-93912795
273555024
15908727
394141236
-296222103
-179576848
-704801390
3738735
178885610
-37991840
304894920
680245852
403262685
155009766
116493619
-151394078
53561416
-492440064
11722320
496978858
374457817
-441489825
-276220660
79140440
-287536470
-262446846
-91781762
634204324
-50661205
-131485863
720567552
-43107330
562031495
-35558406
39903710
8389564
107322600
-155243676
32738675
-311614200
480684135
