1000
-395076768
-160908614
-254435840
274418928
518525748
28232625
5934568
-652965736
-179560139
-534865968
363276900
326044009
-417872
188526063
-469762919
109153632
234442320
-381795280
6259252
-152191572
171502527
46152824
-411077088
177736640
-374520900
-567263783
526240380
9468732
250783698
190828032
34419735
101716500
439278504
82181992
-200207644
-1802682
430434054
-372285102
223631628
-946740948
169355225
260325900
-34248280
-57226414
-442912745
211531551
275046624
12337656
696776717
306271210
-400215828
368032665
498437712
169269480
84954534
45997365
-60691672
-161477904
379184624
296121000
130695510
138767124
907663482
-401090772
-38657151
193952174
-94472756
-65195031
38112350
726517440
3812988
580808726
433698456
-410934160
307650135
332317457
-152634021
299567272
635006512
103487761
122127383
4410990
-437925264
597913968
-148917120
649478050
231865850
8447565
668224375
261803196
-902425895
470473606
10830188
432056263
273418040
-186363090
542283000
192126923
769166271
-141946630
-276510780
-49178393
-366842560
396171180
-391700462
68275446
-274381467
-115539346
392872302
-17823154
111030784
-737947560
41304835
88698764
518599030
924214080
-442059800
-131565108
-370508908
209253255
13471258
-71501444
73009656
276032090
-139767840
-209373174
16170930
-268401268
-66396432
-111639137
51025272
-61187742
96667200
-11213528
77713426
-80874519
639752602
-83959904
-195660
29424780
-158100096
511113680
133750153
-85307040
7200888
87801732
-336525125
156582873
-265822978
266721568
-91985346
95809770
-36009963
-83789478
-67182084
569260812
394188416
-634714852
594747842
107806234
59058570
204390116
-310389660
-107301084
118735890
-25861457
-210125595
-114699186
302588979
120351816
-355406131
-177308130
131524518
-387498490
180510561
191879802
251825763
30787445
-150962067
409001058
257316618
-462083259
-298665710
344403088
102313286
224590893
560952896
-298174288
-423194330
-241784196
127831760
-640111994
-111761202
283470584
-278133144
-464025465
-446619486
108166944
402794532
7798546
-121399232
412556459
-397419048
-6713760
-300112288
-613214783
-19454718
-68871274
144187116
-591194504
648512046
270513537
-68601774
-137478680
-395894777
217727250
146575968
-569205012
925916530
-397493325
-117556558
-399541417
-87385965
748704073
121823904
426855205
-42211734
-120935820
-361589745
-60974100
-417907777
15561632
16113560
143275916
-870576624
178644450
-49520244
86808483
-38104056
557177946
335918576
-40872048
208971360
833733528
96477150
-180438046
59443806
103617468
-87912084
22406412
174208034
-513194011
-790883808
-591191128
-613184276
102643281
-114449232
-124777484
587528925
-1329350
-124868260
-444804404
-38337092
-328053284
704659632
-2846304
82734288
-107121510
-344669203
-313302410
57882240
61630800
834261436
-25551589
-119175558
221432310
-298920960
43994253
430044082
-4553600
348939651
56801071
429768603
541328616
-132747844
-618078474
182523786
32508374
579010685
-253554840
833231472
-534053250
37539271
-237790860
206028837
256491526
54017100
32714117
134178896
-35589470
529756376
593120448
-16819900
39315276
344994650
170323161
95665026
26238446
-6785196
-38288080
-805835275
-320855710
237269937
-435989952
93256890
136616400
351679500
175765040
-347857630
8713404
-254048907
-202403691
-335549256
-404290557
-45210828
-387734752
10468608
-388837376
26344054
-120134512
-208997830
105317520
-91342105
38671200
879498542
37445295
-71521118
-185317085
83962824
323246356
-179833344
-264854988
35915775
130361489
-392518996
90243914
384809040
380361332
-107161982
148822212
-145751562
-315972915
470690764
-78368400
-84481586
-4142058
146044075
992644824
462533148
14946000
265918208
83235406
-345318520
384370740
98587000
255008576
411565000
-48077952
560688156
-98677953
-292753782
-310154614
357951370
-21379176
-119643753
285438048
55494855
47482760
213296244
-10990143
573302604
-22918140
232935612
-30923963
532830330
656380183
-15108026
671593748
29109835
-479503071
87072057
-465036484
-967474155
206551212
-38882442
-180823620
-358168029
-193802272
-89083530
637669851
502781945
877788450
-280335457
-403947046
64621270
198724680
-755285902
-249282531
112877815
89185230
374588550
489155076
439177620
25752476
383738628
76935430
48205947
402619158
517159397
376567056
369435060
-572683624
-4811976
112529756
23570850
-1349185
64762943
-138583354
-720026697
630443520
-17083980
388639680
-654043264
-158019480
84112145
-4380442
-832908520
193280522
212833880
-347269520
-478771920
-13235670
24913670
163649755
-83374921
-127968086
207430461
-61359130
-449279220
497748348
347039016
63656666
13133940
-506890350
966664006
-53069830
252705465
72898277
249543385
-133439319
-28506400
-8796255
-735149539
387302026
-101403198
600750231
-156674984
277318395
-29338862
711208950
529125168
118177340
85846436
-39501588
692092725
-9944550
9926892
-134066200
36196656
32933700
-406443998
-489277600
-35039225
-20865240
42021616
273011200
500814066
687981040
-7536620
528615233
-103886966
503280778
-54999780
-392063100
-88818870
24360086
-16904601
82071750
199085861
-1011370338
656005966
22643166
131914759
93251493
-68633532
-232533744
413058136
67887794
370409299
-80287946
60015648
124785724
492167750
-166018684
-390254982
473228190
-8629337
-288368948
-654998288
296330247
249695280
238481245
-239798012
609492416
143574032
586770078
-235385634
-282384014
72871786
-378596025
-10748148
-222897456
637349240
831232695
127162268
120400373
-420184523
-292688074
152083146
-356679932
-464104572
-440848061
45125100
-30496917
-619627191
-25502512
494695920
503405790
49797503
32225995
-316698784
-427713166
212345116
-171066425
-233567070
71915804
-68304780
-337826220
855994719
-117899292
-117141576
245175880
-476486674
9807840
5129948
-133412158
387039060
74824140
-17041140
-215826115
-340383972
467519346
118858059
-73326032
-727842688
228513608
-324611124
-330785100
-129363210
-14343680
127001502
448752276
14229969
-57824956
-44377866
-11447856
-117766005
347456224
701619821
274009120
383918863
143876544
-122783562
290056140
-29616854
-102321514
-85456423
170137473
-206489088
-2277000
-50667540
26100630
330736050
-328936950
-59681983
3740880
142947792
-653247736
487264820
71140311
-13487205
3631132
-182052801
-105444990
-387020268
504852348
-22471332
-658214063
-203603880
18697979
-305644309
428131350
-245428002
125803238
485012610
-11347866
-213556156
-19826228
243586784
-32712948
-522440946
171208800
58246480
-258083973
-291411541
505014240
-560722920
44857944
484692698
518401389
-359120650
692769100
104374220
-307849782
-29148442
-629974520
-99935010
302662200
-56829465
-84853764
514314234
66649158
-103528530
148293048
42302300
-323958994
364513925
278143857
-228060949
155085312
-350136072
-368755744
39050088
-115097060
-253447928
-596471530
351572520
-6623543
-90547772
134746944
858302618
-742457870
-113593700
421123284
312978411
-856322646
44205540
-17604096
-44496455
-191544260
5523390
209060256
-259106683
-379585080
379334791
253128622
72637267
-280999064
405431158
-344562999
314811600
-372769792
-829123460
80046540
-215133129
102067980
526604972
-603921015
319070963
664327066
-81511824
-542861412
-213030220
23647884
255120730
-690415328
366291882
83720855
7001160
43434440
-55427946
-622091906
429049416
375210816
162135480
-372300714
560231088
-238126700
-518215335
168460432
-594999952
-295489406
14872
275017846
255476490
-608581932
566904586
338088280
-512780559
-63188636
-459673880
-405806220
646305993
431175984
-371094660
74874360
-512345559
-110898853
106773964
-109527690
-26520760
138245088
157415100
849120276
571085888
750982356
-184034830
-455700272
-170552428
-342691694
-308292021
237553344
-10529205
468640284
-96408195
-335976675
-157321570
168279176
120962325
-564420966
709458750
-218439136
-22045500
-157279093
-235426758
394470890
339952512
842298366
-64104890
-26462345
76970275
36247310
-756103311
-326377212
128088149
107172341
-439605320
-301624554
-37235491
-178205546
128039808
-533692872
150184740
-49647741
172889840
-26120268
-277628094
237111930
-773527221
332204562
-187334160
83307294
-107571996
-346822812
176862390
540893285
312060138
609663978
136598490
720261633
75121500
-668852032
-159096222
49874430
244112078
382970457
-389292885
785261172
-218072490
-43609488
688878824
215001936
-931940386
-217353648
158264238
145946710
-63023950
-32721282
-70909384
-388856944
96549306
52016865
-449762325
-806287970
567735438
73518514
-132414797
394493880
52019422
-157242020
6061955
-15675785
-200482392
336443232
-202366689
-47039172
39894540
-266851100
44537775
21599613
-206154459
-29205984
491131950
354665595
-264116958
81228784
-237185328
-109940270
655421360
-151168446
44255730
-314134008
-226348290
-629269930
-480320874
-360528320
-364904925
766858672
-18475032
-509666883
172529478
517435744
97087140
-533499584
-186583574
64197480
-55289430
7671300
-101059200
-273990276
-179282408
403402480
964244640
-162349744
-351163320
-9144443
-738413507
-38928840
-82773600
298877775
-51013320
62352147
27020394
43080173
228181498
293216625
-62561620
842828368
434682150
-427768880
429780065
-190119900
276763525
-210894450
-302968108
11599038
180734440
295893132
-168055845
-166155925
-96827136
113987346
13145379
75868856
191250540
84289027
68085396
-20883420
351555806
-457102096
-44663080
-10966800
200522570
58783920
-117576081
-24559920
344462552
-14401008
165836904
246194208
-79216056
-699237741
603860508
98681744
-179678998
-20879740
648940941
469933590
398373328
-5395358
-8077366
-562908852
49694673
433364710
382144608
24498530
106167840
182270712
306949536
663220404
75028934
-267329403
193836916
692161520
638934919
251270918
-128773260
-432798876
363680310
-238993545
173276496
-109738840
-350732445
-216549600
-603563240
116657801
-24433800
-556159694
876312965
-395151485
19272708
113171840
311583786
551388208
-70282260
119847020
-65272980
215247550
-425296348
576136810
-82428120
-183445704
-583573536
20167576
-289638532
-868874940
647391627
543045300
25043622
368989709
225752832
743344711
-96753294
9509589
-614985936
-235465629
412622154
712627011
-61706258
129665715
-250266578
-85434076
-125636500
453333100
394974562
53003642
-37237572
-433659309
-980671240
448647612
