1000
713849436
-803275772
30756480
-194708310
176526000
-261083201
-20521765
-445136672
90765675
-684419922
17726800
-230233134
-213013064
37845111
480581248
-66892017
-83907450
1022208
-38345078
-502125312
-191128416
183168660
-216759624
125283870
-13324
137085025
-629489124
-32035290
-320389113
196376376
-558280576
631445338
105579104
867085626
-59266280
292175350
-13878222
733963770
-526050526
-16699830
17016429
-428034750
470837955
-111684302
40252668
-567115991
493743660
-214993138
-21290665
-115632156
-50575368
23800494
21813480
749098416
807661089
368635126
378526769
-157401700
-69302524
-181768164
-16631303
-99156216
-427711590
61409712
13693548
-268340382
-65419224
-93341010
6941805
-428585946
-284374072
147782880
652789368
2473995
-527897850
16659712
-192237987
347337160
256609128
61909030
479361909
-579928520
-573153000
90422997
22287202
157981972
-86128281
148815195
-189586995
174148136
-274633536
381739691
-696837141
-431689062
637173940
339743250
-303842718
120751000
279150990
32707712
27835852
-227097268
419575670
274114320
-136787257
334357500
-10435145
731733264
-121301415
133611536
-261864564
48214856
90694269
505253595
-13993486
-109997380
-178829454
-526629276
454739863
271865043
672751898
12296583
-297799207
-291390144
158859008
-154356137
-230431680
-638694063
-147925120
157309551
332188395
779948964
26959072
-55256580
288523686
-499090990
-726384264
97007680
91679171
196938784
60676920
78212771
10645304
-195066181
568953714
-210132087
189258975
775455920
498955080
779427570
802696320
-208842030
-337137801
183187888
378037170
-2917404
-396076608
-444951351
-713644320
144757657
828040182
-611056680
203663949
-337200576
2939160
-666965367
-561342176
-432197658
6471360
312961740
-784904260
-616495980
-198259488
-155171304
-12859263
-238830510
-55113630
-64760010
150671433
592100344
216698205
-589253652
14607300
210704670
-161297597
-26546895
115901424
98335718
171731960
373726938
-755575953
-246156988
-176217888
94036892
137996976
-9369200
-10190745
11642332
197944682
32587845
-18032476
-35976252
154698229
-709307625
-277602044
138316332
597640995
-215760493
95336275
107383965
-205034076
-69892246
-4983776
-700070658
70105104
-27571232
-384877318
216392786
100910452
-222516812
146462904
582933156
41365667
-568657800
-219489972
336956320
123139143
-319147452
289497050
-111010265
-242779329
228647892
-520460100
-100749668
-378675816
-98635275
8281820
834237250
-174402711
-474658848
-933362780
-72120504
74656400
-459378216
207626232
46515
325997049
-849630860
373235940
727154920
49473710
33234729
35743778
369246410
-197068950
24871308
-17454290
238206464
-711612
232898625
-353583755
-279043246
43626336
442782834
-67324752
-159375200
-537998809
-57667455
-70859812
309539275
-720901698
204804380
54615418
497861130
-11361546
-979844931
318694880
-3865452
149995938
24242001
253778656
336806255
512213744
-125655264
119928813
36921560
-512270500
66860218
-626182662
-809129177
107197563
310760912
-343325164
-113622036
389244900
11421531
330426348
704537035
-7627520
-95006154
-39292261
386430084
-63910896
-18001470
-170355555
350958498
64869288
-135425160
-44721495
19495752
-37980388
505475576
-474254893
-110005929
-29836202
496835730
-462560196
-150814416
-64471792
-173564691
648152940
432054824
-232256450
99611928
-922678065
293579475
-450021916
122052096
570054375
-50739060
-117543310
-56296148
264195484
-868421127
-330803000
235352915
-22962240
-266858550
278714934
11250428
174704250
2647566
168301638
-499162320
207277561
-227527860
-150039975
-390520220
-75746144
32856187
-153902140
-750951547
-19886477
326139804
197465442
671387145
-489842435
-171957720
-390287802
448220502
-507105285
-290809233
-298139152
-305042112
-280758975
-820277150
-17696678
-313705572
568951784
629177875
446368195
323983296
-328275936
535635828
-848658408
-302585400
24938577
-49944667
847806048
455801734
-66814296
-36100856
-312313209
486167810
146400156
-337276527
-81295981
630876246
-119212821
2670904
-23926455
38377310
316722945
-306761600
205269624
-481570980
4490156
-68438843
-265866552
645251400
42967908
230209713
169093792
93439564
-596608020
-159660837
199450048
162095034
961121964
254323680
-90269824
-110936590
79855824
-85337343
692462316
136469642
138651360
80698695
3185952
341104929
831803232
118653938
-32003650
-386558943
7878546
391730668
16942881
32589568
756626399
-792247297
153756474
-11190420
-929295990
-471175740
430050
386896858
-178107244
91119600
-369393480
668224958
566251065
-163399320
24482788
-13393102
224941836
132958980
867114132
-326495349
-199608168
-369464970
-165711996
25114556
-111772605
332987193
222256635
703192506
-604593528
79257011
-294654016
191898682
406096860
2185566
63243172
-69775475
192683160
629825224
315744000
61916368
-110390374
260023044
-4012365
577755255
284728471
-235474089
-34058340
158192550
68445346
-33260634
-62147022
-455609902
-466808994
362197248
534793447
98124158
-500861053
-136178119
229495941
-158386466
359157660
206662686
197366026
2412630
826740
-540106790
-209756550
526008150
-269930856
-62700232
91934606
-208554408
221342800
86374097
201617636
174898421
25882766
-56647778
-324575664
-473905386
196519320
165668315
10771404
-526226888
-139127616
225287326
-293871162
45483186
-181282752
430935310
-101828714
-157464540
519916780
450099422
-292354390
-103793565
-230856248
35019647
188538550
98135768
14797430
-131685678
302696160
-112947461
-64277017
86783136
342716531
-424635910
108051447
73018482
322543171
-392426851
-904570
511498456
-1080800
-355666773
-465016832
149951632
1904040
648150164
-8748740
33939136
118375320
381298292
-339124834
300306952
402781734
-51535925
-318567780
507030374
53327630
-99007065
-21951808
3344926
165837960
-132435576
212492637
-64729522
77621820
14863566
213670152
437881382
-99610494
290103300
188690152
506849472
-394397250
-556454512
-67619319
244161918
-8789084
229042242
-181434165
36011830
-36495168
549464120
362378826
-617927442
431120798
5785928
-278857650
-45706146
-107412092
-736229073
-11509589
-706942880
14404228
-103698432
-349582464
223638750
-526617819
-281976384
713627600
53753244
410351253
139619982
136070312
-296591778
120778060
-191614269
-256761880
571304448
443323482
-558640110
378623241
-502107648
-226048850
-31620204
5634233
50845925
-205173927
593396310
72546636
843361827
-201704260
95096835
-548663892
-142799187
11361658
9226450
-95002880
251551482
-553736043
192760111
37350612
196747448
-102241872
113110284
-20621716
64137036
177059554
-47890084
59160952
-47592204
-503312936
-222423678
-378645420
550691336
26367744
-18597960
-127133480
-126720785
455091600
-36440040
72377793
-34959611
-168612868
206668820
46531914
-51985878
308346345
104628132
-16656388
415437425
480068170
158563132
107557604
11664058
-1599728
-191931969
-38649312
-292602688
324799079
-458701451
-730757619
-378281280
-64235325
282369627
17657830
-20018460
121426269
8495600
36695624
88377525
-622706920
432976698
60829310
-209269660
-320827608
-9431488
843534510
208327868
-417675951
-23901690
53327880
-430843933
470890950
218095650
-17394034
-27333306
167218292
-200005154
547857436
-110255680
36932616
-53619539
23071404
-41797208
-156250314
136348126
547147276
-76353186
145940148
-84972552
168777054
350699265
274791704
-10029250
-25281639
-554105916
-242033616
-633347990
-495984655
-639820016
543666219
-353780488
-143600128
407966916
-602963595
221889681
90875312
777421320
-63115039
-149152665
108965836
200855134
441279020
130651844
-135592020
414680560
345919743
-265961568
232788950
-352490772
15668100
10737360
-230749510
-112943160
15689956
35876412
-188815616
-449504253
-10310712
-55127952
5474100
-68950236
-231528600
500331596
2715900
-126789336
-524022009
-93963936
195698244
-875785708
429002660
-703731314
-66467035
-210961080
-411219611
77336672
197048101
-426323364
395434577
184994520
271827927
57946119
306231900
205674228
-49059920
741496448
-173543796
26831692
-385114800
-757725474
457993960
-125574292
106796606
36904450
17128500
-292006008
-220887000
-142325760
508623460
-641180096
-47793940
392089829
-202727910
-388486465
3196720
470530336
7631052
-118274451
592736337
-427661538
-28310215
206146170
-286357400
-161388480
-241183183
200320109
-121792272
226021367
-624416052
-509030670
291846528
4631445
-696125823
16304640
-238662382
-31610744
769301880
-98081030
-627725952
962765760
65502840
229565656
-324888102
326813508
-39323040
-7579130
360150
608457525
183247416
-667183324
-98956719
-459784885
639275676
-521442888
-22975865
9212742
120924680
739507752
137868248
416965500
-341770800
-670006080
44875400
7370658
911931450
-8076088
893670140
-63845850
-92920568
30381152
-382337015
56633868
-560793136
24109640
-70411340
-60348575
717898996
-138690948
93690750
199526089
-8853387
327110976
-388790280
131535495
-458066886
435900872
-4744604
3456872
2900975
149026020
-422015190
-337705953
877512813
216636192
51329772
2870660
-12332160
611157735
276960951
-364660795
-116842521
-7441396
-63643952
689287368
-725422470
-8980048
293484994
437659300
169579008
-184306992
305622951
751330276
-563509527
293284725
-277725416
433001484
191514960
-750920696
156806941
-338780070
-334188330
125451595
311844428
2997920
-261486816
-97281000
535522494
-205187619
827466150
-70668084
609591780
492610144
3300896
290459603
130941795
-513560925
-359960313
-26437320
24872292
25776344
341902197
-1058257890
-25827776
3823554
37167651
-163183988
25082121
477355606
953319660
238427094
49412745
59856000
-18925888
53637426
-627330073
42916160
158465952
261416592
-123470326
161166444
156803972
-40567875
42360120
-156752802
-89345788
-338899792
-44270315
-467954638
169302651
444576282
61711504
338605366
512807860
971435403
-113129580
-592554410
708029190
-3604440
21125786
665077590
-527682001
-173153875
874157788
-126428970
99287108
-4720968
452853760
-762276252
-129112152
-187179440
430921420
86222840
-350555256
241630161
455041264
-244858075
-45075917
52481276
140235498
176063034
242941720
-224822152
-164152744
-6426180
283160490
29402100
-59996300
-115625503
34646272
-159590067
25587231
357365720
371059663
30887762
-8626116
-372162141
395087160
-155088956
