1000
-685143
170360036
198860244
20831654
3210575
115777193
-188829770
396460740
13497619
-77107324
-29631888
548735958
451923560
-46209657
137746602
-36248652
163974006
-115775832
436621432
316749160
-42205800
21124994
-242647630
-147890800
-206828446
491478246
751638947
-145857552
769905360
262415418
-535717242
-787627048
605476340
256794993
200604160
84026610
-100611840
-330214698
-239034066
-164841768
-513393089
562377600
-112747140
135011780
-131807186
-303967870
73944664
563595082
48529414
-601713000
-638687280
-294256836
-19772496
-331407612
68107269
571646674
646957701
-126813728
-778396896
203588672
-15635308
-63897722
-214570564
294111883
-533862280
-215417042
46226392
-668893610
-764395548
76232520
11062926
77883084
-140854200
-102904448
-22503959
230739270
146108360
225034537
-61073388
369602248
-151762500
632745465
244560330
457490124
-450423705
500435547
841580718
78541312
-876950858
341563005
-529868880
297967500
603370782
523363236
185899008
-392609280
-98683416
326542558
70916544
-121417590
-210423297
-13064309
46925219
-776288760
-321902723
-110307484
-597888415
-66452232
-51192420
-1719048
-91710416
-719631080
448439763
-271854045
-22211608
349840427
-854232410
747533696
60178503
-343576734
-412069885
-814284318
758664882
-132683840
32089460
696155688
511570538
30003040
235727408
332933380
19010144
-89576740
-109956808
-351420927
41937000
-428006800
-297866944
-19346704
-110104926
-428990562
-44448484
-797762842
-12872706
-218551566
454012608
230902980
147583456
-116639670
-331936275
316394900
124104718
188835284
-285460724
35464322
183900288
-250301884
-29244480
-273535164
-3196256
283174750
-721354590
67006492
125871264
-231266480
528491500
625430784
-105508018
-181286924
53669848
-17502635
157666700
614942559
-339454220
18917340
-75206134
-222196338
-380402589
8058204
256140480
10655828
340771936
73600285
-808803412
-4021582
-163179088
131192985
930197448
194372298
81309906
-517769364
-166745796
-41892860
-230597385
-37595916
-66801360
-3224550
-35887584
-7650045
-82648475
-288256404
629483400
-353093726
306820675
-14762715
-286768829
149778942
-954268896
-414974612
-345143500
-710435378
-621832992
-256345562
-150705034
850336982
-138247038
-429920502
17175024
-91658680
217527310
-176397816
-208209538
-688443131
6391747
-710361564
89705375
558952110
624272436
-46854320
246175660
164181732
261409678
90261945
344404545
-248623588
-893625
-513867768
159568917
-248302340
16706333
-154225500
-37309017
-238620807
-296361240
550196604
-534425492
-17527272
667731168
-41880690
-75523684
19362520
62953320
639620172
-156218850
-251745900
83312328
4424092
365333463
618631608
45886932
-27560480
839503434
665475226
-177828416
374086870
-72791906
-41750346
-9025674
574590
-193588650
-495929200
85000629
-413821220
372751435
-175963150
-164900544
-177841767
362175072
-260147266
-183495620
-355664760
453944604
-398028631
-457403784
172768668
-256548456
193157811
-4807176
197345673
56870520
-166345296
-504420700
-303109764
244082192
49038330
300851263
-137340892
-7336692
213199770
-445152848
-58348046
47833590
-81421755
-212330960
-250596423
-4417060
311989425
729957376
70530460
106193842
-477564430
233939888
-62765710
1188044
137126964
199290982
-9866826
264493786
-240878610
-897221288
-382797536
-868135595
143935300
-141454793
-141482472
316021992
134742045
-245940903
-54674838
-193980444
-743350061
382959238
859193699
-143487915
-352508750
211715595
-12658200
295946404
2876679
607917750
-165284416
-552765504
399903363
6862041
-13749915
-477937416
763726230
-40152096
308642563
187433244
-14031250
-128445234
-42794752
-410562356
254915991
-498187446
-107917711
516785445
698628145
-6345207
74484822
2912800
237750123
1244936
-442645500
-25286250
79136688
68472096
-957088590
-1040070150
864762240
-304828720
-959364
-521484945
-49901376
-212222421
-3424180
39541392
356803500
42953436
-411348546
-42192729
-533298465
270037728
277182640
-508285842
167227445
395892079
-551486480
-39555769
-152100780
38072758
-612947978
124684821
484878784
-154849198
67431168
-503466148
283028649
-374412131
147480075
33942350
148219320
-724270274
170968610
340996426
-770614080
-390973050
72001104
424473850
37694664
-244245286
73087416
-573463773
374143245
394006800
249516645
60780905
-9795720
-275916864
670883941
280978074
-17999840
673515780
48944238
51395919
-51196848
306034562
-129780396
16802800
-20633616
-41492352
-171316089
-113997202
-83775006
115070840
-83643336
94282816
-620049986
-597916520
227774652
-223569525
167786157
645729394
-118331658
11089119
-381966519
-688098936
318469661
-483837568
220121328
153231018
133530594
274413204
-13203730
100232892
247761444
-213135450
-29821561
-560080944
80694051
-167035740
64271782
9788716
229741020
140617880
-185341098
-51066400
-449555328
-422971950
868914
-11058000
-159395782
-658352232
-744494233
-848828926
-61395190
34876809
196017375
820736898
196133448
300096384
632691633
-187080495
-203886352
-68058702
68104197
189219100
12101607
-131107795
194958868
223727616
17405971
162850216
43513781
16993906
430415451
-182015600
-37043512
-55046805
195262005
-204689328
-233554524
-97303294
-25436425
-344401240
-31137128
86845560
212333940
243389975
275833064
-28454400
114561072
-345626730
-220893183
12073230
-46045908
143162694
-5078095
-62542672
160024536
-180171069
100735625
252076659
-205592752
-681390920
-202261688
-609427668
-138439575
83978708
163507872
166960401
994285914
-52104909
33918960
135367110
33715188
71324176
-74950208
-435005214
-236870928
-165760848
188942000
600946614
32256607
-190326630
49712652
-255900877
427316175
34743750
-712585797
-30945080
188931223
7981400
274500096
-32606280
3754325
-300124300
-96133125
-47001624
-270240564
-67759164
-217487237
296032352
81107298
116626620
324101868
218653776
937666207
-770143416
962112
22486500
-623535000
222674508
-191822371
15737274
662981095
-13097400
-186077970
350268069
136033304
-461741878
-408674640
11475264
208566603
917300794
256742104
-7162376
120264276
-415933560
-169034736
-254517012
14430227
173438760
-610284384
-118339272
-92722074
-64625160
-24759676
-894831120
-189264330
-567929464
-405069336
-159820020
8047140
-918286446
27107547
-285138909
126654060
193423374
199480989
-869262408
-758536
132909920
20563250
-1960920
334224294
-492756240
-204694440
-122116819
-66353028
-168930010
-388651270
87807536
-789884139
-45979830
445726605
66608832
-390427296
327902944
-485450035
162730224
-167436000
774389876
-260964552
-232208256
179844196
14572500
37899706
-487632506
704156640
1521910
4695756
272577028
445858400
-479008212
-176255001
997197804
-27851620
494928630
701604211
675477020
-202183555
748347672
115202456
-434934396
183986844
110155400
-405327000
316237824
-809030800
-496687221
338578786
-171012265
477110670
19823230
269396790
-123864288
-122900279
224207244
265322764
-223873272
-139244694
315474927
375240813
-241150679
-341360964
-1027499822
313293743
-5048648
-353631564
788920919
-73243284
-82043484
360109838
-19541025
-40752462
1361164
193118796
18028380
585330200
-132682904
-453439404
-309452292
158764308
-344403554
-417561214
397815787
-183637384
-43217760
-40272830
764563335
67019520
-101486322
-337801152
679544712
770763450
-7859685
353391913
4889751
157673087
-236612421
-95881240
-568086200
108127008
-158608912
283021710
475678597
-183289359
-12487680
100142700
4805613
-716065581
-119935372
-125480238
-408944960
723550242
51244519
112354325
-833478152
85922179
-283084901
-628501335
-93804092
-304286995
81413876
460863500
-288302112
36974014
-265014744
-385332967
-25429068
686138736
449326533
-54490848
285906720
-14640908
-102233201
789727985
652272426
-82996866
-364335552
8099910
1651500
-37889995
712150460
-314281377
248783864
-401562515
28963584
246997136
455938890
247020150
37759810
180154227
-484185
850248512
179644560
71171308
57066960
-18680040
181236082
259527840
-198617466
-190338970
216829872
521130912
162084480
122557452
397081692
238162425
-163334274
286956800
-853089798
-57429060
-185238950
-69848284
-11762453
-502395500
1174668
775299156
714379988
183203367
-77351170
-346276000
758684844
76728876
-348266772
50951103
-69770607
-33479740
-116214460
-493905392
240724940
-34607842
7340490
636149220
189646944
25507596
157122522
502133148
-48442876
-184080624
277185056
-246062478
498434776
103863600
49400550
20182209
428157780
-1989510
-104566648
-135991035
299032580
-22951035
353281242
62651940
-51443910
10352530
186245780
-210537600
65620898
-616282744
-75327622
-15559323
411721504
150324579
-109152942
61269194
-224060170
-101427843
4655808
401382639
-113272918
-220271616
614567655
464040176
354336900
509620884
-24163980
-512460312
-272990799
-280780500
-108807333
-282094018
780862497
13159930
-281168664
225177852
-490110736
50648
975074155
-773740968
-23908818
50214723
721440202
3587920
60876765
-482481032
-694458024
457358500
-26627436
333423624
221090940
157045416
289405320
-276059960
-118651830
520871871
-623000545
484684992
-466952772
117481815
-463827987
-397366806
352949080
-688609494
-271489428
-99148555
135456975
74159119
-231548868
259431393
385421400
19359252
511109865
893346048
-14237854
-55790050
605054482
358834944
-712763100
104926723
96633342
-838027701
2397570
-207308046
574424550
-45410586
302656624
-738530244
-45170340
68607145
171951572
-14458176
487658028
251715973
310670752
53758770
536743997
-69694092
-5385464
-95347940
52278555
368605665
127163960
47231125
33963846
-664918980
-314589390
-68147134
67730350
74843456
-494529989
-29568166
223385151
-473490741
744944040
-36169936
-388876698
-7848760
581856555
-48333312
209559400
-55496815
-68134042
185366078
-162729090
737340160
-200544663
-328412620
-161672360
-59066719
-348671620
-600471256
261545004
137390232
778985610
347087556
441804874
269097517
56881118
-230790140
-936515937
-273419568
-7077525
533108576
-313132512
-254704370
615388993
76198078
467695725
15391397
-156501728
-275935440
-113709695
-209769752
-252000776
357057888
112002301
411562672
-168272478
69775510
169849480
-199699564
-404843712
-1205886
-708342140
195961364
-94646314
121016455
-327537350
-61484340
-263737660
334353420
293481993
-867685050
476235110
30946104
-118149585
-90127030
