1000
443317280
-97464708
-3450282
-212399650
271523505
-471865812
112011795
25394868
-38906600
-32636952
-266060916
268271406
-473833800
422353920
-494893146
-164204904
577037500
-3520050
-39749085
-13123500
20919846
-570832584
-74314332
30572320
-4070750
521966268
-88835350
481903207
476920984
486082512
39963006
-344314692
51997458
-155663376
-772446913
-224120034
500059875
-145373868
70723461
327299154
191515503
-57528861
396524850
-144463482
459237152
-131231448
-93277880
975745496
92352925
-789799500
21948732
167429808
61724304
286445271
-219708010
2159136
186179712
28721929
-36230220
911497070
46729914
434070273
-813057399
-29023764
-708089625
405919905
30145832
-110605417
213998520
-559050788
194152728
578617620
56824794
-348566219
-562409432
-120516385
-122465267
142911240
91766064
98012172
-113803204
311596128
-160952112
-656120289
-129963672
744817175
-135396087
-45109923
42436320
381474500
-150676407
-125844726
466975392
-204316325
-86173830
-158496800
-207783444
-503191815
-524274108
-83324166
-245958944
221398970
255684632
43375218
491818340
557977050
-446707367
-23469056
46558910
6174661
321228651
-389663731
259357000
637504842
-684906732
252214134
3137400
-49663110
-223695094
-571229071
-334939038
569813670
-673468069
-80598942
117175800
211504928
-13186387
-628897884
363306274
-887176500
226104576
-563577300
543586694
-219606046
317684412
385327998
-107708052
-44268280
114529870
-305205082
-96848232
564810844
-554308738
-337960374
240912222
120787446
-334977585
-956882168
-871071696
-132830271
-772541820
54281910
38380408
204996922
-359427447
-300564816
733001412
-839750410
-568684449
-863350947
-572213251
-428116592
-96277656
-630520084
-775706336
-53726175
28583211
525397347
-127763459
-137863404
-391584255
-104050321
-91629020
-355695366
102893700
29143760
169561293
-58607878
-946614357
-142552791
60814128
-491387456
180495560
55212812
5562196
-2675607
747673186
-56302350
-226199721
-233968110
-491505696
222486024
-37134208
408847808
-638450322
151279464
-43610400
375605241
-345481164
-3070914
-793323680
-11928285
9928352
-247270143
-2697888
769006761
310438548
465432968
189436320
47523525
-51836904
411798381
174078300
56621910
12766357
92659973
-101500340
-278738248
769102408
-21320164
174130836
284580327
-649589276
-12067686
441340560
301185510
226416249
495225880
-267356660
906702108
-194129487
41169128
104649764
34872796
-377722314
-304925775
-177055242
62850411
-55599607
44388144
394522695
483118644
-129938868
-197949240
483821580
27098170
-38559096
59908692
16820396
-100182544
742638726
-660326700
68026932
325606746
500963128
223186180
-452220977
91659082
-476684037
758738420
-37080552
-121882910
33779744
-727682100
638210325
920179400
-549122307
-460686786
51443920
684864699
-38436866
1221650
387131400
4430340
52061625
-219131005
-401756768
401148440
368689713
-271964784
401165961
305746272
122882900
51950895
-517377375
-106641024
-198596930
614299640
-257129715
120780495
54168192
-453506984
246207642
-45359384
-711431756
-49888370
141374043
495322959
666222135
-288241504
254051433
75412184
-77025872
-515246820
967984
-80062528
-295957934
249613860
36911224
124129540
-338594600
407032989
-47275434
-846236800
88367580
26116640
34870122
-135192304
732417202
-21376476
409388628
64020580
-122813296
-292456736
-303545518
-71397450
-826732017
436900960
-467149574
7480280
-767412096
128395540
533542869
-26687520
-40526560
859131920
113404806
-163059042
-629684886
693489236
-382204456
397576025
-674224538
-437615717
52618224
-79351744
-118271100
225792400
165484676
-55978028
-127412664
-45464353
-591762138
190108512
-473332292
411531256
123198821
-490476280
174300840
374335886
-537843270
-441653043
36113376
206042100
-226354492
21465846
-401952250
-206518890
487309776
-127061679
-470417530
-5998035
330625922
-78309750
532788408
62736594
197599500
9300944
-28978625
395233332
-581194720
404637156
427599975
24754624
-433967644
92255096
-10201490
-95575755
87226984
310268970
37042176
-530867680
423042719
-203555184
-95823284
513330640
-127964822
48387612
130377096
115675032
37634194
170707935
2271490
-179291619
956387320
202338520
302735880
-251886792
-662764124
-520573808
-61153785
-130869579
168571065
-156336800
149050066
239093506
278581088
-75526647
-328886795
-21684776
-149286800
31451935
593332320
-51403546
-9768356
-22388370
-810455310
-160000555
-442251204
763924944
412059840
-231184980
281668728
-243704083
466048887
-308379040
19272256
-736980237
336128184
372152319
-83361370
417411000
-462098964
-1205461
-218477000
198084555
66999350
-120459738
-4055667
293407443
191237816
126630402
222760296
-165484672
91627000
534160083
-446260880
132822240
237233772
-32479656
169161872
-93606435
-514336934
61778920
-274505880
342252140
-521458080
642434841
42713860
-327599167
411619524
796854787
-936553906
-106205880
-39052317
956317979
-126741404
324829806
-4913240
-39358288
-353654000
94761275
-37280592
-466320400
365507469
19101126
105581595
-257986324
-296048786
101140314
192943632
32780885
-279009120
600353250
336541500
83976675
87203768
-537435720
-715514424
657105170
-66362652
715068244
383395680
1017592625
489669862
-95638284
553008708
-154902258
-736855800
204320489
2492772
-531256688
57875981
-224314884
-373780275
412080969
-393679136
356594877
64178832
100737910
87113155
8043360
613113642
-611955756
386392266
110890213
-482949824
-171579570
462034825
17840808
-783585525
607511136
158075820
274530525
-12453400
612428544
514766151
-70200312
244872416
-693000528
-233204480
-246236256
55240848
-83370132
147820416
490326834
233567658
-31469580
157227844
-53128712
-158649708
404051925
301790823
37515636
-306992324
-665712690
-195285640
-331239016
-20741070
-435464106
-44691450
-46164432
-31050612
275829004
-515865350
50655144
21110636
-50409090
302963424
85443106
-729821730
164194364
-127963475
280416762
37464152
-39000787
325509138
75172545
-208215665
25822872
-18702981
-458666138
70805547
5906925
-385751532
-549241095
10337904
95494673
-90850572
57858140
100105200
233470300
-107372259
-116790993
-626259114
320188434
15895700
-126987666
611447060
-40042044
-208999560
-279815480
165142410
-291721297
529903872
178223212
-703143669
-248688390
-129106395
436076318
202821640
-904357400
-22367070
-18266028
-783468984
821339835
21322862
-15825920
-56586033
-65870194
-117207335
-24986920
230348936
319906080
-273157922
277897776
794929
482458092
90732620
753579708
-203030640
37629472
92199492
281452028
-135428213
51373350
373955974
245851816
27160766
-615375828
179536964
-479316000
-50154749
909174824
-188409859
-766367508
179046650
99923976
3688058
-190249860
79777880
102008236
-183968100
416020718
215955540
-491044120
71369295
-809270275
-241130214
772084920
644748984
11078877
-591891800
347174714
-37261432
-415094560
165904320
-378646114
-476928064
185063130
-31184890
-67368700
-328286745
284132004
-286559350
-358775502
-37779245
365204375
-26621210
-481460058
-108471930
391114
-804314
-54884320
134448275
834334800
319123946
-47932812
-185045028
-183067017
616970932
-517482496
-150781956
-154634249
239290542
-223624205
78081003
-331087350
53769436
259233459
-217984
-25768512
66472346
-443075063
-457061318
508068176
315268992
188655760
3479927
-629005916
-183568168
330056072
115502083
37320525
134887424
937405222
-64260008
434940448
75380505
55129116
550675384
-518164816
-458534676
-472588301
38786979
-38476900
565042062
495134904
-110598372
349407240
-107585751
-590033622
-335850250
341414720
548254860
519393375
-789987933
-510127893
411261560
88985050
-49406760
-18536574
37868432
-263021952
22386654
188383800
720104040
-205413552
685714246
382350720
-235271400
293483565
-123882249
386326572
-173304618
-180549018
-115902367
-975676728
26506722
-134055
220968300
-148051296
18197150
290693075
-38909813
29871247
-544632550
-400085112
-330972890
708369431
-170966832
-6754572
109900854
-419972500
296911860
-46548424
-91131444
548406896
-84923820
155994916
72840768
-888935976
52384236
4175824
2326500
-50661706
87254170
89817405
214622491
-394304050
105112636
-518137344
-458051848
-475945171
-6950182
-154147810
730390115
127404228
-91510850
616799220
64476760
497302000
20346378
301385652
224380527
13477548
591606220
724119440
18024131
-366488496
-241785532
-286003620
329924375
-464898024
219668010
125850285
-84803430
-88169476
23855136
26603154
146115697
138198141
294753372
-229474582
-171062325
-256353856
41921750
630580550
-296192560
-66458564
-614771968
166633800
125275040
172090128
554768786
330076726
677384544
-304545714
-308544698
828703308
-59468220
-171172512
81873880
97413096
33236154
-173384991
-542139264
30730672
212194587
143301968
-369432168
-499124604
25831050
-151473700
111629584
-76790509
-620902964
8855208
104414172
-393349446
-291678324
402940211
-82198614
-29548131
-36103600
-50414660
-17551248
-114365517
518948199
300428734
-922370172
-435591945
-308440452
-281331120
-18589364
257393565
-4222125
-218930643
-884339260
115919050
-473799381
-448156080
197831400
-257471680
-161927181
-309915277
-633764352
-74824482
485474902
239476167
-569592177
-76163688
457473225
48124736
-100116700
-11635782
112030286
13510716
-33888668
-437762230
-10899075
49993142
614674933
-175090936
-221436832
936253342
211024962
-257791664
-138801756
8730904
287602776
384645422
88871064
227288100
329991030
12817871
-235441680
-46998810
-207862998
-265708312
217567594
665208624
-47811712
306615012
450143537
3787355
161120016
147269383
-171700200
392489598
141382384
-495740574
-27116250
498964455
-67619058
144657864
-163768916
-475309290
-490914690
-825235362
-47293848
-805379998
144698957
462619800
-107113980
263487156
-99555882
-515209585
32722740
-605474142
19550057
-70005120
-75256685
151816026
-41141346
825595200
-79287150
853671490
-760594475
-14882896
173923574
-516531706
-185484815
-381931820
-406395320
-359503143
312412415
11906272
196551250
-4989404
-214329774
291841710
136009286
592772644
358013285
382252628
-459251848
-51233604
-144775521
-472046
21531765
291078985
-8350425
206274591
5313226
786178130
163868916
-3308884
-590178850
-38733068
901345666
33029271
-182361554
201334520
-697871720
365941024
31571826
486349468
-207245652
-217847600
