1000
684235893
179503131
-398321105
-325536853
354333856
-471441078
452574192
2108601
427360050
-273463606
577510784
-109971918
38630190
-67753829
-226143301
356797732
714854646
38977386
459774007
-80668668
77187380
36896392
-185205875
105552356
175914730
-31112125
852877675
173878400
-568016726
-775797120
100364534
76064487
638852508
-272902170
-402801638
80936205
-470660949
-636124960
247651144
101199742
-440019936
59398590
-519547248
-58359096
-150592888
206521431
169119125
929220
-752623812
135235342
-51076100
-251453550
-539455869
-41213428
-481734711
801572157
-384444870
-674591148
-386284446
-691834330
67467889
-278009606
519854500
3984771
-260254582
-260097688
-336592720
575776312
-4478158
-150889868
8552313
-468521760
654785454
-5101734
-700513780
359138151
-114439168
-5435871
-400795071
253317780
258370362
5874752
-147539560
723121656
-19432892
-9717125
-234489897
131631885
-269701220
-139207845
49672680
-885626405
-184028832
635005701
432304596
517574745
-721950
-94885071
-339629955
-198724787
90258630
630351230
95141417
-123357696
1709848
-2678169
419326070
-456130244
300604365
-215156480
835343198
400282675
-259972347
380523336
565101360
43890184
-145461730
-52637702
420068096
64276800
-188692084
584096800
14464262
273638592
284565768
-274908504
118104399
-777968074
-603892114
523812046
403361154
-96355350
-443332752
515302
-149747503
487586979
-30947304
-39105781
-364796376
466434024
73656152
138800200
-1720992
27072045
110020925
-133851155
-585544676
-419212884
-23638386
167222341
151216725
167305574
479814940
76083125
-412272084
-619760746
441433824
240718357
721907054
-430137422
243847940
-319920000
186694000
-484779624
-581758724
110366706
-357577208
852372108
-104228775
-203138817
235397232
316428786
-103636848
354827859
-414072
691149888
-52718472
-532308726
-12912039
-3133012
376881650
124594668
-121724031
13941360
310186423
662705442
-72220680
-112301610
12818595
189126000
-207270800
577709020
224479832
-258759577
742790595
400811814
37744569
12525575
309197007
-212904327
-10968700
-408201400
-78025611
-197791096
702576949
-38979170
72784208
597966075
28396464
-779519316
508500636
8874027
-419608719
-66675928
92339500
126349155
-42115695
306470415
-38917485
704674000
590257380
-529486110
-172977675
-254364984
-231819981
-5467904
353121444
11538483
-601835157
-2100679
-266690601
-302246197
85944950
-31678191
-172166673
-158747160
400006952
-364762190
625374192
162189816
40799952
265026977
298854900
-216892715
409489908
73730657
-80905006
-207234696
150972570
-469155128
228051226
128461992
-530624055
238601088
109587414
13269879
223529376
149264889
322070949
735463222
-458810331
32852580
12042888
109866796
-93628582
-505086260
-326632770
476705738
537147873
-793047900
84825859
-53835481
68319195
-157822518
-593913320
77447996
20547264
-384849066
335847184
-652410345
20658167
-267922585
288497843
-75987603
77674748
-493551078
-400796704
221401276
468157815
323295817
-323105096
69121980
-168615513
74349584
78693384
-350783952
146640555
39092550
-139722324
457652160
129213024
643993460
35958048
-858504108
-559746345
-621637860
131508898
-649598526
17285402
-533920491
26555260
-53834985
122852240
-39735150
-841759296
-352879352
-430856500
-68098602
-142623591
1573884
589420288
102077586
-179545769
1053509664
-357429975
335134932
-135812848
147673008
451446490
31160856
-236817744
199060070
11933964
-87677123
-372039132
141842676
-334112992
512754016
-32754688
73173438
361545863
492963008
225686924
-35988336
-231138936
256653244
-383759519
-626927760
-591288000
-551565210
261234325
270009509
-104331411
-127855504
496652800
405133567
-10825320
21784039
-39040935
-747606927
392420100
84399796
44281638
-1690817
-164908412
500136000
-301996878
265864795
197951451
-91456610
586612470
-175928184
-967581639
82160568
-15924775
323542185
-126835800
10719496
4605912
-390377394
-133444566
-8314320
402836784
392735079
-166903016
291454872
-790116022
414326520
37913664
-18240558
-257810135
86599197
226631274
500945375
591674944
-112508576
469881720
103872639
847315924
-266785891
-557153702
26446934
27185191
183697168
-127575976
-700492806
-331062792
219947604
101732638
-17647377
-80338608
120918852
-30467748
36460998
467296644
592801440
163188015
731896480
312911872
363834570
-147518010
12853008
-68393250
-843711120
-12085066
264718645
-298063444
-320285280
-539780944
84302304
-765423183
-25475352
-6670675
352220304
750266328
-192533832
-36719493
-81030964
2044124
638247422
-105606200
54478824
-403994134
259279894
-380554440
93387888
592920696
349248640
-324042088
151865142
-39748526
88862123
42394350
359202415
122373480
169154622
-298403202
167224568
-208586826
-3015017
-194152752
-5603772
973798990
71873028
-356820228
-53158644
26553420
225061680
753958443
-659274843
127375836
553773845
-851995785
-54037730
174528108
26238992
2386980
532858207
91788440
259933014
-346623250
-194242937
-289260193
720954523
260659332
-323513553
474100938
-220545556
-107699983
771391118
-641760700
-253952891
-108791620
375746336
384633746
496683800
-940225816
152897766
63218480
-253466950
122145088
1902823
-65828189
-222892195
358056783
-157717444
229557664
7153836
-496553387
2191700
441328480
358614727
692638828
-225004660
-83128848
-55106214
289972902
-1991920
-148933464
-105120790
-556628688
-70333920
173210400
-59457535
-168567740
-286739901
-225069440
-251366724
-262707552
717771584
-791918640
-275797350
126130368
130466476
215826
-235742463
124515927
-644049878
241529379
-336774958
-192659320
-16861824
-242203572
-378851424
-266123607
-17328350
-489430746
-6607186
363958516
96215390
120020568
834493500
175403118
23320618
70907696
-71530924
727702830
-857807265
-659619269
82108130
-499238608
-15219894
-281737764
13166280
-868422054
22061350
-571643521
-175254189
79829178
9517884
37559580
-411614952
-14396897
377688555
604774412
-452945836
-47652681
253126075
-557729070
-163338550
-219367252
339130960
-364352450
-165311825
-636625170
282505158
-304190492
409693768
-248227408
9438000
-108941760
-328763402
-231105
28016724
99198099
59235440
-145086567
180367730
42299624
-154164864
150134895
-437659230
683344256
-246237051
-643168440
215471684
-733294602
648283168
268712178
-7986330
-93388134
38285316
166869798
181592840
400202208
633484170
79174368
-316338300
-221864240
339587088
202722186
-100225367
-908171418
56824075
-297656916
-55603749
111699162
-549120600
146768160
427549564
-483520366
269625668
415250908
-153112024
-2933692
-208783685
-372879052
261622418
136607185
43478075
-185417219
-380974668
-65278576
-538227846
-151480485
409738500
388749495
398224170
177187858
557704048
-57921408
126971572
-139026832
8863614
-434842776
-437131332
-263836378
-120345720
151621053
-132784104
201060860
-682084356
-265337262
-183375478
17173590
-209660880
-274165184
64337245
2491552
10851952
-209288750
-772959859
-61415658
-921279824
-276555303
-135986604
458070507
-620650320
-61532576
-171370105
314808624
55369737
528547572
-184569300
-713970720
354206930
-202921792
539413686
-756057992
215570352
-645907520
-495039980
-809752139
387608268
714469344
-204045356
-427734164
-145725174
129412520
17034600
-2283743
-666648528
-108885749
-69086475
425413332
29112460
-612695880
756281436
276056946
-230544870
-198740550
5411846
-27144948
101430
72220098
-41735659
149818410
335862458
12483584
-136907904
-41844465
-26439840
-67881816
67022760
-723173415
-466369707
5850000
-20356904
84231294
31768744
-212530245
546230100
180559261
-375692400
240632304
313553664
-365969562
129023523
-23701160
-826058720
234235216
77271600
-373749747
-211197070
-47754100
-13498920
-155453067
386961752
49189194
509620621
-110750864
646195632
37543500
-224872200
79833240
485091374
224324845
-186298640
704930600
-45367866
-453221216
22624158
-121361040
-459476040
718589396
196780150
3822810
13474778
-685989657
85214430
-262238184
-254281952
-50884981
-90868338
-501525168
-319770453
8365320
-277446981
-60328015
50543701
-247581936
12782660
15854448
16980192
-107748920
-317569760
354783935
11956608
98457262
87901492
-107143068
626663520
-196272386
-782952411
-20967195
596380024
715911545
-588211008
-334369260
75169080
83600815
273501928
-269213076
158129286
36444840
-122317125
218190175
442556784
-64481442
-591632538
-321035400
-168975360
59534428
-29075240
-16809618
-71315342
-131932884
513872170
400297572
46801951
-172271924
271830450
-51513336
454751484
-399057524
388778829
-61547577
385918844
29672448
-179551552
-527219169
152172436
8636886
-44124516
254290140
-376216568
-66692490
365988048
917840750
-558710586
-373461030
-96463263
-665953856
-41659350
-160463742
-25146000
-187096206
-203159182
112158319
-366012528
294122178
424225644
-481953087
502305546
800563478
-328222705
-211380768
285723080
-836656355
-396678425
-526427148
-664869280
-669069680
-471961800
27179580
-367424961
-345517656
675804873
126503973
353516328
-1901520
32077500
-275336005
79889460
-138916246
129178425
-426469644
-426906506
354479410
738928035
9162660
-778771584
677367020
96931944
583877160
-545144920
-441017346
-488233954
120033628
-197009040
-975105615
124373088
120630966
47292933
479340075
341371904
-1677802
-717760
14904736
-657316442
5285940
42787056
13349672
-865510750
-200627496
115648722
538647948
-39808706
-435669808
231503340
52319488
177204064
371775905
292938282
-776226528
533055131
193195398
53286030
261348360
145273696
48393380
-439131826
-691759700
-16072714
-404755380
232023316
-596427630
378912408
674896206
237728004
-519938829
36045036
47601123
1132888
-86820210
260759040
-45313388
736109853
313681081
44186912
-618772320
-461341582
118975572
-458684850
-328729750
-106283374
163686720
556656309
3813862
107849244
-821681544
150584742
255913390
-146163485
447292090
160479081
4355936
-86006370
331380294
34442952
-172170603
340061948
-11088648
171802197
66068885
-151507860
-973521598
-403013472
-133595538
-256519513
113770882
-125540960
4730456
-594434204
477158912
-897205100
38592344
-352247200
-22461005
384745725
-482284908
-280875712
-527610928
-395269812
-77147090
-57134784
232689984
-14914400
262665180
116667186
-333380625
5595210
374933691
581138800
306554632
-245390852
-29952871
279468412
69839860
-375297150
