1000
594419310
-242232490
-269089056
-232951856
247604550
41858110
317078438
840265690
267238334
578590369
258192936
108299400
756757
-597581127
-823033456
920954244
-253297206
-564929160
-280951147
-510300
479007491
-709610464
-43078555
661778832
231551732
531749139
209471960
-248732051
12796740
-2666493
-396481284
493780860
228194865
836205006
550018842
168905814
139937097
533449924
-10429870
-89130972
583204240
-128871927
2000895
2668383
-212875910
126173718
-43518860
190080
-330955665
-471166907
-595812224
-103637890
-367291841
-284219295
634823860
-80276872
-259219196
-1218988
301074345
212132295
-606682076
-362010710
-83828787
310624671
-2743860
324322326
-262522549
737540036
159983223
-479380578
-423374896
485649167
650618640
-1117338
145187796
133148162
201994719
145609375
-101075968
701884276
555683307
-599858805
-321804064
-288249033
-70434714
-742944384
-544638017
-19368180
-734726628
-100813508
-137977114
-366968402
390436816
99770996
-180333088
-15388692
178093240
-45437086
-161123331
557085036
-149290125
-686705998
-65139692
127809026
126155680
-28320264
-339878596
445733664
-201552784
-331691484
-406848352
422366592
184138752
13672894
-107558304
-582258220
955136322
114900128
285997804
521054370
9460619
19281922
70515851
119999668
377139520
196806170
1005081112
13797880
96928476
28378980
555376078
825214688
356455260
-121320607
769142972
74872287
7350614
149806800
-23573670
394211853
-517298239
30813756
78032059
-59412858
202805820
-22704570
-52312500
-358579480
19301472
-1640772
-5999922
808095979
-336028800
-723673136
-36788661
-4673432
-251586665
-9134055
3939540
-481276840
-443557466
534633918
9051688
13150428
-103287717
-277594928
235152330
108925992
685390800
207267714
660342282
-60640114
-347436871
235901640
-259459660
-518144935
-20267583
248461862
82834965
-24872360
-282898304
153553733
-499981127
-177837170
-324643980
-879853738
47463119
-285527220
-653292198
59770396
-94597120
-18901816
42885408
295869424
-657805374
972823618
217289709
208617648
-70136000
-189798673
-59704500
344159460
-68243160
-127167039
-68089420
-98088342
-493912620
-45882345
-563183812
-150478704
69579008
-567431685
-651020328
247153764
521842676
23529410
231570239
-722713376
202507095
198505566
82031948
-85950630
78012660
145746244
759190801
-902612875
28367766
-194409375
262055544
-884388492
-120044820
-357527929
9735110
-149892287
17660280
-330521268
257479800
-2582104
-48804756
-590393426
-46253480
-5904809
-66251232
-649884480
349553881
-650981415
48798372
-17779160
-125252176
175407417
46034658
211755736
-350074374
-727843120
-372460160
-562005584
-161966469
133943866
-451462392
-79224696
263328174
-132191208
60064284
178321920
918744468
483604480
-43165125
195273148
-561445920
-149645760
487024992
57517202
339285641
42163550
-291499768
151628112
-5674837
263279735
520165870
-470699720
-589283620
538249650
24354063
-119595875
163929174
-300189564
-719680819
32023981
162824160
119944860
233850674
-266185716
-107547085
-181734156
-130018770
288641672
9713958
135733920
-463388000
477055062
138366864
-492639600
-30121122
55225770
312581476
-604586916
-245619632
606867285
-30655474
-1041487480
-289838430
-135890006
124357800
42223328
154408876
-393451456
-877351332
75429610
175037176
-435835890
-425173116
383871840
-127384945
-918987264
-226128121
-403802279
-50094666
-247244464
25409384
165391542
3099020
-400583530
49372468
258359784
-65722910
-7474330
-424700925
-275500665
-236725380
89816845
-374944098
-355623240
-38997434
982436
-388894702
-125977824
555837432
185690762
-21856088
-696157644
66133485
297983062
-297528971
-612394200
68361273
169727691
163669088
188481388
76260272
-18937800
60878571
-819956007
-558851220
188178824
-277414054
158574300
-33995538
-13996230
261586422
-203712408
-258348440
-87252156
-553897584
-749664606
87546144
-897556803
63007570
58768768
107452800
65556727
-221474820
409862187
158642088
-259844783
-245124000
-157331670
909076104
101862184
232773576
223746652
36006620
5589207
101793510
615571335
798980
192693745
2706662
-272250304
-120399361
-17853210
53703420
9433512
457508505
-2798056
-5085360
549009132
-73519908
989667231
93121360
220380000
-150122716
16876560
-228142488
83041998
705149289
-198642087
-52423579
-49342544
229508109
-53698603
-262184825
64434720
32804460
16166610
465253470
476593659
-121151520
-393836465
202269522
308892968
-651048732
-96936448
427918680
-132056824
-229327204
100043100
21300780
-516751136
126961056
60666753
272271285
25082226
172172672
934208124
469333928
-235710000
799685472
553092849
7911522
872053343
-821653072
75510800
-202604928
26887176
43079542
109120500
-334108470
-492450302
-129062680
377748702
-266154168
10494900
-34758878
935860750
8573916
-270093348
54732324
-542434208
-285060734
459294960
-738741878
-272767764
591935250
-23383347
-265205879
439035420
-472051883
381397042
-23148288
765271356
165778596
-14115186
-187417710
335069055
-258324483
-179497456
100713391
568023668
30910503
167357202
305984120
-69271180
349973520
-243609976
384483205
-44136792
-136058040
27358891
-43806840
-681976818
-43285246
220093515
174079731
25453472
-76425741
43895971
693886900
777356208
787346300
-80665754
656394789
178817036
66191136
-424404038
553576998
-373976512
347617154
219560640
-347069440
-315532612
128278975
85079593
499229038
93632000
-64127976
-299239416
-150174024
435934404
765527614
-579528378
-72745205
670927848
163119724
7420590
212474822
-273247128
117197738
190823948
6969222
291077083
-318799602
-71351352
280182168
247219584
-292152126
-7834138
-763436968
121560417
-248907009
-105288589
272434580
624524733
-415931970
469587546
395916336
-153064538
-140114065
-54260625
541172916
-806737568
-162885393
-166864544
591995120
-453126854
50264291
-103233875
-64263472
-517833744
-7026394
-15621768
-34297830
121872424
-585893602
-564270174
356233868
-36998640
-231170810
282465300
242409349
-198630248
268277624
-86515265
133311501
-92080261
-163178871
-258591622
-44940203
114986844
-280514988
-76722184
-58697025
11105766
-630606144
-2694989
231577135
169559585
-169328132
4515057
-851117410
-55662042
-234020906
146233424
-1157920
330892776
293547852
-167818716
-199030642
241609440
-64728090
33581157
-118564008
273492990
178959613
144166308
-103997400
590171466
-168124986
-461513828
489238776
195145712
62606360
56509040
331443987
-172743935
70645608
425872188
-472684900
-78667953
124071495
287847648
102962930
-133648704
-203010150
477186444
-197619048
388016244
598438215
19107456
500161708
-118879173
9701088
719702047
-95870776
-269796940
-512304025
-741175758
-104628307
3573852
651640896
-141785112
154826415
-185303582
98636206
-573587764
399107864
818224183
-160579560
-179919012
11576862
283488708
-582215320
433555188
857347018
394285251
-238755195
310638475
-917403852
82082112
-250867260
111095901
132277650
-30810498
75016880
-14946000
-77499994
102206200
14885
156354075
475994264
85099040
145463109
-17619325
492015321
280012840
-704410169
-908115855
-152959272
-244085700
-627917859
-126488214
17959351
-581446242
294398008
-416021382
165786040
306763398
228237711
-5056513
-163520056
-7210262
429989088
23501802
260907843
392001370
506947760
722942340
-322913658
-389591271
571832064
21942924
309955373
179759334
27722463
657151027
-633160874
-71362620
75790272
-319348094
-91497516
-729034316
495140085
154796472
-203443128
3645948
-885364516
36577728
-317571254
332767500
142011384
2251722
215337780
-19761291
-578778365
232230416
606365139
-352385166
-43269560
397142977
1328149
13889070
-858781896
892183968
76104360
-111970880
-384704320
41568720
245119028
-131736632
677100112
278245989
-16663468
429060064
514620864
-592965612
-36383025
-122548605
-483236334
-284254784
629649162
86847627
434527083
200341812
-368733204
192761460
-64447110
-653366614
459994570
105170306
-128364048
364924928
-166802658
-291042576
304590194
-435909748
-336071386
-114627305
-19684880
532346100
242677907
721658704
419854050
-5552833
349617548
658274625
624043836
499786849
39655000
389169918
529110962
-956250
-46016396
-257725270
-233809044
-411576957
245138464
151440795
-95839230
170314738
135269340
-451075988
-13408128
-181303577
-93646318
343916420
-184932293
986000832
6753890
187807865
-557681608
-141624600
-362906460
9833920
597461382
62823860
129232584
-250110796
-81025728
-114322293
-393049773
300864996
243257280
-412014252
747653538
134645700
-301630160
828120944
-682110517
-477595420
237803280
141249406
-822288
110582208
26096532
47995780
37497889
423613722
-553323820
-51355998
29523150
652834602
18397915
308440730
-693355905
17748136
-497532788
104659452
-23124824
-225515631
41083684
-432145777
-276805608
-18756005
-237412242
21595966
595263912
180495630
288224860
-137790756
186162928
-363709609
509328162
395800
-46902760
-257158206
586849176
205242396
-251770012
-753985540
-73245372
-73947904
-20218541
-457005124
763060029
540281926
290654151
-287922712
383896284
776161644
321895248
155132100
1616118
-691768260
29598964
-232832320
366321375
-65606982
-780579629
603296232
-214798950
86685672
-184264252
692195376
-213227883
876441252
317241024
828456588
-187840653
-15824520
383201798
-532202916
-39617060
41382264
-68121229
-122556880
21080124
-157875084
-195414796
-308338520
-37987920
-239458980
-122225420
524216680
-49791344
30465643
85525796
25279526
179123350
-87517760
-673735908
130957575
68434135
292976200
6521200
-96734092
-277675776
-280642483
179513820
-42565614
158396544
699323876
-483565120
53819628
122950926
129938224
195324980
-253094116
303234838
260357760
-643612365
-478724112
671463568
64077888
234029184
11102612
-599879096
-37959572
-42194130
90725514
-570898875
-688782402
-277198060
-95960476
-310706000
292465096
-648714720
43593576
56079758
-48147880
-35418072
-67504944
299319150
31723020
-310568100
381491950
-277758530
20221500
-80157836
-834831845
-477540647
-333787571
-33630144
-590090272
44962720
558088630
-341746908
145503183
-143309580
66723432
-548430532
-174685620
338819738
915624855
-219624556
-34469778
221171284
20545700
-317803722
-587029016
129666690
-8399250
584393223
677028654
-313418090
148208028
604072254
30581028
24136719
-366408016
-186240321
242272610
