1000
377833590
-347927829
413786674
57883500
-84015412
34671812
-491251935
17192458
18018304
-99595258
110567160
573734229
484246686
150835480
-310751414
364884723
-522175964
278700986
275645369
-617640750
123199808
307292304
299860332
-569396385
693594330
98293494
149829776
-2750328
854844588
198524583
-50766430
863570781
-573873294
79881100
114696438
267342768
169170710
142270840
32324035
-17445956
-549550080
37436148
145042311
-174785920
73997420
249925512
-522092231
-2283196
-27779920
-615624078
-290180215
474760902
-66427887
-21280180
331846887
-100506318
93595095
203217441
329830310
124797428
46203960
-781781904
278390720
61910548
-332688602
373335402
-191912425
177643704
213750900
-511641050
-207219383
-73927220
51812943
-487182510
844070895
-135260275
211355142
751714432
-208247516
299501900
457892982
-349574026
-5243949
-198069366
-71784764
-3066042
-36183792
176641745
50120100
163648895
-131451246
103906734
634479380
-254578725
-43811271
-225439560
-9313104
93002750
-317867476
475315430
15640686
-14889825
-3096877
-22228696
-95069160
208512000
374258276
-203543865
-472493773
-430304666
-172448
-338889441
141339575
11021295
-10225523
233293955
-473763948
-197703025
-273531804
743025195
8414688
-59611884
211138620
218153628
-120856155
-15310880
88992285
111307515
54621934
-52296879
173968179
78653268
298262070
269540460
446840520
-99556060
274017240
-11215434
-67307979
137412592
-7308342
-72504575
243199812
-29572646
-838091597
-35775054
15165215
-65854300
109335930
452711637
-212507680
-254717953
-15336382
586342134
-4310796
46090080
-143078200
112804260
605587048
-72731820
153179616
97361886
97853778
6809010
-114153
-322904120
34402536
-244030325
935577500
-483604948
-46298008
49751690
151358800
375288645
214890446
37957842
17823897
162154488
110198336
413041720
-392802641
-135242300
-804938670
-351783288
93852786
48133953
837726165
197040648
-307148604
-361771097
888096132
48683567
-25549150
228596417
35772660
97705872
79867393
569244588
-320904762
-50863050
-549420900
-132294166
514511136
177810600
135193372
-115049260
-230746859
504991422
431617906
167695227
-935066916
-86979900
827927100
-30352576
-23179905
67415778
-157516424
-289445352
185559207
-139454934
21982810
30556146
264504
-106991034
603095185
92262950
-432423702
165718930
152946528
196395438
-83160440
-401744631
-163224208
71546848
759240964
219214674
-25835708
-132943220
-107515136
567501956
411247980
-594133724
51872210
63665784
812411000
-146560281
-85496478
223331200
-306370572
157643024
-108614527
-988185435
-50853348
293340670
283895906
263308191
124079270
-568287328
-60011520
14981994
-28896462
570226195
-208765750
59309250
-19002875
-38629470
69275052
117838560
-212553304
543234481
236213496
465759
1362720
317272760
113780804
20504068
-6458959
-304683810
116728768
96566995
354100502
218333241
-526643368
-548191115
163014984
-504420216
-606129136
581477160
-29667909
-239735895
304774368
-43552229
-22498921
-24828960
180515327
-455785344
-206068638
139512900
-22421901
384075594
210022029
570888527
-416537124
-501343660
190605618
79587585
359966
-232829060
569504448
332215800
-859846400
643875588
35406912
583147620
129874652
82263599
-236664628
-52158130
-581653588
-15057090
93899736
-58104900
-90311599
-63451856
-276685101
124150785
-2581362
157088736
98238336
-934721874
-654485664
69555983
338059000
97484491
-95582493
-358671060
355816786
522066440
57499896
569096676
235973395
-224160750
10684416
-112643685
22886825
-359394854
-166979472
156483552
-13860860
-397196201
46511388
209905449
329691060
619765328
89642364
140937120
87714
69185077
116231558
61070672
-475016568
-351940290
793854756
-109970270
-560248506
15422562
-106498152
-817248736
27450752
-49046830
400198329
324916884
-371116956
-141117845
-157264590
930144696
107730570
103517780
-614818197
12009690
-684454932
55563064
-37097046
-449717132
-269932623
-382756080
-39276180
642093760
-374273550
528237086
-302378418
-13090844
29291864
2694492
129427200
-24952911
298351200
-516039636
-241080840
-124404556
45362889
-68475780
50271936
-601687680
570714075
-352289546
268596120
-207364420
230043816
162808758
92431903
887453802
37346730
711001665
432299457
-276096552
35847528
-307380489
-22843185
-347863950
278049710
188880874
-67444468
-57103000
171222944
-2632488
251003555
-774779082
128785200
-28408016
-305739920
-580511964
311095056
-752411072
115878312
-114413488
-522950544
621216701
358273098
502178310
175088316
392211188
329583513
-6365802
17914480
-195396408
-237309658
108034684
394512328
-1742493
609659865
-4476191
467676066
-205869150
-177789284
37227726
108296744
-242381604
-116445672
889079766
63912992
345494604
31020176
-530308506
767320926
558415471
822738171
-204927680
-697183200
-55693194
42332700
-403296192
-238786086
-750134673
-519458505
-141775973
-210798522
459523929
-183519765
-186155000
-87897656
155410409
-697968904
380951105
82353600
341116620
298172420
115825608
-118270048
-121998011
52272080
23683220
239910215
-720224974
289372482
-492473975
45582124
-666110423
8609172
445480722
-156951516
-106692200
272556643
521240
143620770
-13866150
507875400
211096440
-262192020
-81954600
-834432
329082732
125057072
-104741525
566649205
-387472008
869403237
3746189
136486880
-203493912
-78083229
221420632
507562089
-84038110
37337469
-14742595
-203778096
347542299
-358300693
-613662819
509011817
3679404
-460703925
-546811356
467095400
379688016
-207029508
-3504319
-57510453
703606932
2280816
-400585030
-217536114
831789810
275926980
-605152944
-754863764
169313370
2413000
61654014
-220803960
87771133
316941274
-36244733
0
-389086968
-705676830
55927920
335761880
-389653553
483301898
-102377500
496801153
351878400
14574195
-141617940
882807714
471989856
-268593930
73843560
95115470
-159809290
287118995
-760073472
-416448760
-8315528
-474217520
495991734
-109232996
354878873
-42080057
-224750352
-389579288
-16992650
-6577608
-110897090
-2502948
231115995
526818360
240207429
-870886296
407364714
16505340
77914980
81953424
512314145
-214845345
122488984
-36138271
24062753
-551197886
-44691757
268356696
-112846828
-72912690
708531846
-55255905
66819220
-230278000
-493782564
35216172
-312580412
222262920
247363137
322418520
-8501037
-105594240
369571248
421265836
-25061996
166734687
804981408
-163496520
166995180
-168860340
-12155325
107569406
689978856
197573968
-7109784
-180308754
-147307870
-151351200
-367330458
214007072
265914024
-385194280
-137768442
525275160
-390739712
-63453270
-390756660
-27468880
311068384
20269202
-4909158
309453183
-24003789
-129782228
-420973652
54262704
-803673508
19802207
16281144
744452040
-28272342
-156598581
-332228292
130264147
39954924
532582400
-9103614
8153234
-17663681
660590106
-210000788
1017357957
-234166335
204044040
-347023300
532583942
260720280
440085517
-150307599
81693085
-306853480
-642054859
-2127474
-597798482
-105596335
-121062690
-401367030
-130443716
88193532
208413600
-451871832
99581670
-285948542
-71864172
363408319
-49651884
607363676
-54335865
-86161428
-660914287
43767048
585006450
63842800
67597285
2952009
-28977388
-271688143
-10819146
-193738077
-116481524
576649073
-122662554
-43399524
-409360896
206562200
-589455900
-681310448
-37498624
-362552960
-448152320
-118187628
137014866
501095278
515203930
80355820
346200129
-167472396
263757615
103457979
155957424
781687790
422697555
158469082
531302145
66499166
289732682
-45380376
-21344736
-142343822
267424038
277262706
7698870
340269682
-1459815
94607095
124600674
-735878310
270554726
-171964520
-107780880
393829937
-10526880
104575240
-28463192
315712200
163852
120026718
-41248004
-257245690
-752306375
795379167
180066197
-142609219
512662700
-412967792
-485527483
527780398
670346595
936310937
-2923118
13096578
-224797113
-127567692
-503314136
203119215
457202376
-277159896
261515896
228519880
-138338340
-836954952
-458877600
-478834752
-490039110
-673651782
98187887
53512160
-280623408
274876663
541120425
-89203782
435004348
-510797876
-212556150
49539960
-52981404
581374255
-89374320
-108859680
185884412
-175799994
-186717648
277324465
-472466016
1017449532
565860512
27491418
96840544
956680170
-17702256
695834164
-215061600
64172294
-541455596
-55618464
-590684055
16165000
-389413170
404601348
-441014358
745113240
-148906800
84160008
-21719047
-214149306
96828944
905081114
-543780
-276673992
-34245504
58109491
416016828
868612212
-212690930
-246699600
40673907
588132050
-385005712
-189646996
-598324
253250802
-206756320
297689568
-619679794
63970360
56994093
38569998
59432616
-114622471
-172950432
-253457016
168073750
-18726422
42297390
-181326221
-961826322
-280277712
178316544
-179100558
-7854238
-20736672
-56065166
49621464
192982581
-718157120
115119390
415897374
275645304
-298504520
78698737
-5711187
297133885
-832262184
339020714
106012725
-451127440
-290696995
-139288240
-395155332
498279465
26443683
152497140
-345720
-416864526
104174463
-55607136
-309777179
-201529476
44596440
-450647052
-337520950
-500212688
-401529128
450650277
7334972
7570965
609242500
-114843664
96522349
115099475
-647682337
-44837610
-81412781
2538720
-269952044
258453510
-492663040
-578250716
-780518700
-37866600
32139002
818871336
450660196
-6269445
-526187727
10263892
-195846660
527122350
16405808
249571498
88468040
-63948248
-271850713
310214400
-5237856
-60642128
-146785590
144523168
317783850
592699186
-863691120
154351680
473107897
431614491
970048
-263972358
404479614
77831600
-261650655
413197348
192351913
293144906
-221540888
115296805
-17526600
-399409044
-14852871
-354818835
571585230
477986184
-212250498
-486631372
-304205855
483804420
387705030
410685066
-446755683
135276930
214699302
80430825
-129353892
10894667
-124810765
-81197072
631365878
-419917440
-217995264
-378097720
56141088
-23912343
-32661846
455632029
448141680
-196003703
-246265912
30011400
141947542
225551410
51804984
828855522
-235542060
195652880
756403700
-135022515
437629488
402681657
147720649
-458716596
-1046261280
541478340
218838399
183908364
129394044
718823460
-460524432
-62494971
-179939142
37378224
-144058824
63708328
588572586
494299706
-14148956
-252762550
-406848816
