1000
414376567
386153100
26630265
-238247310
-23741244
-16464640
-62822565
-247680304
-4174578
33063300
446075712
31867424
178314604
-30293856
-175405002
-84673788
-95640070
-22543841
-234601524
-255105276
-312732420
-9295528
544816020
-216294108
-354501725
391198410
-191013810
-275162446
152768946
-134810758
-313138470
5065770
132110871
600880216
-251057700
403844033
4632628
12173238
-199157865
509417314
130071851
-445087476
327027740
135836628
22969575
-55962750
372216250
-93932892
-63866075
-115345571
115989531
198783450
134616972
127415463
-54080912
558481020
-281631900
179563184
-302514654
791140
631033278
512571804
83630307
103014208
295991925
-46796376
9278685
-368600961
617622499
159424608
-86641977
284017300
-168345540
-26981415
227077170
-535066176
-93488256
5475334
229867824
23333674
215466550
-89086376
668090668
-205246151
32683758
-350047236
330067788
-167230425
459241704
77630409
8157226
-316638792
-256275990
-8731400
-52631160
81409824
121707644
38717277
-42771828
327744868
-227456619
111201265
53559375
13974608
630428722
-88115805
529733940
-535214882
472679990
478457544
-190825171
-132629728
35136352
557044758
-58329982
414232912
117253768
3251710
47773210
242868897
708080560
1037226267
286900734
-385017334
368239500
-200747664
-537579203
-90346927
387724345
73908073
-51085680
-67015843
-485433860
-416572050
337103966
77205190
-666101865
31238438
316148984
-346183372
-142470735
40114118
-272627203
15606438
196786304
-528576750
132278190
-650748039
-16481322
821553408
-227916984
229103280
144731808
-121409376
80722080
34632114
-17522352
-93427002
-232932600
-20657756
82786095
-102483480
-173718816
-14550636
462125658
19412679
-222242267
-16775496
284862000
-832137402
-266411730
529135167
70170002
89778766
-42307539
61609666
-125271900
-54239148
-353172611
74170434
1101210
172171488
-161508215
-440349420
-619709636
-1579152
-57062896
-472659948
-782604720
365744928
-159880636
137485128
209196246
572617584
849413660
6684237
128276190
-447179040
185185880
592307362
-242460970
-155804465
-550065200
443014224
361699849
-596518864
-536840721
1992055
-111111460
-483588112
160032336
127423772
-203460960
-388011300
-559687656
-266359936
-367900344
-796093515
73728685
-118315050
-200923084
-5412520
-654908444
-82129212
24982360
-92543568
-121053890
-57895550
822835997
-506119692
-105818475
-35874595
189267295
12733755
-649737796
-345048063
96621347
555713865
7542914
265347806
271816607
136529159
533913072
-483169162
37055014
15484644
-25564881
54067500
-11748610
484124026
-445762793
-27434552
-186431061
483847003
147218400
88339401
-59808888
38652840
12880203
838521924
-778888110
-619985170
225235296
2086677
-735910469
-468996128
-120118272
-35587974
71948061
318027976
777645237
87557415
-97671708
-173013688
-327661440
158715150
296622315
-423689408
671685260
704215464
513318714
-37658628
255386716
330725464
-936956328
143909675
189212020
-658392920
174902848
582189090
-42886444
365992773
98058912
218692494
-231989508
-10511444
396387200
612239404
-105312644
17193705
-18544604
40497033
-14392187
14086879
-148939224
-158642876
-297856218
83690660
25461576
-163227183
103427688
-69657126
248156055
-81557993
-43719264
495362304
4970714
243096882
-276961960
337081176
1473857
132576320
633848562
-429069800
-180592360
-621137874
-79570570
267493951
-366574376
-553947248
518327903
-666407000
390169440
165778291
423728
45786914
-125412112
93596890
-12184116
-97296486
628731477
134556982
-55978845
-500051496
-235879818
87316020
-344571348
97613362
-2036127
-106381002
284002518
84402975
-682725560
289889916
626907780
-44193798
5338456
-445680587
-192022662
-100910376
-768873574
-870227040
159326748
86488326
-172376874
-370871846
-711628500
-125864422
6214774
-654751002
184817765
-117293872
-772817664
115219390
350497375
41120412
386998539
-25090401
-202702000
-520773150
-688742517
245384481
210955415
-27435240
-49920580
103477308
5527392
632803490
95290824
-267197184
-417050241
618593809
-134604763
-153666366
471422280
325002586
-396674906
-369345620
-703925392
130932196
233509450
-37694035
168359444
245932770
3245606
14557856
-237171426
-111003648
182503874
438420134
196893386
-63314460
-682080107
11171004
-414773191
-681363942
-276185532
-517510080
280422458
538497700
200170036
-118415220
-213024330
87757944
145465945
-138749112
17354496
-98955664
-202071792
-181661130
245792882
-63585918
-59817888
-242993424
-398537550
519303177
-18461708
-30299652
171075354
312601632
555054955
-70398090
77376620
-126457436
-192172022
507771368
-211147365
-91516708
215557398
-206248188
9650300
575601096
-398854692
231531687
-18496680
-220579082
4037440
-37527039
1979600
42259900
-222646248
-314494122
232010160
-16048032
17634892
39967830
-106642360
375666920
-174562544
375300366
109061367
46390800
-29646498
-596409920
277072110
-682890063
-472962352
346278277
199086568
-74520925
90493572
-6876155
-102899451
-261722586
63048638
489490536
270564528
-622714539
-853124636
16238940
-114333660
-74631250
230956704
857145356
229721571
232421210
157489420
-32370565
863015520
207100712
-1002383004
339982110
-829473282
82913624
-125387086
-90649500
302416093
-5129376
883763010
-167046672
256703328
-785555480
77793611
-273653217
-62378576
-198261564
-200314872
39309579
-31953922
419957319
499024666
43802528
-47301204
42457367
-210012
-102094200
103956704
105406668
-387657620
-135474950
-521581632
-367372521
-730989205
-55127520
-13556579
4558395
9484832
61695820
1040173738
-150388203
-254564312
-187047936
23175078
-42559776
-97471464
-75618040
132999108
-706993721
196195840
104779452
215820114
154692340
11713303
278423519
343201788
671723976
491233632
106211508
346869248
-93225015
580430454
188517780
-261383712
-146283420
-317214010
-37693086
-682844745
361522010
-309293160
-163421206
-91436511
264108050
61378205
-341724440
-141039663
-110963736
-110074125
987050090
355355640
-886265584
25502998
515934039
-211574796
-253247190
649335260
-139467328
-269239952
-17656925
-9359248
189593376
212466080
-145053024
24842055
-562977870
504205690
-405841865
67880439
621472320
116666404
-106270747
-446149137
67359897
-160469127
233710555
94283040
-40955220
-776826750
475322712
-55215936
-281370325
474096296
-136196326
1008597228
683636640
72907188
-678077832
56644638
105724160
212510412
90062894
-419623505
-86903684
-58047405
-219558506
-464373845
-258101795
511101615
-96491785
-55467216
-11775976
328227845
6084864
254495965
-66679392
35046684
10017216
561598344
436099588
102048795
-43018905
461123406
212924320
-285645250
-173480930
40192740
-609978141
131185815
-368137706
561930168
456887025
-673088832
-643034160
-9213438
357861948
363867762
-247087317
66318280
-169624655
-571297230
359952780
-880030386
122851872
-7671834
-72895625
-92974560
-17299740
491218592
-19708821
331128090
-550018434
-648075662
54960750
366680480
-526716608
-37156392
-778394792
39647538
-38617072
-138439890
-37037654
644334570
819733280
-11769100
-231976118
946157380
-44953035
-72412737
730928952
19913338
4449536
61948884
1935102
76785156
-714931393
-267977717
-512915177
-163829292
642812395
456345645
-150942012
-420945939
400977080
138653964
221401248
341627826
-392327343
164377684
492570612
-43452838
146248643
-805490360
118636796
107826498
-735297442
83044416
110649693
-54062970
-393078510
569289666
-31347466
-116083965
-62719488
138043862
60248640
206833798
192361624
327845382
55259523
296633532
-9190615
-870178779
433120571
654874065
339138303
-686932897
-25434432
-398734722
42028800
1393744
116347684
-398620058
76513351
-73094880
-513738875
364044924
151104640
-18706132
219490656
300700620
-31434624
-85186100
3387384
476218122
-521109024
-380623392
391889898
-122911655
-54770289
313821436
2444736
-95166400
-396639740
-84565432
22621940
-43924527
-80376455
-186326864
-296502610
-2869906
-627427024
556422846
22274925
5564678
13270176
47939634
350991088
465155675
-67814376
264953652
-141704992
-68721380
729329364
-107870966
-76000034
-306449990
-30599228
-14884128
-339819408
166875696
-77443688
-155229031
-388135550
-739805864
13423700
101332530
-21354564
-19945812
186254880
44075940
180303280
594845856
-137899290
-246219749
-110474910
7643680
-275880000
344350776
-234592890
301079284
-7627275
-29830674
-363734532
-76568898
-30634340
-497751150
37785447
-366279486
846396680
93324510
-572086386
-119895930
309738996
235413990
-3170680
293004140
10387104
191122344
-728989596
4188912
-380389640
203382182
135968655
-671028281
-66504141
-35818650
-318382902
98102472
42547500
-713875968
-8520040
413862705
703351623
-18900010
-477932260
-65443696
197236692
651501496
-678105324
-630513909
111416976
-130374374
523786303
619048128
-196279826
18910650
389427363
-508079520
1034438520
445709640
12833931
-99261828
-39831060
874926000
178204950
-331568391
231835744
257945310
605541276
-41293476
281939484
118596614
-52680160
-127636266
240355911
283751706
-42202986
-252449218
28244392
-210100146
-393754848
-130251712
230365500
52903620
420827406
62804360
-350662907
681442696
-84380190
-215189910
24565274
-697741008
-243196218
-259888650
-2838225
774134270
4036379
-216998460
-5951622
840528008
312241419
375237264
-223668012
-209571252
-3749436
5159264
5364716
-345221231
371213100
250854672
-17528520
-267363644
240643170
112464312
-61480288
-205915580
-270371216
93228124
105075740
6408664
516903198
156891072
-564503750
-238919576
33988004
747613434
-127640220
-352047808
-380724204
425239113
-87588990
-50022819
-154249288
-259670235
-28570348
513170928
311027850
151637598
-20556250
356530304
253847976
-856120575
684681336
-25343640
-428667496
70654464
24930727
-57551494
-240918752
96351021
95288781
639629000
499213490
116903176
387076197
196143840
-171375800
-29468556
-269560800
-35901866
990555720
300887034
386591934
260595765
-279945679
265146552
-210988575
-61011875
892118625
-280844438
-3586005
-37606338
49378296
176315840
-36244780
187818330
492941520
136130859
45368865
-767318658
117861480
12015094
-508199241
-35340420
550082610
109352250
112842465
107774784
229193748
230391986
4396756
333806415
-718377840
-249101578
-118571719
263760916
69665380
76885080
-240501177
-140119280
-380696435
