1000
-36281150
201926844
458892824
110023456
469073143
169245940
-901723625
-16436784
594894465
-127393570
-380062914
169743552
15936081
411015240
-45970800
-538951182
-38700074
67330965
-180672548
54567680
-520938836
258147261
166784247
-3879790
-426391119
-197905551
-103061244
80065499
31534790
-487887310
-169110564
-119511600
438130548
10818060
44555210
41182080
-44652438
-403841392
-481209390
13032305
13855920
-17488980
-10459204
-62249689
358997133
72547895
79544950
-414117984
401617572
-197956602
-226281678
898437500
-365251782
636768
-716650341
-30441970
-213315522
-329289048
-579457998
272620730
59985016
101202231
-498002688
-138824045
304732704
131910750
-546297360
391809184
386632129
69881704
97667186
73528480
200838575
8374209
715370634
465585868
-306815310
-309341720
682946576
104253554
551370780
3864704
433683666
199379980
-59658154
-198201200
-10703232
-42323612
-256806784
-334447509
-177525000
-263475450
-628025905
-10148828
-211293289
-574698176
322204449
343111499
-431970375
284653260
-467278518
671570580
9691326
-329691660
-2676650
512387100
4787438
41698604
520249100
44377146
284117790
60291528
-215607077
146612235
-463866165
671373630
-37188455
65410137
-53318380
-55990440
-110957600
148426700
-374485890
-310947708
492966153
32148984
-4354560
-636557648
-319179483
521991605
314063233
-843828972
122200932
22944336
-242622072
-339710498
-630771831
3497150
-305795072
-6099600
-238340970
507072122
-18204970
-549622935
8383500
-176521010
-815608035
88383224
-311949528
-199934245
-78373840
-3618820
9681990
-95868315
2447583
-823694068
-266338560
149442475
-58997050
-37225454
-227030490
-39691242
-106902783
-167661978
158748975
-772946816
-653246112
570801306
472099700
-297026336
192722418
129407356
30323790
709476424
-756078180
-227407992
767823246
110234970
23902860
123739014
207985550
-349071618
-145703096
-808736240
507469824
126476889
132172098
-298071744
-239962692
727318745
254891508
-654400392
-883195920
245201148
357985860
-183691848
31767120
58766880
152699991
44203119
-772858170
24131234
-278155482
-485852796
254753512
390760320
50583534
21017250
-96242580
132408378
202239720
664111183
-612686312
-759869856
173631024
-219566115
-84237602
-530439840
-540963084
-139774484
-44961
-226454098
-267335605
-361228041
302693739
-89774025
-1037494554
-19839204
260206840
445186264
-622048666
-401889006
-379196576
11994585
177598125
-30111726
10254823
-81239090
174420360
-268532957
248046136
418284984
380182760
848137160
-236445552
74094594
23170320
76218048
638019184
-422578182
429712960
85740658
-162133
5069870
905593616
94708464
418876254
150587524
-96008787
142069626
-476713298
190454916
-60688880
107723520
912506580
179408136
424394080
528326053
-402219720
-46941750
-194601099
549456456
-419228200
-60538368
183624018
148196370
-159692337
-255175017
-579125672
496887584
98280512
224753204
-205811605
403144709
88282170
145535874
-7742294
488897370
-256681908
73599768
629137335
979297839
57636324
523958700
-110472915
-524799452
-542551905
-449915750
-94196570
-692069070
24294417
697937064
-230805056
635867606
-292651860
58684752
95415546
8696994
-228050200
-479746932
86832000
-335090592
-813342
-201124947
88408059
-440348741
-9539388
27170700
564400800
-320919414
85377825
-8060304
218846628
20396517
-381461844
-399640340
-46332130
125321416
-561987287
359064000
39818294
-592823742
-188145720
-195859657
75082628
369488648
-503480775
12131860
-613257066
991033525
-450536685
-303006690
-106158744
-426128959
59482904
-109597764
250089388
-496928
72905090
481225870
-751239005
-441487780
776633648
413373818
76981920
760934538
459080170
36531665
-548114667
-82199685
184451190
-397006596
-208964010
-302983175
876801965
-79809650
-549030384
-344994702
-70272102
557358548
-288546489
-500231085
570862602
321484208
-517767240
115106598
638096790
41283264
-74935450
29896090
347545500
-37615320
-76222626
38724092
49780973
890989001
-17617940
-147632590
70486665
203307165
321567324
381550982
-12025360
-356111238
401179648
164183780
393938097
155851801
-419560227
324831879
14982840
-262261591
152869073
-617852760
-72846927
-161880102
573221453
260891983
-234465517
17574780
414637902
-54617904
-301081920
545778216
-74869904
168527947
-529805760
125227472
-18845827
-588244832
308690014
314475210
510606558
-749075
-225481800
7900086
140233680
98067596
10394622
10114272
-396073760
-75081916
-220002407
-19018430
-46471698
297965888
213122606
891791200
588246142
-40205936
-131841171
5787684
-12638872
-141030882
160465293
206917752
-74674810
-397632384
-256763920
-68224734
281957628
223583
-41145738
-36475938
-408302895
101710795
27732950
114827044
-4360100
806156076
395915184
185628415
-14184270
-379396224
-686824696
-359908853
-308903005
144325944
550338096
365165920
55245154
-18935136
-222418592
12530848
251553407
10658628
143799552
163984040
-158255097
29835135
149734872
57516736
185345280
428404500
460800280
69545463
256008251
146728857
237603744
379727896
130847355
29646112
-1576512
421836088
23442975
-631054875
813832218
125283024
-118418086
-80184250
837912660
758856576
22096620
-333100260
635493936
-84488292
155634440
-75444345
-30436505
-973365141
75113650
-48135870
-577632948
438349212
54047430
-207732510
-61026020
-438854976
-262761798
-531491774
81360321
-2260601
-319564548
44021510
294412512
-214420242
489250190
-228842712
585200325
-150591150
259693938
27151200
345481856
-2663304
37009545
-434855301
-337065300
3879898
-192156256
593676734
18983960
394743850
69062526
-482167322
-580074168
-350715339
95755100
220830654
2596240
-202884780
-801272544
-646159200
-393264607
-109475357
323773624
847813760
-844267685
-25637436
-79743770
750485412
258682113
-21475884
-472558476
220771512
36974322
331104438
-372950320
41273752
-440455513
-31415072
-140991936
-37476408
-183182248
255442880
-32597397
-13810400
-331118431
331459992
260123248
99704748
59149038
4020090
363560295
141643632
99024256
-195306274
122639720
1847340
109939778
15386410
628127535
380225055
-1164415
-920535860
-276990656
-825691944
-112081617
780252187
-310982340
-251859636
221924700
509488356
-56194644
195963290
-373879275
148763238
579241025
-101007634
-272689001
64995744
-296035281
-262174833
50523424
475000188
209097405
60206652
116602332
-216469487
-87902684
191802582
738191072
586256850
-92374506
-765505200
-609864750
975307230
-51713221
386135552
-118265360
285228639
412909728
-5484336
228772350
-320734080
-75616596
-222843096
-472018906
115663496
-90815820
-158915836
-85380480
56631325
-903387600
55165964
392820813
27665640
25163256
-20317440
-536983560
-417542826
-124442568
308482614
278011863
-143909533
289307936
-14368706
-112176600
392024340
222717984
-1674945
143685960
167797160
-51035666
-146992670
785930376
87733030
-71613072
450303770
-163276130
-289065910
1049720628
-228525220
-233077650
-101155728
-97431474
-77093065
-230130625
-50039496
16007553
-211916952
-8083800
1286672
-101388925
330586510
-43570020
225029985
-104766948
23111802
287433657
387829488
3158750
28819440
19482585
-37947118
83639409
-486613953
-406990176
1242633
269425
559607688
216800430
350437824
278868680
-439061489
-405398084
247311966
-447626128
729460944
19524652
326426449
-181970943
1003186503
-18861654
-2313852
-52509956
126196400
472462870
68895932
-750806933
-29007149
195239302
-4082044
-181297315
-479315176
139014260
2545897
184455392
545693225
-40325462
-22197483
-162804239
-24914820
-6044220
27459388
445916757
9002938
-276752007
230346942
-92154888
-508711251
-57424500
914679870
-24664200
284878458
99492912
-30260020
-609759188
-178437250
-95307307
-31847184
-412905328
260792688
76749627
761597501
-283186800
32312792
-436303751
173367376
-178817004
-387470976
-177370425
281753090
111190680
90525552
883364256
101385558
79329591
9993617
200341397
-672940436
72296082
460257966
-1041074190
-99415971
777478842
364353010
159509532
-62722749
311980992
-92451942
318697470
455634
-529677393
100928860
-666793439
128830636
-209375752
-77482500
-31196924
714083640
-297584
303176938
507536904
-170839000
-145594570
242226952
30309394
255871478
195524420
-408698265
-102692016
416749146
2862588
175357000
-239663000
441976587
-971477130
547699419
466526632
-405509352
-247979905
89667675
147181641
-524864245
-68875364
247194276
-139281175
332351973
204366140
711060740
570295138
-422634933
-233021703
292726240
467251840
15359247
-116190646
-891203688
59035332
-607073064
319004671
-419203323
-257714892
-404660670
339671628
-530470365
-57111576
91968232
49162059
400781144
-166280156
-762505936
129803655
604650806
587809235
663368783
-173651466
227131584
28484438
-124294880
357205734
33430320
147238965
438243702
-364002144
-98458748
210506280
757365441
139658287
-61421118
517815936
-139919948
53350325
56857864
551253108
181289298
209868276
193946034
481439210
-754446536
-21524592
30678120
-27291432
94864094
-808055615
-640272636
-381856797
-111709845
2735118
33222660
-59742432
666886325
-433011465
-306943344
-207611100
-91125645
32634936
-180750040
-620262972
78978480
111787562
101674935
-447796371
-209424784
-157312286
105218520
-170540100
171250097
103974
367085477
129938446
-103114311
509923332
77618312
-338908878
98016138
124677700
-314362646
-745301100
237588368
-9460670
4403580
-466581405
21162834
-484635180
-546567750
-676691460
-27340200
46087195
772718765
-164083392
482260849
-445421624
29461932
-112858952
-438434640
31540158
-75496940
277900400
46376701
-824715738
-178033667
315808696
-605305007
619624896
802645272
18045996
35958804
-539357504
570680832
144618140
836888250
274556175
473249800
-133412114
-253347966
-107937688
648083488
791020211
57831532
-4153360
-206774796
-274798767
250042320
484904288
87045000
-95999792
1014339
-640185174
-119439362
45292588
295187508
-175398090
-17949939
-123696957
418345620
470999815
75501075
630913348
-61191769
-354177900
-55860400
730798666
-198474470
-171873960
-892364220
16373665
330720208
-275869888
259282816
40651012
-200901790
205362928
158242845
118609920
-463831250
-641880038
235592700
467500372
-127775334
180515038
15675429
183887632
446100130
343012880
141053157
-36837288
23993184
207404393
-477332460
