1000
-305713240
624620790
198005136
-209239680
-278240256
806457630
-492885822
-331215852
-8369424
-31264987
589758639
-947328836
73240266
-222720196
-167822820
121296533
11351888
163775773
-546746240
654473960
292496165
-105831180
627691520
-88637136
180143343
-145983495
-389524926
-148181000
-456734264
-349189456
-48455283
-215317500
45262400
423617799
-783550960
62141607
-284007152
-193579230
-309856000
349285920
76227
-915463046
322488516
-312607702
987708007
95771260
726983326
9814344
-585489702
452514411
13057681
-1848272
618083930
533428272
80240874
662216256
-342864739
649407280
433590800
404324440
214304516
61151706
-771976222
-189619650
-42224691
42822405
-68361470
654800744
578203592
356143302
142908752
503665281
714305
337036920
-520081976
120382874
98350184
17699220
-434277736
335197782
668356752
90639984
-2505888
189626840
213345954
-555665374
110781888
-43276045
273786354
-34730360
189554970
119082709
135835582
-451157664
27981824
204141393
258817659
-201703884
304245864
-268129620
-497510613
-551447824
203234220
-80081608
-584900445
294428267
390125151
-446986540
-260293813
-103851008
490415936
576125775
264274605
377895750
10269882
59404740
430844706
-593929744
-771256860
798691872
-66072330
350730910
-390481110
-392713200
673260672
49881672
16251211
806092895
-334487160
112119317
325989180
-670788231
-105464300
-251498614
-127477301
-114469179
443187045
-427778379
230381740
-20274930
149332416
-429821485
662426652
570538771
465816078
-311410465
-681152544
-73241290
-164244566
-183058444
-23228304
-562001460
-272685000
528981992
308912527
44657136
954246080
456983660
15576720
767934666
42764183
109895446
-128096670
-67752608
318423258
11230163
662800501
229354647
-276591570
181501800
351643560
13610916
-41734368
-14345
-80722950
-22305812
-55414107
-205360660
865194810
-145326411
74456187
92698080
87007190
-75472
-60826064
-19133010
-137420373
280420525
112911054
-111729996
-168103838
87277140
-994009830
184859640
12348160
77746712
-255928528
24838583
-246267
-145533654
25074600
28692774
-547475404
163266096
59388588
262990060
-172984755
206846550
-338520864
6152129
321244050
856097375
-27987919
-4207564
-184965132
-370847503
406007977
150826060
443220174
111179784
-211871368
171587568
426719707
-64819620
67848690
193237398
-196056294
40890950
-105538805
-30045290
221733664
679989735
-238241875
-291359133
33183138
-342341927
54942624
44775760
-331303200
-259489692
-73091928
245395492
47262576
-98227360
-126427465
713560752
-468614560
-363709260
74017650
67349880
835044471
-163703760
216954360
-233122911
-361301850
-152449405
211299480
-112084560
3833401
211163112
274483180
-155028544
-330068628
457054794
-4637318
368724951
375742605
-784483520
86261504
-64759552
-169660322
-56304828
-128758641
-811537905
156596180
44943764
-13205646
28511304
59928525
102030348
-396186726
6731436
-294255360
-769589900
-56686036
-519891264
-518560812
-457332816
26850395
-108638846
-227586432
144531737
-338918888
-257567310
-95051456
229579560
57930383
-43774948
176773740
98940135
-631690436
608372944
6639640
7162105
339535890
346066938
2691600
-158370258
-220086360
50593491
54091557
12351865
106428046
-59302236
-8119707
-293850812
287869615
-191966841
214836956
-169789056
110636832
129825888
3347223
368851158
-621054676
22556688
-4405245
199773915
8788238
-699589696
-326266192
12035191
-182288550
-851670255
526676635
71815784
-355510607
-533695763
-6629784
116765240
13576407
-734124211
293853560
-386956368
145726680
376402595
-154639584
709227996
34522740
-593816157
88283248
-490784796
-87674202
-106493112
12813562
466728111
355846530
-771420468
-61924050
506683110
6976128
59528856
-344268870
85611832
118667780
-368711861
-519464400
-591442490
14373136
887209982
-24792633
-433443280
8794331
254015412
426982220
-41960268
-124793620
294542160
-432751770
90758100
580985942
10520160
59183500
-530539746
329990724
-215737506
346736754
132657876
-121574650
140950980
-636228054
211305554
-671258400
-14129635
4532654
196858956
142306248
-464694300
80424680
-456337872
1142647
-390127348
15206960
133647762
49703325
847433960
20071526
131489926
262300186
-35439412
-726186333
701243465
-86713618
16206740
387633609
-744089324
-482861004
34312554
-89092794
344555224
364312989
378340875
-99424000
105462390
-337379220
-489221145
-673816644
296060616
-552488790
31907118
-386220
376523136
-522099013
-301352844
-25346490
97696160
-28478863
113551848
-424742586
686788440
209258676
348984856
2224000
98776587
23428986
19580394
964451362
-489795624
-875555118
-117617511
-308509438
-578633678
495340144
266791105
73090701
414990972
-30402596
23263232
178684596
305810225
-169385601
-662210185
158794867
628098150
36195016
-24692736
589366981
-162473507
-588448945
491248632
-8835470
-216172682
-457310380
-363171576
3009600
97890870
-347702464
100917927
369742866
-253081152
214218360
172671930
203257440
-5475858
491479560
-748016714
22398096
38427858
718506288
462568360
-447533147
133884345
156509892
39996011
224509600
-337554899
241818048
308065212
-252441054
57950046
-4138542
-553250456
472643115
270815818
47046204
133492221
350928375
490336287
940644149
-76942806
-557336340
431614140
-545748632
498714150
-742148779
-615206438
596742055
117104610
-222923280
-60996096
38233053
417023139
-21861696
293609888
491752163
883397115
952025950
110476765
-235200372
-340789128
-39532179
76283550
225084420
42108240
-66108696
-58653408
63030905
465789465
237279852
398924190
491707356
654913728
47093549
297394656
-500062140
-150898248
34335840
752981364
-463648284
-781314786
19165167
-464345665
498327179
178446384
111321521
94578820
-380510892
-2989296
7738094
-33235076
46631670
188497105
-1010510684
-55607079
66363107
217492846
651023697
42443595
-96852693
150555405
15729504
-35256890
141236318
205072908
-478760288
-749401836
149634816
220978085
-352960800
37820818
29660561
298914000
319303164
146741160
700082316
-65768367
-16467563
-37754200
266469375
385703472
116381799
262823694
301398327
-482334240
-35358267
-4452024
-503801052
344460729
274730953
-20284920
-603733312
360051321
-258669900
-204684300
-111085110
241933422
370607820
-43411344
-272121108
130814838
-167132625
-30383054
-377446959
406619190
-193172364
66636576
-246973517
275018304
170454669
-86410450
99692235
-107844828
157756740
-136443624
-216685908
-256437792
-208035900
48685780
-400051630
-722910600
-672897573
687045135
-70546060
215284829
-147868674
-197501558
-25853920
280429968
-259135932
299003250
-661135112
200383002
93763513
-98693440
297680488
-64146604
-305386624
-368975650
270668880
54218307
-462990600
-311486379
84098922
-190918544
194108020
174123455
580926720
498642080
-295985508
129607200
111269515
694826649
-11234040
-82439624
65394527
-338409590
290739456
632566125
41690690
-387550176
-95202580
9679764
321979605
-53669824
-745476984
448914444
85185264
308396971
-73935045
-729702750
-378852234
400896468
-1623072
586634469
101167500
-18226488
-846338998
-87710678
43109588
-260601000
-3058216
119089360
36685427
23032438
-438174
298985940
-16704432
-500780298
-69099605
201170736
39973360
-303003131
589115907
-371517517
-577092551
-33004320
101134077
-13704705
507457795
391775696
-606674250
121150557
-2782956
-3140145
490035576
234857204
4352708
486234936
111143483
159648780
-80558070
-210994548
22388256
-13242644
-335455488
126684267
-294160610
406400614
-167204239
-420199947
-17342300
-89947317
-106010388
-99698250
771479250
-21310635
39169260
-158217552
-278058100
799706049
-117914826
379360560
-160650016
-339754365
-60825695
84851370
71874600
-386910648
-112987345
-388700426
-162980300
149764972
423245992
-190852428
-948069600
-78879480
-38273544
595112466
-150694256
110978616
632735926
28798392
68187951
-23960014
-249834855
-207869025
306814508
-661167859
335102250
-41437584
-127777650
-270249240
927702170
-95773821
-100430442
94856836
-42147954
62957295
383089287
27839240
13727131
716379237
10644256
-153322400
-242210001
542225686
333969475
-301477646
10051968
-216541253
209103720
466460368
36033676
-65942829
785758761
639472480
123955762
956751252
-313560280
-556541013
272691866
-238520670
77571548
22561200
-58357656
444363498
179337528
416072570
-497500423
-58901904
616421709
66189793
199979710
8039980
-441495015
-240450716
-19299903
167007975
-930656482
-531541752
58197339
33783850
103143454
-85364268
8840160
-63234460
-92075319
-190117800
24256416
-160112246
-129315350
-132692400
473521097
234322764
28990390
-207518220
953629012
-595965720
-314764884
234179946
-643949768
265210456
217373530
-421431579
19129929
38120460
-357741891
448567080
-240212439
8998076
-9101784
-225423000
-89219880
18348960
-71749810
-185806190
-258467776
-71711696
-64617951
514696094
-96785284
540602376
105895392
-347901003
-659217615
-717544188
459747965
497589106
10137312
-423231774
-592624538
768870900
-22697612
194384400
-118421160
579039201
525777366
-218902540
-163279341
112907782
-189966240
215805830
174378374
-227945707
-414124956
802351596
106132884
561984228
-18429462
72779232
-212555742
-214931649
391842170
62065056
-648216800
-263587928
-165853056
-2642750
-135505772
-322469710
104049624
656730366
-21610240
27870549
-3700590
327375243
158658336
-59488518
304174738
622042222
-748655745
-54650616
245038779
-627803440
222021176
-102813165
-487264356
-121107741
61562544
285298464
-234254768
600297336
65415826
-537489526
114909048
-467706886
104468718
-573858976
-1464584
-71367701
20108375
88311168
170309628
137428710
315211342
640693680
-56887284
-267670332
-239706208
228042180
-491712216
629373150
-100668040
-494574640
169445748
-120243312
522585632
118688885
143889207
1051452729
-429655512
-645805800
83177152
352045750
22370460
441260793
837166344
145626372
-41112630
-37908030
270110688
-182045798
38297936
-404580916
-261418752
533051232
-140553600
38707956
-680220147
66553572
284892210
-235563420
496822920
77200864
-166081590
325521380
106667350
-14233899
-19630522
22179696
128503416
-419905926
-657332964
366073976
251386884
272312118
-6544233
-657164784
233021684
-121243264
244689347
137860786
-2893320
-125438740
73766240
-482149704
387705088
-436330388
-284082304
-772226350
