1000
91113558
27269268
742235912
-660700710
473389280
245248107
-243176035
-163862370
409843708
-189913898
-340406610
116101687
380617182
595010736
8242184
314192113
-190344340
51439212
-8918996
-270470664
-47583120
345924616
540425781
-339243759
-19707722
-184249980
-95613274
-227624585
-745871856
119615560
-727817670
607872074
-585597920
-143236800
123374439
-105266400
624229783
-312330276
-36190179
222523154
-34524886
-320547570
133215771
422079059
-216694464
548766330
266835525
92573856
556773030
-509362920
276000075
284457745
233783000
-570685920
-48446951
768436825
-390663234
4832125
-947150727
-349273281
-34064378
-685199472
-731172352
71917792
-684443427
789264618
215286888
-65094161
-74408903
370177808
-250643478
-148149053
121603788
-183160978
321476736
215584200
414220488
-306114950
-23532912
-82675866
-150245550
873046451
435305244
-372150982
-323367058
29325023
-47301408
890805384
-674947700
12491400
703065685
-613970166
-324719556
508121047
-241272730
32689935
197346453
57655398
488172612
25448126
89630590
-265478466
-342437976
457464125
-643114175
-177274484
263456324
144923674
-65201460
337072449
566484480
-635025582
-19394628
16034240
-24513155
-246878840
295655616
189957304
227498910
-87919788
-275085576
-43517586
-32868423
-101752956
168298848
-18129579
-598465100
147228486
-542608536
54260928
-180863400
855770966
-290833290
-122999771
176117841
-76237267
104117402
8303320
143971056
645128800
-125664
338582160
-140479898
671672220
294190416
-9512208
557500640
359508999
-283319256
199324395
1941300
-383087358
-67425111
316819072
447501232
-457794848
-98567812
-8342440
-593534508
-79696575
-169192215
-13497879
-300507858
88484742
-79194736
-198277001
103652352
526658008
-50098950
-60554208
454496000
17442849
-533624115
-24743303
-90660492
117534495
-90937374
408020325
-400631040
-19686405
-206565252
711287640
-90399090
227024375
-51146165
806003011
-116911520
-570104808
31048704
103070700
-60677656
431842944
35173398
-98393213
76268874
51233856
-370323510
222474534
-91802613
384379750
99389451
340382449
132318112
709702329
-6591846
-274903370
321807621
250441812
-30163671
191157543
323730360
321221933
-11646342
-29080152
39479967
612325483
-323904796
111740811
235203976
-11357224
-193720736
120837525
823771234
-33517121
-523260
-84640608
-139731291
-2553245
-434607328
-601808850
48451626
-11378604
-565140759
-657176772
76902264
632358696
13607121
-56002380
161867376
678723876
49143510
225614900
151802728
85587117
229027140
26125983
-120037620
12433429
-437039860
-512455328
-335512260
-571190850
-185746809
67175220
-486405000
-346841265
-44419920
28181322
418523490
-17947595
470306414
-325471146
-421284744
-99666498
72360332
-697047570
84944466
997580264
-291244104
-190467552
53206935
-135084174
-99129975
-275049984
-621227610
-479959784
-291255432
293794270
785269926
266883830
844597453
362015810
684072350
683111646
-215295704
-714710517
420606088
775385751
456279976
-623257356
-939815760
388295519
-431025362
-490480786
559849350
-104893510
-854467465
19868700
73581860
100927288
108810552
299673990
89723985
569525448
-575613304
-19578215
303137794
-784358565
229779633
237216700
-1346625
85559424
-65081224
523466632
-622555232
150660360
-234092112
-263116308
-61496384
17662608
-33212088
-501432288
-36218952
927255868
59918100
-591555258
368252560
213146666
-531877760
-27798520
-350436240
-11662898
827193172
220927212
28417788
-585261933
272396740
-208208272
-182620278
-46306179
-320025232
-542124280
-49645278
83635996
-51358482
197053434
-446837017
280902464
170313240
391259565
224580195
-211853640
-436508609
-201490752
162351094
-135802152
116371552
908529875
-170516061
-530460
-91090300
-513357390
17139957
-40646223
537894540
-82284384
300373503
194328042
-189498652
80735336
625126815
275831479
-41671344
479187930
252708188
296076354
172241771
-404783616
-90279536
-301342356
-256411935
-78807091
287627415
-400363328
102457698
44474676
-260654030
23181498
-2079612
-773034075
-678691888
-164490405
229224080
-729360788
480369940
795999165
416471096
-74533500
-258925
384272663
-471411864
-81409380
185267265
12457632
-512945584
271042772
102245936
340996392
32673480
-812864
-236251950
-50799320
657634780
245499342
-6622317
15039735
-93363606
-226965762
607056565
79837791
146962515
-407879424
-950544023
340771274
12001584
112847098
-21700065
12630288
117992504
75667584
382735952
24506459
143970728
-106344940
-321915682
111029193
-378638298
211613184
136897278
67261744
311989050
-575344920
-1007486181
11041332
19647992
802187346
-742552832
-755422094
280216936
-341685576
-489559872
-82498815
41297200
-107292276
-68897785
52798805
-254328288
-35150232
51981332
-218597480
-90726006
-63481204
-301898975
69911265
-94181360
-415567120
6746320
45330010
277972130
882906288
-177570770
-155912572
-251675248
27581100
103107030
19401600
366278601
103227735
-13624280
172507308
314435632
374340408
-390382682
33254652
-172941587
24115845
66341920
20811688
81546946
-650972476
-7898718
-184195352
483850842
-166503051
403213065
-229446298
277440444
214903304
-321786602
-16142076
-65477066
-219631538
-142898288
-116340441
328452580
-29147894
247030560
-257937185
2355248
-674135544
584694510
877441940
566178573
-835692256
257294844
-410016585
583417662
-8699106
80302831
10182146
14655456
231873606
1030560
59105625
236116325
-83294265
-304045354
-86906156
769886726
-94806096
241283133
-266689279
272793984
263419020
310345124
126423785
-3458395
-288651393
-379308072
209556491
-52103664
432699566
194970174
334539156
583813554
-766893418
34122930
978356819
-283247700
43260157
-776847525
-50730656
-304440150
-31034300
113112936
-18031663
-506000374
-25669223
-196607502
277631280
415538550
-58382808
833274924
-143715132
-1475531
582648981
-195473398
424272145
-56636928
-396241355
620544240
-145068808
390450042
569416750
-5315652
115354725
-295440250
-31429140
208948069
-5720599
-472348426
436505770
507803750
285251611
160097857
-235188576
-8232896
92609297
-834140742
364337688
-122911950
58870
14385531
206860173
-426217016
89700064
-162827276
123661153
56009282
-770095206
-632436100
289508640
-70413413
-764281440
-557968620
79471412
6383951
885000373
-17143764
499191624
593782490
661528530
-87022768
-861809200
-225257150
-500319820
399863248
-503439660
-216192207
-496081692
180249370
-147708827
-249292520
-346396700
-67491450
-17657159
-296182155
45151600
-424818900
-139206960
-938375288
-53155452
-211211328
205452160
97126288
159979390
-22325352
391884600
-67821516
466010838
-38586240
398501853
206310570
-648974304
-118702500
-99239747
-237746409
311010512
-659158194
530029150
713559084
133075240
512388998
-665688128
-24075090
-25442982
-422811108
-35960232
-322793700
154723032
408628946
451426976
-910165200
213389950
-302662336
484894495
18655250
-655804380
47851164
-110530103
181716760
27991964
77975750
226333590
-232065626
-23615127
117374112
-619358844
119081925
451806392
111426758
-122278290
-195590661
-338009846
-2813665
-363290808
-345453430
700976055
-514361040
-6436638
-347458738
22458309
-343166094
-137227020
191984100
36893496
445284552
-1163316
-825610695
1055871650
-5779308
345387920
-362944160
-107542368
-422836036
355466460
36282428
451963478
-111901119
224895840
6940309
-28615179
270387287
-112904480
-108130455
40744326
-306817533
-155209788
346759380
10690860
137914818
51248890
-232990450
-526572258
150119548
-407107595
1089997
575040114
-300419160
399211204
4532336
-40180926
-546646947
174588660
-780824772
-129129102
711625350
-37058000
-337101030
-42256022
199943362
-22200480
208937171
114899382
-2141430
410149780
88838745
-9726480
131164143
197840280
123684340
535348390
408151096
-353267730
21621300
-108970901
-312623451
185585046
354878656
94231410
117286164
435129310
-680884230
-674688304
308570465
270968722
-312306564
-512588340
-292233150
-586093852
107293725
-45556560
131526784
-66036670
480894912
-374291703
142471080
-115661984
561179553
387853648
615997809
27076520
-93585488
286760376
255233330
-467919828
42480312
-548662254
-441838840
270739620
188354380
-180779330
-109588504
62145960
1034378800
108684653
-228507547
-348098040
-598996198
-264152041
508700775
-567078470
-74922444
853070414
621721089
554417658
375453974
-199989216
117015808
333779866
-250799360
-511038150
497264967
319855500
241118982
343716120
-188868735
92679444
345345924
665736470
-54536394
95174856
-19367439
60212198
16508200
-234322608
270792264
-770973120
83601752
104825689
-229402484
59382860
-23262960
97489216
424495185
33125222
42880568
968066632
-153241272
360863105
-465883252
-848700
53779725
-333967074
-78711480
59000625
79037538
97406388
-173588485
-235638904
78516756
-48564960
324279550
-146198164
-680734427
-211459815
-7287792
419620740
-224542825
-453692868
40500188
9959339
-104962464
257610850
578186264
-220833756
-76601116
-27594756
-245279664
-23894042
-33371136
626633760
-52191344
-24562113
-169982340
417257510
363930924
-207005700
-155514755
11783100
-235777944
154334403
255946352
-843921531
320650515
-135674630
948452709
135598335
-750829696
274260817
630837472
60626430
617802899
26091654
379429092
600071364
740335171
-104212416
114703352
-151332522
-11686500
213941427
79460986
-30479374
-541604000
-485865165
261965052
-4980096
-8960240
70469612
-167150916
42887880
400233419
-197657064
-480462811
395901625
-368570106
114078562
-53381700
338587214
-376336944
-37288740
-32773508
-143915712
124463304
484652352
-32508630
316191312
116502480
150981544
-665052500
-19622412
-839951766
-29346775
-113284248
246020683
110227966
-781156064
-380519880
-31904078
-263386164
-163076748
-729706812
417576675
89360544
-29391499
-178535600
-534720521
-479564949
-998937472
79170270
3646350
-69199264
787937715
51391476
-251763968
-968444204
-162662115
194595534
-299940900
-10027520
-324221160
17754624
-242854913
158510058
25173698
577264857
-713813478
-48844680
-847458303
302717025
-308183044
5160096
-272590011
-284472560
-244557280
8603708
-191081800
-44402974
470066212
109714584
46547718
-188915040
12916816
-824274178
516843570
34506614
-102561719
13629248
36002960
-160165866
-12266421
-750463344
887396748
-322978242
-116296587
4572490
-680948688
50698486
-9360816
