1000
206495010
494575173
-213191454
-65748182
-173057474
-104138718
849020130
52985777
236647887
-268082745
-636332762
-181721534
-51327612
-115625160
122241383
-91731976
-299954032
-40161679
91438732
-173830305
56092592
-97803264
-24696376
-370675580
-402355026
322115617
393039000
15851803
-313316848
354400496
-600255932
822624440
-265120842
-82315842
113510992
595826385
951366668
244360054
162959167
486671724
-445886325
477397800
-141405782
178010236
-16855909
212289251
-92576166
-540250293
-190422276
141841923
-168830968
74283616
-284097324
709321382
-96099560
-349690450
-29943160
-274182822
-166549320
-43337260
-179516340
136760000
60727154
456116905
-159100326
75345603
-443762064
15931584
-219331519
-207515913
-303574500
-44177676
375559272
768810588
7964892
-479426448
186282837
-147514506
-426466642
-221923296
-532621866
272812686
-763468050
-290009160
110284629
-341899796
181227776
150155588
45233906
546501984
-433048946
351518744
787989270
145333272
893777850
-33840983
-391683994
180689071
-166257000
257940820
175524744
-478449396
17601066
-369689216
21496335
1020176320
-768553019
453931263
-238045764
-352426680
225093732
-329985936
552276348
9961509
-108799728
245117576
142271538
-516591270
-3822990
-2851800
-10019328
174370131
428331169
-84509820
431086782
-11750580
456433500
-581233250
-589305000
-647168
730973947
-427361041
155612610
-562191040
-717137340
225112272
359601614
-83827753
223707428
22590945
258898442
-556473470
-279834280
-79781760
182439774
-375660290
-136644182
-184703326
304492215
12571680
378264454
174480860
-502642387
247394810
823647192
352613820
-771291510
28811072
80681235
1064120
33208770
2074952
24041160
-116903455
80332494
481588605
10293108
120598372
60143595
-76401283
-63632127
-55601124
115959471
-419480100
316507393
-778710228
39658737
-516997680
-777476850
552231779
478156861
30971800
42483036
-61684091
442052310
-56947620
-389816958
-581156608
-622398414
230520445
13647852
155493422
204351293
59555154
30927420
-447848491
-371315520
-58545305
267847335
-652370130
217745
-305445672
-223926714
255826305
-303358458
307035168
-611195804
-358836465
-176894982
-467126394
247362516
124089936
-26717219
105626305
-436133796
-443816243
-199912878
585758844
342074068
57351974
134369760
162881250
53560282
-153142200
70361499
110210958
5403774
-4778960
35666928
3655560
-74151717
-167788470
-538118602
81614466
50669176
-66085902
411813718
-429867000
715950774
237068993
13514925
-755518230
-169467561
-426663440
424892288
-80818342
-140520240
366810496
-112592768
243889657
82321048
-67405600
230387216
510466178
-177558317
-236136960
-432014694
-645557750
398399562
235328732
-95661390
36425832
-75622052
-52666986
332706367
-77386669
-102725724
41984760
253179208
-443093037
197043718
22074108
-58584150
105868455
368429318
274660656
-642218808
177022875
-95771160
-253269114
858105650
-158619141
-31609440
415112711
-70046328
-202853976
-144246077
-92480886
-114641280
1362636
-5678010
334696980
824494632
-924558338
-427885302
-777946434
-4217690
-92574060
209332500
207146007
-85063104
-9858750
276184277
7192836
217843166
82139025
-462799220
60210150
-724462239
196749590
-235078611
443100240
-92506388
810644670
-122685516
-271716515
-143249036
-37939308
94213531
-432932996
-406609290
21119076
-101065979
410139254
461704815
-308740125
-21088480
252042714
331200627
-219957628
-76334130
-554076516
287272440
50489348
399646592
42400704
-569579920
94964800
53896122
-42972462
-4041100
-331830942
-317071352
109222025
-824038025
-42209184
439317754
653542
-91896160
-25001226
-148985838
-405082279
318289800
-249273125
-420426950
-485440462
219994008
-599356992
811921360
-251217608
-186628530
796085250
-52631630
732714822
-152882514
-444236940
41193690
-89828316
121184262
-9132075
-755728704
-277149516
-21423383
-229887342
17974304
-47902560
89473485
295973706
-457636500
72793812
7388087
-45221664
-56957778
-260580133
14489648
139350611
-180051885
129660027
-467233650
5000069
480618600
54017920
312545870
-36306325
146350812
749655840
-410068472
-533958208
201557496
-475415276
-35220559
99787458
27342441
465048482
58443420
21476808
248504949
-124686059
186878389
893168064
86037420
-711527334
-314813928
82798837
493261200
-160824950
212005131
-95739888
-362557221
87994816
-1572600
361116162
-3281428
-196299664
682944669
-752921664
-170269177
-289761176
-306899472
-266204250
-113329150
-6651869
-243312984
83028600
-264144743
353559960
266854458
-62980552
-232322118
158583854
12939300
28202500
-420047462
401676885
88027876
-100453545
689510118
-7682827
-1459304
29144667
375424280
-356529516
20950956
-103785292
73218132
-5609700
16264096
6780114
196395846
799522755
-389200682
-400018058
833580
-478777500
-489685581
-380814350
512781957
370642953
86723460
70178160
114310422
-602960472
-106573038
348272600
2477596
428752852
158612333
968088600
81360936
-133220280
-36387575
27427336
814490190
526684832
314464788
336729153
-435580408
-566451466
82707625
-439239064
-9882805
369042966
249970770
194463776
-220094838
136302485
113368164
62085800
-11731357
697251100
-131821678
-181935710
-829641728
136024070
107229655
136929560
-183551712
101414016
-148350609
75940480
468426487
29144865
-80966196
169390947
87006
-24697942
-386797087
-71886570
201642441
-160573376
282660942
-261385110
-422179810
371820728
-535357145
-10337595
891168676
328186320
224011971
-36148770
191454754
109806224
-270300
542172085
-93298740
585308220
135777096
-491389457
-133941258
-420863203
-20413120
-270455084
581617760
206518410
-195346048
52767000
261043200
-278478273
-331675520
-439819919
472559525
157406738
510244462
-220960656
10859944
-333449735
351946485
-41134548
-37970048
38521608
220152240
110435040
16735337
-573171144
-174392622
38654226
366553564
75493453
-159686604
-585955890
-751864080
-305074185
297045322
134740704
470240020
-332674144
-2682375
126021888
105911253
274877952
-38322944
-525595176
-131437250
236778953
-178547242
538402392
454795702
-16950529
85091218
-194290425
355191024
637009452
532635754
26485120
265543208
-255732366
-577497978
-437502912
161318605
11277332
-420581427
-485685790
409877595
-441067761
-220633420
-56629935
-192804654
-215489647
-469479120
-87893760
-42627318
-106567164
239449604
162457894
-635558390
-123504830
-482229305
-59200277
-103685556
-15054585
79086828
15806669
146306237
1586088
111520797
90847104
145733840
133114176
588540384
54354564
45713052
447407030
-258299180
-131860656
119452440
-224430297
433709652
-85500741
-272993666
771642710
3387930
-471045058
-193756446
-302861916
-111627585
-27275742
-23358704
-13386600
369536116
-606690200
271951604
-332025690
275539704
-70687372
145270536
111501387
182260875
-646454070
13910584
1854528
-490071708
-1041839274
326265990
281633359
685342320
-157986884
-369627232
576324900
-225074028
-492472864
209065727
76507602
90235464
-82792008
67718201
32129091
124005630
-880203170
29127716
135173576
-495097218
626562618
25507896
-91468143
290423203
188731920
85129063
382588050
-339600168
80119312
-36482096
547822885
54699051
-551756760
115527684
160341310
100500950
47886926
646447568
45530368
-94317000
214203157
13460265
-879178860
-475984284
63920553
-69393696
-3295418
-787057500
-189123707
509025144
48443979
-8645360
-19573338
-15823360
-202188210
-567004662
306054400
101894219
43840523
-395838600
-328058496
-355041730
526905245
290058720
-144399116
-945313245
43918335
639035670
-598647642
-185874156
9714155
-443903239
-92780961
-657587280
-86351088
696139290
-604608722
41578350
163602792
-942090075
-495889667
-205792146
-299538932
19079100
-310880526
-514724427
-9981880
135830626
112190259
-106969595
35484032
1963400
75792243
6230385
61597800
192370944
464131740
87234048
93586604
-23068152
572110188
24977766
954616
-393385907
-184963467
71867950
500824440
672105
-102275936
-18159568
203057998
-255392592
782581548
-41958735
139869120
-131445072
-48580335
-72144748
-118605160
259292715
-161286268
-143539629
-195997857
-386401411
268891084
-135586773
-147934748
226313200
-142165946
-927847083
-118017432
-19140420
-408619029
59893704
-145660624
128584254
-988961118
116880666
-1803708
-666199485
-160429102
-220938705
-188871936
4685127
86158000
24666224
-59454684
186081430
387431659
-715978718
-386599138
130087212
445896940
24187130
-475578905
-35812073
-189464302
67417264
-255304500
-835717892
-254773002
27883608
-426324528
109705744
-197893036
-455356208
-36584680
-31956328
-156024864
14577720
527374794
257706912
82028244
249053748
344567976
-491898348
-7072270
151906729
-780556520
202187037
-81891500
-173803104
-206768700
821762711
150886642
-97947073
79261331
573012940
255107304
-228183920
162834100
776625912
-220119158
-122943383
109006290
-81895392
170785890
-612572120
-356043600
313587005
43405436
628917258
-134817711
139796264
-477120094
-35308504
267153726
179319855
595977120
-6037056
-90221175
42144704
-243043652
150770106
-110572560
106281860
15938712
120998468
242241888
-430524995
485320686
-5644296
367090827
-199324440
-28912912
237096704
57777450
-744246021
-240212394
-131328522
-222146186
-673174110
-29406108
79192456
86783620
-59887124
313420482
32649696
879676128
-474114768
541482876
111172357
101047786
132007870
-162469600
48801116
645537620
-86954836
-107875806
399849996
-301567674
-21357864
-2061805
197332026
-42016
-340574788
368120
182267000
-76807142
-18242292
-364592704
6487173
123606166
-264524736
-105684480
-184397026
-218862852
342945111
69608172
-32368469
-689481678
-292159500
-27389600
292721920
-164819760
-314050719
551082960
-48898304
221655078
257617536
22278702
-274670592
-106346664
102159540
-493586385
-226398966
722435727
455528409
-321719228
134952176
-55063232
752072012
-646173909
47618192
566897455
-10279860
-450366840
-506656050
121178704
349799598
-106859960
-307232275
-551913065
-629736320
-560193350
108659460
557565057
569254296
784701260
574908624
-250504813
-813901770
-59678575
-280633996
566734707
200268424
-352683645
120509160
522563910
-10485700
-165605551
363356210
57493685
291719502
899547642
-608982105
-105127688
537248630
71189580
121208032
-420537040
-265078386
-39761030
560646970
-92765268
-358783493
-264822976
519519560
36330849
