1000
-295367490
-1290600
211330400
136309109
55167710
-489007750
-216723990
-779140375
-14882056
101329113
-580082776
-516277880
484500940
-583387200
-214142800
-188367223
-90081225
-169871490
-89604096
-730472400
-332239920
-461464094
143157518
471138432
278211310
-7143661
460634468
158676888
-537086340
-620874500
938740494
-33025408
-772107390
812746350
640386272
-65214282
207997470
-13142855
-331314048
-37885995
226305828
61693940
-272990250
130283260
-214981236
51676464
1245952
-499234645
123740840
-535749409
-460137060
-667857686
-3573045
-123895485
-2189187
324632273
86162304
125885740
374022360
125764458
-327878068
315521379
-34670385
163456667
-98470420
-5159984
-487931220
-281127317
-21448870
18184900
60489471
-23341590
-94649742
-49766594
-213136000
16145440
345903848
-731981280
-489493505
287620263
-175455410
241789212
-47556232
43996458
72356550
-71552250
-76843104
-434388136
604004136
-294716485
57262086
-37767458
291956896
25151118
190259255
799454592
141022596
-29662928
-20628794
116098680
61668006
56926418
7251532
-4723004
-439304226
-425514050
63710187
638912
213144736
-42961800
-600901380
-30564436
-520475900
-166279395
-43393928
736223292
-522202120
-727620840
153376470
82562905
145288300
-631326150
37612554
90943206
111678840
-437924742
96233508
-190799356
-157108216
-653662172
586560632
651206912
-5310300
-573825252
-39736515
256110374
-491481000
-207831540
774124668
354366840
469313390
-118377945
272931255
98961400
175772626
48407620
-42599813
544011930
-119299128
7894120
243725424
-109348428
-182338371
149818980
128527524
-423461911
32801079
252505148
-56930560
-358775316
209910644
20864202
81120988
511138551
-1153950
-35161280
263430762
-345855538
-594258851
346776417
354943785
955008507
34601194
-92908998
715447236
-208544571
119476812
104643000
859286680
-273857526
203711175
378371436
-221321496
-300825
168290242
-577680552
-353970362
155790030
-50828643
-413390256
-832423190
596078412
69925778
-423257230
-28001742
-13693319
-227318208
143260215
504681348
442445440
68451630
-87245235
748307960
104021346
-97986867
587092856
23700600
242082397
109818628
-130450124
42002631
-88414920
-82966609
-25871106
-84714448
208565609
-462916532
20823610
-716456755
-763452542
90841152
374585513
-226888681
716983240
-78387024
-289325052
89641085
-532656480
-12913648
-138111688
201036986
-39005256
-42350847
-67037148
214959522
49565711
339058546
180885423
334501150
-237096250
-54151560
22746215
-394051545
-366831212
620081712
220167849
30579276
341001855
-69257552
376281906
21602784
166492084
-135516630
-466026285
-38054968
-120881192
141003708
815592213
149046515
-311088750
-51428174
152023736
196544274
523826750
433604774
-150982494
-860982906
73914120
196394496
-32277250
453512049
679500714
-81358773
464150450
-41862436
-112662225
333302750
75027600
-631300908
317438088
89286758
-516361454
-23093322
715552500
-117285140
-72262008
16753050
-100110324
24375539
-462117392
-25138031
-364462208
137426145
297756030
651465744
-9040932
114428700
9239792
-21008988
-322584906
-292515921
960747996
-147446992
-179515794
-417124920
169780596
-150040048
-598853892
231388295
91473530
-150444931
429960253
-398264004
471193197
38378556
-181778146
246938994
37336806
556800442
93280608
-7397685
629708960
-692282022
-21273798
-381169446
-132311457
6141156
-492932873
-85431422
198730672
262309575
-291914292
-934732896
108095928
254853
-43580838
221870818
-110161782
79100820
-232297884
132112248
-311309670
372472128
-495045950
-967493892
810878068
-357740698
908473328
-242704128
-666717655
-179279136
168640388
102873246
-764707797
342398784
-72279270
-1811894
230931568
-645206790
352474655
274277223
148278600
403331144
-672084109
-731575280
97442657
486113952
36653088
48188256
-121665287
1021444835
-434528510
-229735634
-114375040
80041242
-942005584
567938709
-627330744
-10645052
378641970
-166750695
726830962
249796383
33910308
521967744
-342136025
-300096180
176754123
-125478470
-404427340
271194986
-559620144
176250897
-464368203
363940668
1026630
146744900
-149007069
930628248
112472217
555519998
-306775224
-255901620
-41525925
443161729
-92056712
754455846
-22966968
-194861862
652505952
186238855
-81323677
81419830
274891722
-4973596
202585794
-88724077
-345289941
-258550101
70686149
-301832046
347211472
-110833308
293517249
-452194050
192128640
-35008720
57184815
-500052336
-269701920
-183116570
271787364
971604252
6788011
-762704256
198287258
-14049861
328516396
279961575
-22150389
-752814513
-594456350
-182159550
-244536560
-627344522
313830314
-17069910
27115317
-640143896
-373631369
99468270
354946610
-88563300
129220184
496717526
65770840
182788983
46723004
-26077788
-396474278
217472192
206262666
308085378
150759714
-153923478
-906437280
-501549060
54859792
328455170
34162416
384684047
-358738035
223592824
-303210895
608830461
229683272
398991824
-28356608
437841700
105490872
-280896460
-248134165
700334385
219044232
792178272
-363625344
-31760540
-21084030
294252675
34067370
1232640
775091448
102035508
212515300
98075901
160274785
886030000
122202648
3852246
142687296
19679248
-81772998
-404741902
-97481992
-437308086
954761535
-40340160
32192552
449283887
244382046
157973031
357133326
646851528
316779894
-229737465
-103329298
-375890905
511346808
-90766101
53182940
-62114192
-20885843
483459870
387489600
819671934
322992720
499064260
752423794
-103718490
-421276002
216333043
-810995892
143672352
12473820
-622730030
-462430329
-657185184
-36751283
-150596192
104780676
837017304
-7321198
541349010
37004058
-153646077
18522983
48766728
-101772272
112966987
-584426744
-709032887
-19422180
-84973938
-4495479
7415843
-389845423
39861810
68014309
235931436
-58098600
-415374855
298001825
-248047916
-5292576
-568614672
436053540
550652395
267317985
87045668
-457561363
168258060
-397230300
539693685
-386877673
276875260
862667456
-456536178
588652587
-551818869
157799166
380062044
-386800632
-589631416
-233904440
-75690784
-43339791
-335526719
348094992
420407076
310419846
70111713
-77477829
-10137864
-686738500
-25826100
28409140
45256140
-108859544
-153923084
153634124
-236925895
-202405320
-248675259
-56365734
-104958243
381524256
351943410
-102673457
6809760
-848086140
150611810
-301101983
284714996
-591776456
-359768032
281794600
-8261247
-587242866
-57163964
-292550514
-372412688
284150168
62145776
45911844
-439233990
-358217115
407228661
-66202970
-22037940
-545763743
115015384
175717425
97025500
8281344
738436068
-17689329
123561025
-1334151
-566401200
-377704762
4155140
207490626
299678350
-262427307
124260832
353599155
-40932342
-618478934
-244872444
93374676
31880464
129899588
63218907
-143456313
-184731960
-70958790
-50972278
359483269
-97272224
-21997320
229072341
-58134585
253116583
8049188
340214522
-59766784
-6413488
-477160344
-106350272
195692575
7592832
601857312
252625199
88334496
684241600
429172380
-119029460
-873617012
-5576484
304278965
-70292134
29355689
184013675
-634554
-489814870
-175998796
792487437
407702922
-261942018
-52095112
-7711160
614475788
10527872
-435133955
-133906515
-398101617
419395389
-64792665
-41203360
-93523932
-914135070
64518136
627196216
173006536
-29979360
160251832
758420
-181411545
-344546400
-2588340
104352534
-510726600
473716188
270601532
30232419
60851715
-350647136
-188405234
-4474648
-336982870
-154246078
8195121
1592938
-516570808
18667411
45898116
-317194925
-121257088
109698336
490843584
500790114
-183092910
32924601
228329424
80367636
-736916313
-347930622
-8225937
265309325
57366162
-353878335
-67604592
-139066326
210368976
494355258
-592993370
433641684
-109365450
-57000520
-331717938
26147286
261161650
-698645139
-106951110
118046516
6951612
338589552
-252033423
-216245145
848225955
-333059160
-14267123
312664320
-213227787
-569685552
162793470
-127983372
-71141616
-115390872
-60657219
-116388948
-670834515
386539840
-390751620
394379240
-32743851
213657375
-310421616
64002624
110376024
362280960
491781690
-348325810
-90919800
-11885412
281905400
370374750
-68928060
-428746746
-158328000
-17490601
297146475
-10562627
-103365049
896681709
6805707
-520243680
-944509008
106418039
197681000
232089900
-789388146
-278055539
108183040
69465600
13739400
-69586825
24687400
-531056235
-57663576
-635924337
-109495152
8747104
-9393864
-134106285
-712514820
-21302166
-615484800
618735600
221935074
173962326
-145450434
-455908635
226401037
-46271745
-230391000
366426236
439226932
155359600
-419760
243802933
94104150
197867415
-470434910
242186518
-123994152
31082628
392078436
-78935639
-478979680
393793848
-76841997
99789768
-8004644
-97606539
-331286722
65997765
154830715
-236503260
-268718688
398088944
-836221696
-425682421
-7884552
126360114
151441660
221749542
146233452
67213308
12224653
-595784880
-474485472
3304026
12566532
285418602
-79632620
110574432
908522208
-662250525
-3834444
541945250
-408756000
-313537510
284306995
-134654595
87846752
981331359
-132063900
328788387
-179972892
-490378235
-378638895
-579978630
2659098
-662533058
317451818
-68234271
-594273668
13429884
-57166350
-51809184
-62054544
-365574482
-138237984
568365489
113621566
-231432648
175327424
83216357
-9935276
-315983619
518310390
461171256
102863961
350239798
32094186
443894175
-205592580
463497894
165575709
502600098
46539690
-397905770
432246035
-72866412
-149670558
-60477650
255882240
15476640
92199772
74296400
-79639516
-44956881
-420200674
274555580
204517632
693463724
-475594336
-154360830
-806989898
-277670869
82656084
584606268
100008430
851899299
73428264
-505305117
15464500
-7547190
-472372050
12123969
-316160900
-5826555
316955870
-131605881
757473687
-37793539
-459879732
-40980276
1287750
-80163114
-436914253
-148731961
476175000
-51529440
386479632
120831576
-958929756
49580160
338942208
25072440
463060887
-15852088
-129158400
225866004
-57084412
320165516
-31153656
130622106
-517998
251524847
158424420
294201768
102115736
-233566725
-116336236
1003757749
240084507
-317186100
553143885
418783920
418167974
217462436
409424328
-22398246
-89766144
-506092212
789605355
-345715332
-364540148
-211228920
-206272312
-315580146
-302232896
418633281
-617163645
374582065
-356963384
-841974986
-273569835
