1000
107365440
-6800323
-173677722
-85891176
-99043613
203629062
181254814
273475188
-68582250
-9816367
16934920
-97243201
-343424600
-286644272
-567398256
-411471620
-991204217
893970585
-609608052
615952195
131653035
514634274
-951295482
401361200
-376410476
780668667
79973320
-653357600
209795166
33283476
160872156
-145543885
381568384
-836323002
352271339
149069900
177707884
-334736934
-139650104
766970754
-647319883
56425690
-868228240
190176558
12642296
606558640
-150770356
115536368
-158859508
-83007420
-25128462
281139762
225056880
-9662599
-730188208
129974325
-169109892
849345752
-87433771
-410926404
-78752775
82449194
145345512
281561000
55401615
105665646
590870400
488076978
-257768875
-163135147
-13413117
-691801569
-603259272
28681000
-307021105
-256254220
-11767536
-344431006
-648225280
838034082
263146290
-149735580
-35651981
-26565020
10441389
108898376
-201871315
94323446
-16381610
118201945
-27256581
-29203798
51009532
29278700
-65045657
-104861160
-86473769
-134592004
-289034112
468886650
-212544981
-467167404
148596444
-531020315
113972963
506888235
732788336
366775208
41200782
149443476
-5977147
148824720
-817738326
35989679
-206461875
-204547233
-407008602
-15617248
-172443713
45909990
-320127472
541887900
-315887613
-440121829
-4488330
296049455
-609843384
476346774
-215271621
-116746785
127254528
891394427
189491616
482612806
-15225561
398126376
-527625109
-399467540
711611871
-302109475
-425508
-122060315
-91650944
638679919
-1409881
-654144840
254633490
-157764175
455366192
-113194860
-80634744
46413798
-568771511
-248194940
148588580
-57314253
-609402740
355697545
-702502200
-312591240
-83169104
-101277540
-720252316
169413156
295090230
-11626090
-29820560
461746141
278608104
82799680
955221693
-608934597
-41786298
-243303024
438521302
-627939376
1614580
186360892
479826192
-38460028
-163189080
-247894850
646846634
210470540
-520381764
-22932771
-136329648
238385340
-181905630
-305909492
347970450
-108467694
365602425
46159740
16704688
203033502
563928397
-362270722
30356424
-28154322
385452516
38588449
-187083963
59461430
-821818524
460016433
-594387365
-559801268
-57334131
-766508880
540476594
209665660
294500000
178683876
335466810
-75790176
-48207370
-23965914
-128678704
614495238
-486789808
263411379
-224363142
641847312
420598192
104065424
52836784
25667642
-1044352266
-163265713
125254128
598229972
-201208128
648586224
-28956483
-188306701
269393664
-4624230
969446514
-31561656
-147517448
-519219630
2764130
678160948
3820268
-372596943
-426602565
-60503646
-69577886
-173369160
-322732890
-863634174
97948050
-694518204
253450305
-652011098
33359200
2662550
-591679968
-809412670
357038360
-42995410
114486000
-137191040
190749262
-590658630
434415800
-66173090
-187551760
-13132170
-303677270
-220108724
57599451
-487162416
101835412
312800157
587841912
-105637684
782722602
267680556
-22241461
-922682208
393899373
-32909008
-469378920
-7692948
-374285310
831427584
-236711046
-370567782
424779808
-124013610
-354581010
153212276
668266680
514571984
75156915
-509806788
-356686200
18351600
237371190
-412642428
413483624
-545162407
111479246
-9351726
-344935614
117676440
489106626
-187055000
-179128200
36026234
-667157064
68196817
976066626
268683051
529670388
34872968
-339490739
483137600
-129569960
359000021
-803777520
-38247522
-79032180
-503718732
28035370
-392619219
-667965204
-203050992
75994094
507122967
-173904165
236944620
372810402
-272388688
725223396
-46944079
-138826233
-188913786
-118026376
631917348
713917622
-248497753
-203300154
-332276925
-849149374
265552632
215399484
-100853364
165268214
-360553800
4338152
316992080
1210525
6167344
-40624470
-266800
-126550565
389135744
-325064016
-230395503
-719434248
822995955
-38636268
-217183658
773814852
-218309666
-698691348
12874230
186172305
-137105642
326652794
-5061312
186463824
-165632090
-1006304820
732402105
-177600150
-10052479
-266737692
123115023
50369607
390008748
-4540561
35873124
955009464
664788500
-577869267
-22254180
-291688110
-235822793
-744180
-798495831
-45023388
-44802876
-12670636
-360820692
55263010
-23344420
395794560
627033952
-362402212
210357306
79871220
295514622
349323975
375825933
-717851464
-374226109
-177062832
159959288
552498606
502526552
290564540
-10897219
-2553463
-512710836
-112952105
-12647677
-86492989
883794189
279592880
602972025
-543049320
69982035
359018316
-102399137
-277213360
-14957040
722608380
-120802353
493114940
616331898
-85107253
191962890
-357228512
247880160
490327114
204072783
-298160393
-50869458
727261062
-224000160
656203248
16472110
-101263470
-184471874
-257458740
6469552
-304198020
-18605515
4656000
-119874950
-146886705
254845664
-441281808
-147614268
212759170
-113243904
923134680
-231857900
82440283
24245802
-121238628
-205347744
665647680
-7584955
-1885632
763769432
585875680
284818854
13669312
186762716
-182641690
-476389692
-29088400
-777165837
-130040050
8036800
-33525177
32187012
-49025826
76490226
-292327056
487741032
834845268
-35575385
-336175705
105757984
215365344
-153655392
-115289376
591619780
61027893
190687500
-838606554
320479332
56391570
-485043916
-20334978
-267161622
211652440
178086042
-351456894
-234047088
-546346134
103865041
146703375
120469484
71852048
-169300341
-653812684
-621924024
-201536104
-585077759
-788927579
58767450
66355704
-46740972
29997231
-446751789
-425894080
-36934976
87597957
-853416962
-116515008
-164823512
-21827542
477502320
-216997290
170305682
173104392
892328810
112075845
343741552
213345468
-7202220
-384482748
-413881779
-64741626
-116287408
127077054
259850541
-272085837
731072304
-318198021
-44666384
791755979
-164049364
-153223944
354951210
-108732547
-551762640
-332496480
-92977246
-167027250
-783368040
600621084
-40121720
721205640
622780629
-587464484
-367459630
-88233775
678408820
-339356752
425594767
42179984
-216868923
581782500
228106750
-31318194
-110491612
-308768187
-26510470
91014867
-9076386
236578368
6018870
48264684
282221958
-23747328
459502944
294413980
534983455
347640860
-424575270
-312258604
-219390054
-168671505
59354295
175408408
-13114119
-517796829
296364740
228561856
20640982
568500468
169681623
131144517
372650370
-457815679
178630051
-872287650
193317030
92142240
86600448
251037504
412266842
-670623055
-931993770
-728046488
-717524100
-111959400
-344752871
-6816447
-585516360
244291208
-173816808
-53631654
242519472
302625100
79705160
184482911
-360534844
48442224
-569346514
3537248
56653072
-73534635
32570408
215656491
-102854532
-672911544
-301111188
-5035364
828961351
114499424
-241617465
-93198509
-209633536
61369620
483924816
-292490874
172171725
-80725136
-622374203
541036020
66581073
-37403856
-36020178
168195984
-66393760
84724590
-308050230
-226764000
-280660534
295016652
226719801
-20022080
-665244864
61584236
79298342
-45069435
-61333371
881451
405845047
355168998
461028288
-378991895
-106785324
408734874
347289258
-256661773
-390204828
44297184
-162494140
-221388838
164659437
372682016
-588285698
67966694
173362098
-6842830
501141204
-760337550
-287836843
-426585114
-203210891
-38024675
-569358104
127224672
781914111
50680275
-571969024
-34926430
785878584
174730049
-4734685
-453505791
-271374134
-420404478
-330303372
-379694809
122986331
226662135
255678553
748081136
-20314192
191275931
251515016
-555436257
52665192
87586800
49008204
206966639
427713659
-48908344
21101120
-376047510
-71336664
-230638986
393763666
3207990
310951310
-604158020
267445665
-58509676
-30119194
803194408
-412868677
38402895
-201013666
-17776324
-35771706
-416311980
457483724
-292082065
-959346951
-526312680
13716022
-200359926
388379904
-191931396
-354015269
-332855402
248297188
-89312570
89840982
-25015816
-248743869
99926368
331689798
-347283720
-265972963
-134882364
384917948
-257477976
-589072160
574553403
-433849383
255941312
95254684
363111024
234346800
-35446393
303109214
-225640756
-970063710
368752721
1162836
-81665244
506293524
22496208
74188452
-179799072
-84946875
-102614667
-596165979
-789042585
-338104612
-29743980
795311037
171455970
-82617936
286094574
598904007
318918124
-368456868
-550874344
-690263915
55336490
-611782173
160294455
96174279
214465225
-159242160
-50792585
756455583
-57844818
-4932576
-134259660
412325347
74901365
-44777948
-492995032
314787792
64129600
-23990836
-81516110
-40678680
-42788835
76262656
259940642
-70721748
13059595
438546312
21756994
177406704
-412481823
224670364
-195728352
72990456
642534756
10356444
-68251836
-296514570
852776
30336398
36510507
-45141072
688812856
-72198922
-18963693
-349742276
320276810
331940118
507440976
7048496
301214738
224631890
-107261061
308408156
156707405
244131732
44276544
298277434
115970304
-272857310
-790625385
-338608117
-175918587
238089168
59717710
312898272
-744009009
-792264226
-456809769
-366990460
-575803528
614869892
479949692
-16643990
-859883154
320911947
-69707952
61599600
-64268224
29750085
-298334708
497914824
-9645768
493606560
-1003432325
-754507552
19736028
571196479
-87791408
-409933436
-22553664
-171839432
-26419020
57674055
-123413096
384182790
11401492
-91690122
-100241472
-135649791
-183305667
491386569
-413057540
-233562618
-191023643
76545000
-5070777
-122057923
886800420
482064485
727406717
378865401
-680643060
143775660
141594012
32134434
398062242
-334657969
-877129472
-85088934
122813614
-403274835
180002760
35373275
-710622130
29951383
-34944525
486097850
-364502388
18263931
352949172
-129671520
-88604077
300653991
-252106975
-36863955
468442425
-116410624
402250200
-623533950
795704220
-120004149
53698992
-630391782
-89615064
572700393
-65371452
-324148
530865990
777194370
-66565090
528510752
-70673434
-94298856
-291296800
-91338940
-102684240
-21177267
756296104
-632044120
136036404
-290774358
-118743626
184765911
-680807829
500935722
8616930
-123559908
-566419282
507006600
407089536
268055725
205021089
-72333504
-310611065
-465803576
-551044038
-208139750
11227359
488459332
-426868442
-310365105
598052304
-452460504
467434924
-66956529
-448430792
-22384785
-83515824
-385357612
-350738769
11490368
-44885616
-19114856
586107536
437114260
78683400
136016712
206123750
74748660
-222784800
23149125
359154240
-176639320
65390172
-561480147
-544118536
473392931
-656019030
-161657777
