1000
12371310
-391738395
6427407
-233903010
739757212
163816520
-478059654
426932424
-148785880
411502869
-15676416
-484227216
569980444
-16132116
-169903307
198415360
-60325064
-796497312
-52436025
-175042174
-545961024
-401498307
-271167940
-162097290
100838784
-209822976
508459160
56615796
70460550
-33056160
-466425762
-786234960
13563445
162316000
172402984
101279640
-419638683
671102600
799909836
-35540122
410110220
-54603320
376540836
540847863
536599752
-585848890
176695428
337227975
-397380038
-113594958
-231996172
188907002
257593548
-204458580
-54922574
26158104
-10757250
531849600
-337028000
640489886
15100029
192555422
132266468
-118898714
379115802
294037464
-396703563
-445744046
360631503
239742666
-47989900
518138335
489808410
316831174
177969056
-529587650
33842250
21457632
-91627976
-602128648
-2276724
237409519
-414220350
-111858720
39760681
164809531
-294201996
97816752
141138099
-432388394
298096400
573410980
-177248120
-232060275
-109335042
527347884
-42130800
59109919
-42234968
105777570
90445726
-461199814
50597985
-636460832
-643665648
167960052
-32633160
-35925384
-317282616
465766272
-234789030
271932947
-260518419
-6858324
-702770772
35369500
-497345450
-174403697
-47407032
69848240
-900291225
77694386
-152775568
392637564
444972692
334532052
-40417024
-472992120
-103468925
56043688
512828106
-70595964
236195070
331308600
-5359662
43561462
-493591420
-440028696
-301423680
217259541
127093164
-600466272
-578232928
-52647049
-1403380
-14593772
-298874376
-1027263216
-273838068
-43989885
155384742
613784094
194616258
-345526326
-26296134
-260261098
-625097262
293205825
-203840312
34493811
-147988728
123989892
355611450
46581654
-10092960
64655595
-280809088
122146464
-32264400
153843315
160733232
-88985725
-597092230
-78146812
-73291628
-117550160
-630862326
-4411456
144986112
237641607
321125204
83740419
387923928
-23550149
-16739070
271968576
175906464
-889977126
215933520
470901966
-309175704
264955600
596778882
-396645802
346998355
204635955
606424448
80661436
-27610544
-236222001
185921433
252458041
-236478918
-133687926
-6900640
432524301
-270803553
482969500
-76156119
351067374
121373346
-658549324
361989036
239429455
-382449030
35966130
147897024
211981536
82374048
-45399327
548030056
-463171122
-749616876
44330456
4404528
45130832
-245752500
-82780071
-205770080
-68570112
-241072983
-674928540
24367140
328441806
-256763941
119560211
-204046510
-162433008
-29537473
77285616
-89591964
474516180
343852860
18404515
17501280
-148057128
259857920
-347206596
-577066449
90466544
-287155596
553686714
48935520
12375721
-309110042
391779949
-78181028
-42915460
301622476
1836288
433290900
181609875
-206301804
29689185
362072700
-300134511
114325425
19560780
-87349558
285101054
-688929979
-13162404
680470450
65679874
8364555
501572988
-222244995
789477696
365885586
208188427
877840730
19478643
79174996
-317958830
492598188
63455546
17556288
576351528
257514306
93512580
239313120
80392429
84128940
-182061748
-449610000
270851243
-196626264
14436864
570023520
-155259470
-240654556
310501152
527969248
-224334786
-107450280
-10860128
11203875
-275046552
26461512
71726039
-370882413
-464073335
-25543764
-172520952
375607472
-58571598
-252678055
330891156
-258059520
5383796
149959882
3911705
261728350
-451452903
896010458
-447465675
842616895
-158448600
-46345728
78685470
-121719942
-84372921
707785025
-673635638
-392185398
732814711
-130621374
193451749
-339872962
604685973
-397239136
67967586
-154528130
324099865
108487262
-74746683
-467965611
93593160
125900404
-2076598
344044094
66440160
205597620
-76890924
-221190904
610848368
154934590
430568256
-138517456
-20475920
98186715
363474324
91506688
-685933139
-936955362
-514534500
380394240
289004285
20942234
19090742
-63426636
82851765
66898669
-517713452
107759256
261748800
742551437
145872000
-86719662
-21834328
-151194285
18745475
-281673561
-96591375
-127818418
153310851
259774956
136149699
-111155898
-735180589
-8939000
187582896
-147642705
-251433942
646132494
-7653624
-450594191
-143025465
-324023280
-3807559
648198610
-979854955
211048416
667444624
31234784
-4859820
299793792
100604460
526688037
-519841490
52252824
611417625
-303056970
-19972866
99518167
-113333772
-291167251
138824370
343571936
151590240
26120270
27112990
-70132895
-82202709
-120179917
-925464592
-44269540
18734790
-244515537
59410712
-521550376
105645582
2829616
192636192
-218419586
-198927763
483556272
575313246
-326632383
83717088
-157248850
-162106395
-37508884
201978516
-138909982
-203509413
11393502
-788188800
586642176
47318797
-181235484
-409486006
-465255128
257557956
152366082
185040610
-63297900
-86532160
-767875640
452109878
-26363894
25149201
27018106
-166139028
-16717454
-402675306
41708844
-3755440
-20124680
-431863443
-8001567
-36393385
-170685246
435412824
303321590
-108509625
-33576224
-11642706
-26838528
-291865065
-236920440
-13050066
-625069764
-596331793
-20496910
536582800
-225219588
-2338650
571952665
11117250
724187884
371266560
-141298116
-117830768
21610647
-175735627
-281270269
-65500244
-17109371
-170402288
-685230915
278631836
267669398
-547323414
321482462
-415137600
-111776938
653049015
571277772
165156508
-207884488
872080512
-278086200
444434288
-307418760
-84717105
432461568
370012320
-588362742
735909165
245964456
-173824434
-310482237
-198846096
71250400
11920120
39163410
-190166778
-34537666
476512975
-232759160
431726316
-592315097
61678223
78786245
3032712
-80683080
90009202
-317004626
15046836
-347280048
-71783712
-226935465
806151186
92051268
596431275
399366780
-1027426790
-654616096
-224905758
-35584784
-121244884
-112204800
-260156876
421958835
-394775906
-96660657
-106293916
568447530
84331214
27885678
-832271782
-4624620
93270672
227438330
65513436
-145649088
166749440
-7289944
-483989960
-236894580
-758131460
96599100
-340130925
-89182025
479483398
-78679776
-487409670
-384501480
-166013632
-365538530
-513723723
-16010652
150644718
464052823
55334328
-178276923
-19071535
835935840
-212721432
163326078
-320535682
183934940
-99086244
-76868504
815900207
94231200
-245905868
36762660
-47708375
-603630722
-608616441
-175394260
10488972
-464795760
-545852736
129720690
36044800
-29827905
22110930
2815862
-182739336
703723137
-821973816
-391102738
-35417088
39300352
-619821708
-32347107
-549803700
114700568
-920761875
-46802830
68094060
200992944
-447826678
-7966110
134227712
475418835
119041018
10562748
161347264
-469832286
537266775
-244890346
-501927808
-106726100
-269088750
902468276
-616128986
64111135
-527050118
-131326650
-240418590
-538075722
-500716874
452408250
-435737724
-76744614
71726919
-82394208
-208915680
376545172
3364452
78312132
324579798
-7188878
492421065
-233152674
806508736
42101190
-434916325
-429133560
-953454724
-490593987
259332960
166799010
-287432928
-49292019
778202999
-259558000
-172848130
-381586590
8274360
51908346
-1001436760
-5648539
88160429
454455022
-188575458
570386025
343566138
-367911574
420606744
217094141
-686146657
517241064
14992384
-457291110
181574256
-668131992
-25365087
571204612
-611612185
-112320130
-546659109
-375314610
-322425234
423491712
295576120
621280080
-69656850
213640620
-620372928
-101334750
212441944
-110877520
-243437904
70056170
-31319200
-34483828
-92040014
43782903
-99457560
-77997805
607571069
-985512042
-34647982
52049340
328560585
-346626
98414274
-13277124
-350880796
-269857050
53302040
-685999104
-620406658
-341433187
100156924
-507494156
-37175544
194595020
-52711092
-66946850
-476119952
983418012
230099544
9883178
-55417794
87423070
-225969498
246123414
238533806
-436102020
442011240
-422356751
-494440440
13088127
-443629791
-131180088
-395587920
391406460
-778344402
-241476255
-375316383
-289663037
-42184883
-407472054
-16244140
-8418816
-346611178
-10807830
-151483463
561319680
-548142195
-639645502
40459752
-58013004
510207936
-271592004
-82946754
-181756004
-160935500
-70468698
568492510
212772912
652345152
-349890130
-48171024
-721953445
-26247623
180016732
-374882248
239226336
394253124
722605950
-112399560
225768
41894872
-354312294
-613094800
-180293582
-118742578
-690799648
-395964908
-161531861
140242608
340236098
-156595439
89535940
62696996
-121492716
181901808
507932544
-629580864
70827684
-291119753
43227872
764504685
-263444697
360867316
66190680
436169720
347105565
7756174
-110169051
365108649
-851367925
77869066
48143346
224245164
166007292
-257499371
-109645240
535752800
171778104
301236056
-740556334
-103975592
160302722
-909922684
180426260
-513418135
-571141818
76881920
-70654656
84896362
73722660
-332538338
-36717910
-105998553
-428363784
-38860754
464714640
-194292070
10759212
-3227850
47721006
103295892
-630609930
812044800
443686930
388931610
115417134
-620774176
-35558754
-279672176
267882300
362096679
-275447832
-735298410
133493955
-235343532
356612604
-21648486
-211305402
-257166900
7263595
186381000
458280342
-13075261
234897838
-118148309
-132010450
-372842976
82114200
-204468264
336609651
119510972
279177510
-873868
204215110
-187531558
-89619608
-116752445
-311910070
141461152
381151400
-23509650
-567267456
186943680
-317404644
-131437017
121812480
-38208982
96258240
-627856950
-96248334
-25582864
599557950
154955394
226647980
-79281951
119900970
-464457065
-527019220
74844940
-144575693
-261608729
320792676
108315589
250027008
352390272
-432208200
-116241103
-20688300
14851120
501551625
-70503858
-218920374
-18729646
-336938164
315524160
59816
-481066712
15947986
181587120
-69921164
202500496
459314024
155683736
-706805580
44363235
56841412
135784732
-230405818
-627277680
-332532792
-125994102
74578176
18338240
116856422
-210063588
-228831495
28166624
294347235
637036475
-65736358
-400870368
-267959130
381703740
-369900000
65438848
-220485462
124783386
5981676
82989159
-144760715
84630000
-256937219
-359287058
15227889
-71900833
535739624
-187893622
566761055
-196792869
-251615300
45156930
424631004
709609860
-189925560
-770102
-36816196
6839358
-286352346
-20218422
-225365525
-90268640
78094125
-233101512
-179580104
324434880
396912932
350614896
-202863547
-59495840
312910509
-398300895
33644630
-65490284
-12171026
-562697004
-650311870
-34494155
32928900
35758737
218072052
460459076
