1000
-324931200
78353280
-631808920
-394407466
-323966188
595938
142221885
220534802
-120373695
194140
206001420
42987624
863747610
369242724
278537670
-61062984
-552331776
-559103800
161264500
732986030
77281945
-562077888
-113348043
-79804802
519325180
727756842
-161498385
-4154123
311516320
-166590220
156933140
-334940188
702974050
234476253
123525080
153377875
262421620
-85560840
373801050
70666433
412054884
16404130
90727538
-488372199
201949596
-453986316
789312335
-629430305
-24773958
245432334
-1565942
-380281410
590646000
-700585899
112584462
163555524
-621897759
-187749392
-375739351
-7479835
518824800
411009920
-176461039
-26130213
-23894539
-267199500
692096696
-159083364
136309468
312992126
368497680
-121787793
-195556086
-48572670
-155127056
-264525610
-503678196
175118442
-18601098
13233280
256701200
38901580
611887936
-571899972
486841920
58303395
-259686540
-63413259
-704248092
528110506
-850764976
749220400
216056624
253668876
-194335803
-85595340
10213952
12869845
-454128522
-489236229
-33920304
-74286110
-15390166
-453260011
80405897
62409600
-125724048
47108344
-326643351
559849948
-25664166
820338171
47183590
-686681436
-589355748
1809050
-1784500
31832350
880400448
130408823
-22814624
-122279735
-77260680
167722500
-61552001
471579438
183516141
673770472
443540790
78208460
-224404635
4527298
-535111500
-70635060
-498836
124989040
513417946
62082272
-237750810
135892950
480172730
255964700
129694044
-383769335
164131617
22831872
144700950
201002076
-265891024
-464770994
11396018
-24375186
584632080
-57596000
141436986
-893036496
164994137
-173697597
-156958012
-182333736
117354510
-192903274
-24265693
538729572
289159524
242484643
42939150
83016954
85453830
-899738532
-147088671
397324487
-21408176
-177239725
-35376458
-502814304
-101465792
131202258
68347488
-298141634
254394795
-266704493
42558648
-137355331
231229734
208211135
276428812
136099128
-409509620
33430056
46708882
116567680
199915672
167415120
104714523
-122088519
219665187
-92843136
-47963112
250547440
-37816024
217158032
-83187984
24149226
-41355412
424029300
-64214689
307635847
512285360
-6057992
143756688
-92937392
520967552
-552569121
278911479
79574560
-160713371
484569954
-694594602
-474339096
-80187291
-355522538
-304208352
389610780
8612632
256662582
-772832467
-729954022
-505099868
495683064
208011990
407335237
-869367030
-384706880
30857568
13265984
888659880
293585020
157463712
-69762186
-387669984
83627729
54476262
193268504
629034916
482984892
458984064
-39817312
185134521
-61993008
9911243
129668162
-24230570
-298071930
-495634168
-454503472
545153830
201362112
-530835542
115306016
-9268044
270426854
-45386648
-263806480
163739302
-505900207
185519334
226360512
744919658
626743836
122678222
657064560
-47382624
-83914675
511912650
454069728
25639229
-102708716
151848000
459451785
459503856
106253748
355214160
-252974306
-293757348
-631380217
-730000222
-13752513
-882794464
-395096672
-568374735
69996396
69348916
26565458
-141833220
225284688
-322111350
95090940
17527639
136756139
-382241301
-43689814
-30991684
-103336350
-479194666
-310501400
-196625238
507906960
-149730849
871701364
-125199150
671114390
84836880
-22958830
-56195880
147721891
-517945733
155869837
72809604
-828659236
-275133590
7083426
101892294
515185188
601973640
183692691
439073565
-247517610
-163928314
-170385189
691076304
90777552
150936828
108293976
-482397705
55939630
-854804415
294874168
-460340160
237796794
265454159
637160766
622892830
-14092248
-365860018
-473776248
-35166745
-67017715
88681652
-109119136
-21158446
64188124
40588580
206042040
-107212042
126141600
716620708
-25105696
168571725
31585580
-262573530
-782083360
241488260
7257804
-381547887
-182206674
-973706
-337287346
20718018
-48422400
860001640
-90950700
-437694189
527131465
-835031743
-129221952
-780329210
-225095108
192091856
59379606
-341237403
-280527104
-39614406
-206422650
-393671840
-476845110
-609315112
88074012
-600653568
-308780376
39698019
-998193462
44961633
107214918
-262366644
539303931
242353930
-583771750
353396120
603869150
209536509
-624883236
177546526
-947269883
-316460358
-238160164
613790481
-29726238
676267620
-19784668
875230539
-159837165
-284319189
-87842196
-381933468
-199257100
-815390355
206475270
26942860
221947104
48082080
-178050180
46729935
49522608
33348521
-13350420
-648361562
271688143
328405519
-579220368
55610688
-17563260
297209900
229674280
418579780
-116268348
-201596966
60760290
-67318320
-557430543
-444501918
-359429516
138457365
422513740
-1700604
-346339350
501112458
693930614
307638573
286117650
410549580
409658772
-559522431
-38788740
-540578031
159597655
-59131157
446749680
26087748
-399202250
153063240
177086514
-347331045
-68755500
-59906505
-122956200
-833971215
115995038
-133319205
-79947994
-463429018
120012519
-84486240
73190826
-10174815
505882258
-20747610
352212432
-216159112
135650798
-320347590
272658870
-90952323
200902920
918641064
20791300
460159269
-210921546
398228740
190889082
37346875
-130405560
13498784
-300739068
272163592
10752380
-164416680
16832509
-304007180
202511547
109422702
-448152000
191416050
153217509
145985466
-14606109
-101750803
-665514522
-65399824
-626922702
169498875
9587700
399934444
-91049019
50354034
129100805
831974713
-64384011
55819504
880845350
367541550
-260362980
414887132
-256357678
430564488
688841812
-455366580
37408593
752808784
234136652
131225145
13606866
-180209370
250097628
562034960
329155506
-268152506
888600480
265686558
-306794034
130200336
-149911509
-510275296
67417243
239833165
857677284
167881392
68704320
500375032
-18273684
-15969216
-478031718
-440154367
550393284
-270295440
289329810
-486664100
275969865
978334032
773264776
-555287252
-482698040
11304990
358859787
832412490
-464132
347425898
274753452
-526281980
-238746774
-279246708
78275411
-41559995
-457736790
290834224
55712180
183576669
79339272
-114114779
-397156815
199146408
-292867274
360324126
-8424651
185598840
88184780
-750883224
241120034
-551212192
-76116940
158242525
885375120
-294354168
255658941
139513285
10413482
240450602
2941012
-500130480
9795056
60924955
-116256882
191017260
866116026
-691546786
11222525
635276400
228603375
25450020
172587616
-263171502
-83935290
-368598951
-371217156
80422882
622275896
454544864
599132364
156838090
-663944754
639710840
140628808
-366484300
725368514
-261926354
242527788
-374004906
-86160850
512704026
219718086
-265988682
113933675
-927843844
172553924
-49552392
-31840393
334362936
-64723426
-60388403
138019104
-357947100
-174862152
231536232
-279897012
106843275
103246440
-41715300
-5563435
-68147248
-20561340
14783200
204180268
53087353
-96204676
-73020314
505655040
230712457
67765444
103494846
-642407892
816729975
193492236
96999078
969607800
-293277377
-121672200
-456245856
-3552675
93555145
-881488818
-368109528
245422880
45693885
-19110276
-413582485
19809922
397468885
1815606
-588850494
342838830
-449802876
-20759876
1996373
835647580
275524678
-81229200
-95730360
-647224573
247104963
-863139180
65468860
128690757
746361978
229671428
-16291520
-119213739
153029556
-915821138
163936080
-435329424
-687139530
-478448172
622456098
229051370
-114924222
-100320768
357758456
700722132
-1488747
-56746182
-121980462
162344511
-54245226
-263911648
-215073290
-143035200
-51634664
-171265182
-151715457
-406637590
-562291220
614913040
128089393
524185915
-118756647
40381572
23371368
173422625
155942870
-144472757
-384841788
-117532942
-100927950
-42442110
318159807
-223719816
-857876880
287123659
-639788571
-85149954
-852828361
730828608
-16533113
-52456855
165320168
-74823320
-41688486
363266176
-37844928
340214035
183673032
179915780
415305
28514145
-3946016
-228485151
269691260
-113692799
-678405654
-445500
706346702
106270641
104806200
-126481728
230298752
216481496
552315250
-151385140
-118947812
-664160930
-178464560
20996920
-16119076
94665788
-47959968
2797077
-473124400
-116555400
48986202
-261725160
290482842
-118676316
380199744
-477895151
582182348
-693725832
53858352
150010990
844150952
-162073920
183010212
-426018816
-148494606
288849294
-234272052
-114129246
-67129942
-119736856
-21007602
85605318
-152825551
-104097500
-189301331
351788952
680379368
373606170
247602719
-132594340
-4776590
390921752
264517650
17748009
143829952
517246850
-52978645
264479207
747790260
72368854
219221875
-33681216
-174015675
-57888675
32529458
567975654
209981808
261936500
-336538740
-191443307
-153524348
-337381275
736570895
515431154
662227272
-158085534
-466102232
-246639080
-7630844
-199211778
-45095820
685533375
66841050
-22461660
51363621
-30631926
31996392
303821518
584131345
-101215956
562263683
459256755
-381896063
-38960766
-42351500
317650032
-14756260
770678480
247450169
198930666
13896687
-658241896
-37758
-74435398
-759460890
-28331304
51457174
666060010
-787199046
141904970
105922245
-593217786
-478355382
-232980850
44328592
-430972000
6529158
27881710
454824540
-183447900
-353195337
14101270
6935271
272042752
-210001196
619569224
445352882
-18643631
-104812800
-45787152
-192299052
-82705805
299298024
-177009168
-55923120
17170278
62549568
-395794360
48295872
861151269
24049168
-56577262
266064144
24820838
105633788
693172648
150089940
-233049096
91542360
699980805
132093216
-216006966
-74301722
-257335414
167909637
-122864676
-5768499
-392248332
5682672
-22834960
209602620
-131207972
-483031742
-502899784
150806866
-106041024
-314785890
-699857575
219401180
87943440
-15422060
3661899
689873600
730079424
-12187984
-370911600
296997344
-116308224
-88107000
-12508865
-657765512
-665385216
-303419598
-864013263
69271560
-38720452
88052928
170782326
-227400876
606592864
-17994080
-349104282
35863520
-458645095
-13929468
-318191860
163616194
-255751272
235745209
505188576
-427797885
933475536
-215903255
-382269384
-148841801
-159058462
95922007
293470203
-111823074
290330460
-112837434
-608487883
-130837920
227526774
197641625
53398576
220247580
-64764518
732896329
150978054
-558579934
-337463200
-235298742
169624908
290340382
-177118760
96644808
65436127
114532804
197793589
-90137520
822840
-266483600
-79631805
-112546082
12170032
-6542427
249025021
545612436
660219058
-164828562
150007098
