1000
121434404
-61664152
347072664
-126425908
-105814104
321931510
-493376675
289922453
-216038284
38005590
-793052001
-428324127
596039208
-3845485
377996187
-43670144
131231823
-46725068
-126645936
-27776826
-426406056
333520642
10084982
-311315993
-486689832
563112539
333296100
131616368
-295867
289479851
367033800
71707248
-505806840
-128595243
-639112032
245719686
-50928882
12940928
-206437329
165755280
-1776098
-863872304
-11237064
638924396
-390229427
402063108
-169367260
155028780
-22784580
-399700878
-762513744
-110337500
127325838
52494835
132376572
54068384
332200653
-191858840
-158428400
393110070
-935428473
173492007
96251712
-522634140
-78159270
15959903
-464253936
-412861185
747324630
-235452222
694592730
-74448158
-276487827
-444377947
-80950000
137903214
102728512
-749801856
337975408
-254896306
97471612
101533452
-543993229
-710344032
-49162251
-158115288
38660975
287270060
251405075
103072101
-4134898
-231260980
-308444100
-415668021
452705400
-526007808
-299943045
-90015766
40605690
-233364352
-783993180
798772160
95401439
301928940
-449997735
11373758
172144712
-151147014
-6390810
-560165220
-112770567
-272920553
84852560
251338080
-53812010
-472431196
6682326
-109464608
-198386058
-597998376
291051484
340609620
133431025
64544337
107086584
13191065
-16866693
-228066552
-124635996
129180906
-290969880
188120944
-127923110
384147500
-491572445
-209800071
-627905216
-24672330
-108731910
458020140
-165685455
34072148
-196993251
616770666
47456280
169725510
-678868112
-6808410
844047386
65950900
250604970
-922330176
-229829478
365509200
-36337236
-266626500
-67182096
396425792
13169926
-331759998
212961224
-95526245
202983200
8949468
413138880
66320475
5572370
318494410
-194094
-300568866
360668532
-245259198
-67006610
-218717444
487707061
368044390
8653584
196280450
765073236
-570717840
-6495804
58534490
-1619914
185377390
-20530560
-48219072
167510640
-775220692
475954677
254260512
435947262
-45471573
111555717
362714730
-134515653
-479413488
107931473
8823750
-430868320
-178972650
61613966
-29320863
-272798130
480296385
-250450612
788489145
48321978
-338183430
-66213000
-22878711
-55044633
-445408372
52349824
-322679926
359367008
808830240
-1063566
-554426916
-273780698
161127225
-9068760
320615874
-2427199
361772136
716782400
-381996612
-866517540
46695600
-183864546
-470308520
-127532505
123610110
-279050834
60479040
104499180
-312119865
157629822
-354862776
-400274588
-198571678
-189750069
-20274630
322940100
-215670644
13148467
297424304
44326755
-669338640
2420895
-34573330
-28213904
-602787864
-1227408
-599744544
-303094796
-236199020
-133614040
-330430814
154348784
-383887920
-19820970
574581995
83495973
376919296
-311610195
-4068944
-373389296
488666640
-12452076
47118030
-109279974
-330580896
-101782107
-241567526
-483119884
352732950
-90471772
174107120
-875385669
-128215956
197420032
298811898
103936778
9894612
-77015767
80127488
587455575
529914618
785401188
25261344
91544850
206661632
102030304
14517741
107463037
65139990
-64402446
-180932555
-352520466
-183645395
111197400
9139482
-306901272
-116775035
351045724
38976000
-6465525
7765134
231907482
881426644
-112736176
24831413
142550382
-64212867
-8026886
678652920
170384092
373077050
66385284
591704750
-12937484
-298176023
-760813240
199001220
764437925
372357360
16981911
506415072
-478627380
641834031
536665318
673929470
830748072
-399963500
723303846
241228020
54012621
631695078
39629001
-310959748
141143205
138939150
-76364498
-102028092
-439643214
-738401720
14218880
-381160740
341282721
312962265
-9993390
-44063466
390523250
51201153
196148400
-653156306
-37767150
149723560
74645384
-726008460
-171576355
-280847938
491653890
-335675250
91591980
-5007040
-243802924
-184916952
92289348
49988166
381168274
-72525999
-331890720
-491471640
-21589134
116092149
-654281781
-24913272
-97831440
670077214
79235739
-147647750
-707727459
-483528353
-69132336
-42581220
127862037
-193282520
-585188318
-159424055
130015440
-90172530
-516362560
443881815
-430298064
16832157
643314232
198612300
357288750
269964768
-192434480
5843380
-134499414
499121700
-747516902
336336161
706446000
-5030123
-19822024
707005504
-157819139
-305900498
-18511254
359028785
457443596
30473465
71123080
-463681311
-272286592
253664912
-127888416
-334017560
-577847124
36457911
250551940
-938094939
943640181
14391498
-160320039
-174154248
-338822064
-139966560
-23781188
-841170
388361260
519315570
48653640
585269878
547583720
899459533
-88323864
-51903982
15326604
-275524366
-13909700
30104144
82871250
277453071
-61929270
-148636890
-722690424
96859992
84669900
-72841440
-717439156
189137993
-463911640
-458443903
-116824182
-15152965
27036646
-371107656
-60798480
840121392
-276220923
-508222211
75321700
-14684328
22393574
658759337
-58066740
-388678290
144237068
-637561771
328827600
140099229
-139778119
203102305
-12441600
-120474224
-747097955
-300830082
56462616
360153920
-411675660
-152826350
147239642
-678629950
-41358668
-402623348
14833248
291041667
-251848325
-18339265
500729502
-621859600
415586070
-82757864
-492182328
-96035241
-55841775
82273783
120156850
70714826
-18772389
57220468
3924003
-1127500
-94680816
437858551
-158011604
-713333052
-8935450
-81874650
-94018240
-94071672
90182021
181499136
-551469666
-270040690
261732582
309930185
387310308
104518323
254677440
267289332
94903248
322918200
15049530
360713531
-335909420
202280998
-569842192
-50685690
-4528160
-613898985
373513404
-997183485
-48896341
-58056933
74677987
-602672711
166459150
355375488
148056208
121790622
-77949392
-35112354
-3158683
-370255212
161415729
-461122020
20686128
-684257678
707067192
449760970
110232729
709399742
26302017
-174435337
-358354000
-110324928
51944823
-883401425
799697689
-537438996
429759345
-569372228
818773232
-653025047
-360813024
-372955074
-139007552
465580273
-875392796
-351893445
514057502
787227330
166191480
-43788114
-318752073
-208136154
326605356
-870460660
256262448
186057459
312786936
-158076513
550492166
-327996675
5242620
-71545788
792373216
-119704102
-47421813
676304814
127716518
1002442
239586285
283100648
-73249725
-479053540
249137324
252050072
70304976
27011125
-30542556
410080528
-655384191
432308520
36520134
-707400384
-75241111
-43239563
-226400220
614020
-503295039
-380327112
86409565
-97296606
-545050354
578258080
-221295200
529108672
521761299
-80896180
303596064
-922284121
-108110574
-598383804
-297927088
26459919
169671587
225212825
245325625
310948674
-537536438
269156160
43248264
451468608
189326312
-382587404
-575649852
-471818204
163638090
-615863140
-325893092
-615730916
-248201205
255770880
-144147750
-283402000
-184461600
-17184059
-137696052
494679938
279008920
-95226129
-989860746
705066330
-480044487
-189552264
-39650390
-320979456
307979095
-453923824
-438963789
575929400
-42845000
449084762
77863126
107277534
61895232
14402692
96307893
-241878911
559813920
222675495
-29447745
199239852
-360043600
30565920
-242249084
-295128060
123404608
-21924954
282565339
-434014658
-59155824
211845174
-3362784
-510986760
78996212
-20333802
-325253502
-272808600
-138847034
-170488368
60856368
85343500
685353600
-305551440
343049040
155352120
50871816
253428734
-425516294
-10139958
-183763714
11154945
-19098718
-737582202
274539286
534158103
2742633
93443625
90328180
-196432643
-182090604
-229009896
-17602920
40347466
-596490328
430721522
-54201485
153558108
550290424
133301376
328069495
33789642
237578050
542622938
361009440
-79199750
54918722
39933478
-650938618
190011584
6739744
-138675048
-118149364
-407599227
13086554
-36165623
582628618
-15284945
156285696
11920128
-605716392
193086285
578229856
391288716
119688654
-820256364
-293826450
468146892
-236010811
142022972
386795022
81976942
154053760
-6954675
-45607296
76175068
-72122554
-820109670
10316377
-309770552
-467533121
-210691252
111392486
391465877
323889596
30944760
391663104
-780575290
603952200
93677076
76665988
596665440
-38989075
-447591038
671769902
57524568
-177806310
28344474
-640687140
-137487096
-53439244
-241441668
-212600250
-380645655
-897438696
-83622324
-680855242
289271558
13473902
-82140164
508180794
29413447
473684706
-286822039
33177900
133283006
2601366
419196981
-393905245
-77440440
-98487488
-467600520
-216613908
-51210328
6396786
-853380648
-127597863
200312840
-186291216
375115209
68197350
510012908
-249301052
209122410
237825755
306874586
639938250
-339313140
109238526
40572440
-314130960
22976615
-211123115
-15360240
-508068792
-126228060
101421474
115170450
-1139544
189360686
25239600
91873848
-23911814
474535159
-15192450
-74239446
149872100
-76625556
-109881696
663529042
824368797
581671004
1097704
381284190
-376388100
-755946075
-312844264
-145937565
83658084
154340160
-741248565
454710795
-209822457
-288920258
90518715
-4328334
-496181504
61672428
362167005
-504509140
-108025908
-211641183
-298140318
43938700
-360351756
151572792
731673096
-332036660
-3036000
-888975860
-197648916
-337546611
-168028204
-127427208
-270069625
-449030568
636693287
-302596168
68927353
-106665748
-337159332
-38154116
-119906532
367891578
-526730176
-327216400
-133447356
458005980
21869604
-206506416
234349760
-17664000
443369214
-92441328
468813264
-357854644
557291880
-43538443
63347994
-324058374
813039088
188296878
-85876476
306874320
-50579865
-124103136
-19198984
-321547555
-107976248
-175505043
-180520880
-563320240
873158110
-537178880
161742744
-8032122
472811646
-132590520
506083914
899915
-766902248
-42946288
48287745
25366075
-2403909
164318000
701151605
-55219500
149175290
967523440
114735960
-382053213
31468500
-38264226
-478297106
-297564882
164940272
-230966076
-177375843
161899848
439170688
49991730
-153811525
-300319140
101552022
-651829972
827744736
-584935630
8151378
-809150320
-17311120
-520301502
-177881472
-73136550
152987329
470649046
-258665643
127747939
-913000896
50025822
-383813227
165476135
-118014463
110177869
13847756
-560250644
-11049430
230131174
-670120468
88108690
657688616
62814570
4375643
-950389132
160134280
-82389990
-201741765
374296000
-72276020
-111658334
-486703611
477292752
-18758616
-764652251
669867957
129318417
292345816
-137177828
-673630820
321590715
-528931696
240742852
