1000
-169495508
332829496
-335739690
457903252
-160850370
118662859
-52879872
668599035
-546306330
717775460
-218289492
47197735
-229390452
-134482703
394197168
89384911
-117350295
-104194680
-551710884
210219986
-441510000
-1479936
-1858087
-35210916
84946200
-445288744
-627726936
133471734
249434375
-236129425
-504606660
573760766
-848234520
34119099
-124380160
6087037
-226318008
226866738
132539344
-8131500
-816876405
639907713
-296928960
562508332
256680833
-215249848
-44173890
10001523
-638448674
-152535768
88976130
-75495810
568893320
113083724
-223606820
649284042
-273793932
4074213
522785425
-562911195
-192729744
-381997287
77484351
339013556
839274000
-7983802
-326567752
-671613085
228340272
-245021752
-537190143
-104362110
-205919872
-297394900
-460731180
-121639622
-780340410
293537500
203463702
268556208
303631026
812441724
467855880
-1052257908
552213693
459243230
-354681252
-578232963
-553174272
167657376
138313252
-2569652
-825758325
49799352
-245293762
-356066910
-692441146
213680565
-120442734
-855862540
197214604
146526856
126669102
259313920
117262908
107043366
-383273016
-30823719
154918818
-187150625
-30945500
-693263088
-627838052
-400130948
-196474280
1266279
136874142
225781311
-272931868
150561984
245696256
61977277
-100401444
527089352
392317806
583752392
211160178
251246688
-390430200
276851155
-590473158
122407065
-264894273
-441277200
-127818156
174740397
220205936
-515603394
293350112
-236271009
276473505
-7726029
-64852344
-224029988
167235296
66521520
134463560
138530112
35964640
-132720237
-200400057
40399688
-43693432
57704460
741180686
-646572912
262851137
35808680
482959048
-457892558
-78239525
41900020
4005711
666653380
175742085
235617498
287938398
44162364
-670751728
-307486292
241945720
-563495793
474418902
-4448600
42406360
-65456829
-285817324
-82779125
-460433461
940373159
529540350
260128190
-287133924
-586619705
-110747180
484111250
-376279701
431570550
-161772250
676057400
-771160732
-87626665
-71071315
-21426678
510657420
364236759
262007988
-728409856
-187268004
155492200
38782912
166664472
-668929744
-137472744
-374889372
343321125
22122288
-160154704
125769572
249206587
92970610
-751265020
-198505548
-122523774
204736085
-872047062
-176482122
-728990448
6448372
-533160144
-308398800
-331221912
-95392048
156259010
-125845555
58550940
159792964
-81784890
34449548
-256315392
-796612224
544894854
320228407
-300416856
462235968
-285683727
-70593601
-97512660
116244774
-160291140
-748902600
208575665
281520000
-270645128
871452264
-91822696
293106200
42332736
746014720
-970618284
169506494
154275880
306956960
328707291
-336318375
840015168
-136641400
41206470
-54757098
-90772032
233693040
182620350
-612889328
310590288
11803117
-154769820
-26272048
-63622800
136115105
79132950
118690793
-723753435
38915513
-33671040
21069881
-406923436
-7725484
-350677138
-107525288
273442234
3100500
-348202175
215146480
-265549013
-340282056
-35355240
-155984896
-284618720
-390104643
-354131668
308346608
-634240377
-245835639
433668300
-155706990
325764138
180646580
79615786
367040160
710392032
105422880
322667784
28309800
-35392553
-211433768
-201171666
372587394
-131875560
-627440
147248946
-84177366
-589786838
-111769072
-632999388
393818554
-707641968
-414743324
21482703
572547282
-218466603
-291500960
598546455
-191473295
-337574475
-101655785
355592666
-52288632
-511546872
409020300
-74619552
707222593
27244056
-26262080
92596892
-173086144
305997348
31822122
9851109
266388228
-162063902
-587094087
-130851708
750159648
-472532175
320898816
-167507109
249067390
43126072
-317412096
16028016
-96332640
-10198752
-472626936
823590435
988702742
-219760220
-415717476
135424824
1545264
119093463
792662760
18002876
711022176
134449566
-17530065
-315056700
837034860
-396848928
-554924634
-478907616
301281400
-102486978
-721090595
91292534
-490390725
-9189895
560917040
29094174
-280462795
-728853010
-57617475
-154213334
-570534964
-314530720
-229291920
49830672
-670611660
-274518238
161881567
-6136354
170376680
-239223534
97926834
6550056
213016566
14599818
446899181
90019552
-345765918
238953494
336596958
75245008
581582172
-770531056
170181390
32110776
-9200100
-297926664
-173871814
-71863614
-9917072
-278261408
-328304696
858043151
67721676
659153130
-356907558
-43467456
132355028
359621780
111848720
498898257
-383136635
-286320258
213982160
-37246043
33549516
-96799530
15230794
-3909136
139984236
550394886
-130824876
90236367
404375410
-576672372
-39938460
-1498455
-207868679
185947920
375940128
865766524
112841820
653186160
57407361
129632216
193286274
-319234559
266354712
583684864
-229556269
137662437
173639587
47934684
558559419
129197106
91750080
13903488
135939510
-262278414
-3148767
-881974698
-241654455
-98543424
170685528
-318070000
179645868
477403224
963548973
393160878
-299173160
-80250540
47943324
-257860252
311291178
267215760
-133676892
338764428
-382237107
5343030
-450596836
35947360
177701979
15744040
87890096
212894825
-294107905
412525275
299869650
547797228
533064656
221573066
89582010
348125184
60962044
-135640432
5419908
528466499
-169091776
647776514
21297434
-89292960
-262343900
11928686
-5048706
-122331435
653147684
-357632660
243780925
-423990790
104996430
-75669163
-48066130
108724688
228998094
1967360
-923980018
102910976
263011220
-221424876
105417225
2950554
100071816
-518154224
48651408
-49117560
3229920
628185144
334194432
536977378
1057489391
184800322
-587218112
-745290720
42448731
-342414
771494730
215317659
-152682990
-85850880
98719218
134996802
216101789
230760168
52158501
-93911416
7204750
-5709990
192274786
-700685073
19310522
-19092187
229595240
-108447104
43147470
-37507672
323341200
251180760
353666755
337405632
-387610410
65543806
426324775
-300725445
435106048
-332665452
257567888
-801735392
-367713060
-394716903
-67409958
-382485860
213247092
123026432
224104634
-636246870
-86925036
-330977232
1014093824
-750926568
-1025183100
-205717648
298615300
365380698
503190726
-40853175
756321592
403401609
100290021
167488146
30821836
-4969661
-18809048
-627195584
-24674656
-495697140
19967192
-420399782
-286761258
-209717739
-178228047
-58833095
445194910
235985400
229826628
710158728
110027281
-154550800
720668873
-376233260
531082484
91323210
-225611280
365251375
62525250
-239325742
108448638
-2401231
260125572
-248971065
773134896
692396760
190787888
691601912
633146190
690339870
713305945
238417816
-13972282
137311200
133869519
-27949425
-21126500
-947549610
132334050
490789860
-559473936
31275090
-339463328
-7396888
-105078708
99616608
-108998478
-229891935
-307245618
-185619840
78360210
461911590
-4391900
-183550770
48899192
243256008
-580203000
-59292804
-204596106
-1009067760
-86634002
304735800
-56232252
-37861320
437585677
391205190
-417780473
719509238
-42539030
122277096
109244382
155265899
507130236
-223452882
-27032000
-406702428
436906634
-698346432
-387551024
-102229248
-165789868
-232188501
126788252
25198845
335020797
-3511048
-117736955
-76710375
388457208
119132790
-370264468
-293087730
-251597720
-120632902
503146108
-91306320
-169496725
632749211
-31272860
284109280
27992328
529539290
34113616
510179652
-568299413
51432544
405091453
442477972
185459732
-670000626
23504224
300016700
548220750
-979522590
-292831720
747863364
-234295002
23254329
581031704
1342278
403239496
-293738448
39989898
-401612899
184529757
428598695
120514158
57973147
-234515840
118924240
209367172
-433183398
-55605682
422911825
720277950
227307250
-586824936
152987197
-189222366
124164720
-87355801
-11764576
-261018485
-75231910
-274702524
592006090
-77256398
166036991
-191819264
-497414528
-330509544
-147364910
-850697931
-327826730
-362410559
-556396880
-9127262
301553760
-158471028
-154244250
-711910451
-29178963
26110910
-546636520
167791600
441749910
-316006430
326419227
-631238300
149787825
493431680
-129271386
-169220637
38508668
147020454
394028874
64030571
472098108
129053160
196595748
-48368800
158465130
2696616
476235306
-560798862
16823266
580694560
-115289988
-51191436
51547120
-41123874
16813780
522260480
214243105
15472040
10232376
-95102
-731760375
46280289
894266085
-25607043
-22907568
-198446850
-752493984
-211836042
286991568
-5252780
-11371278
-302303034
-321577536
-777125177
204554880
-78758076
-4937856
4312242
-154915332
217082605
232293096
-17626800
776876100
122759784
-384841870
340524675
-325079911
440384794
254158016
777278502
79007500
470801061
-560084593
-129934532
-466284013
-468727296
201343500
288452110
-360728520
237530930
386376454
-551683939
299712105
-45727356
-270381174
32469120
40979457
53377110
-410498920
-57648288
262622013
607206954
298869081
-503140807
-29912652
-347870080
10577125
-3231450
226288881
-362580786
354620250
-690580
-912988967
196428075
-102507440
760466294
-654797732
98414560
-1074192
676178582
-60952500
582763086
-25447968
195441350
-215014488
-208046592
-83135304
198642093
-330650944
134733056
499946226
-281611750
692776140
-85392004
-121323274
-271319000
167789040
-262373545
363686465
-64710450
-218242380
-23074693
-778748781
-473939988
281662200
-631975963
2464576
3921014
-21760500
-69017631
-30205551
40365223
463610381
-103124082
4429600
-236542476
451195368
6806590
-300585168
-131581294
-145121886
744225218
-712110227
-157868936
-53501630
-179457000
-543732406
11863676
406976940
242205942
-30194040
113558040
485068520
271024974
147576375
730831696
-38314650
-222100212
192268300
-438000465
40953358
-772793628
-555058902
553093923
139289100
456180074
82907870
2060661
-274524355
-24230710
-213899180
-196425173
-70004608
-558330596
28013870
-16898132
413126685
53337858
82072438
-4186953
-94829760
-88962528
88803960
192695008
-87744300
107406626
-40716767
-225576680
-120641035
-103514940
81113730
-61681392
256970453
140328105
223329904
215148264
138286925
-392069028
32548506
-864124125
56555107
263387046
-338768837
-16574100
-251312876
-103307479
-200214036
-120320053
698814628
883932224
-78790004
-304050097
-583194896
-659890695
-32287656
-416557735
-14695080
150931080
-87965584
698758580
-14651780
5733624
302952806
127478532
-130614216
189419143
-497212068
157831596
25784587
494118144
-518771736
-644401208
-33156900
-554735376
-243781656
-564285768
136064320
