1000
-443009250
77216930
104146250
-225828624
-501073872
28011610
-157684269
-333811998
-356602773
92431449
-46417540
262156245
533943990
-176975757
-233594301
-248994520
90272494
-355587159
-393985623
-110439520
-155390880
521087620
499481710
-166342490
2294516
-849804449
-195898334
113536240
127737687
445952538
113464299
-521015315
141931933
44443746
-397753560
-180624099
179198372
118352000
243745934
125478540
183390396
-300336789
30929290
78524972
-350373716
102039905
-366108750
876135722
-10582920
-459209840
441293088
551386860
806303358
142460682
-355927208
-33874584
8254928
166052244
844359088
121955232
-355881476
-547899842
-168133812
-127673295
-6898592
44192574
553796982
-90745446
-243805247
-31755456
-118512683
-352353141
22944590
-78129324
16995612
-202398326
-10123359
310358484
-101699832
-22754729
-379050275
287270079
-473944848
-498930250
-26356
-440499705
203651840
-1981483
-418142961
-809729011
-690825240
-102996462
-410387843
-242329024
57022872
164716092
83979884
-310754378
836424679
-163493120
240251162
280915860
279301100
31411124
9218423
768440799
-1417288
-304476318
-130072364
46747960
-1541376
649903290
-583064426
-108687330
24610396
542034178
154965456
-306879892
-738339600
-64527384
-262491271
277542450
-564643816
-108666712
318472908
-661675003
-275233387
468478350
657389447
-541266258
-621366555
-420824497
138200194
58240669
401347907
341123796
20547800
-26240940
-186593680
229871196
-5350
2043520
-19073663
114745473
665814990
-51170796
138284912
-36009464
48965945
-368252379
-475707070
401302188
46842770
-718907525
231133243
202041273
-687211408
370444500
297724000
13421688
265406316
-266109003
-139559754
-106115945
127780454
15877032
-629822062
417173064
-65113323
630235920
-376371333
12719520
-632211720
-35768196
-243778751
-239059106
204175394
301080468
698521252
75920208
-355237333
-63253872
-279536893
342210792
-292161422
472909002
690957120
631728672
-223563640
42223465
75886154
243544140
-221535744
745492914
358796810
-117956232
-685794816
247675381
-159447456
580793444
-72976992
87159402
115909878
637204698
12121489
-69744431
223201776
-703753785
-445048872
-550358561
-441675906
-106844828
-252993546
370257832
761862483
-252117596
-13005172
-289780096
262296832
3044344
-7720596
-96829677
-2682292
115324420
-395441802
-168764149
436387211
-15275130
-264798801
-110201586
-682536610
722326509
-55696494
-110412155
540460928
142281720
-174937579
-359416813
-355113517
444557057
780493831
172956504
-182626452
215967220
12722908
-193757160
519064000
-115443051
12743590
-371957451
2034900
980073633
-167315236
526781516
-193270880
556799114
730654190
-98874458
2517669
-12512880
553017738
-190224804
-283297952
164552410
156744110
13706125
-629229942
-901641
241460605
-225341116
157692000
119018331
132748218
369945120
102495667
-27645072
-263465640
39762892
-394093280
225774244
-143499840
-62825322
2732682
49410024
977472
340999700
-119014240
324511096
-22264368
-295747736
-7145550
-308913630
189933310
-185330368
449840340
62967938
354983790
224103022
290382730
-13148704
305899979
-87926602
-82524720
-126557040
698546548
-216348
-97991520
161747684
-136975700
71675535
-394996632
307357518
-168864900
-54712362
-213441595
28517265
516611380
-283704920
-324110584
319159260
-109169351
52806026
-333543756
-220321816
-197513852
-27661088
181712328
33730050
172298048
183821440
-28070980
-329512950
18677976
-5541465
40599756
-481491389
241997431
974287320
-115227684
-137455766
-74167056
-143806908
154517472
-315249272
171781984
617155202
-89632268
690259254
702003391
264350835
541863740
119174393
701045611
320598800
442974567
-86052405
-134740225
155962190
-206065980
544237790
-225102482
-204169410
24096552
62732550
577736460
626675739
444052448
165344805
126033328
946749465
-101134872
-637758165
-486051207
371066769
-878210930
208256928
-308053940
290672568
-653520510
78556170
-140208412
-826492644
209306208
-75215851
-45062310
330996204
-489178356
198336468
40211446
-783428688
567558100
-10868000
-295635909
-97324900
273420300
14367840
-229479544
536628315
-242302970
-17713428
95815469
-166536370
-606225508
76569270
-259050456
-100372335
433104137
-132648484
-482527409
-102812976
-93214800
229177788
-198893753
470837100
-150166800
-110277948
-248315560
-158007306
130047512
356909670
73615539
126226280
-14646170
-150667209
-403149535
-62360124
-165877578
623145684
343013279
-500616340
-250387524
214914294
20813214
-596406512
-159030300
414278820
7413497
-22121492
-48172442
377790414
55477546
-317114304
-682600221
227096212
-14259400
-211636778
650357400
504458865
219522485
87703422
-251503468
-70067144
-417393300
409381488
130219320
448582420
7078880
-491445252
723972284
14095076
-487177812
-57192
-331522742
-487294693
49431624
-786085962
-632053758
-398971098
-6237792
-339279500
9895200
-231323805
-420123080
488907420
218359535
-31145288
-214176506
207440480
-754679996
239153982
-380997002
629948362
-19483607
-315276342
361246130
-151931730
815998524
58357962
254860500
-605467422
-548233600
20492597
-60706077
-247890450
302612922
113690775
-326818989
-2557148
-716039197
-384863658
621600405
132403722
60121958
341177156
10653580
-50404283
346279104
-58978714
26039148
52375366
-354365442
-390104892
-502772670
197570670
18227556
62098008
144591885
167621470
-266606064
-67145274
-106962740
31709249
118269615
-982625101
211789809
231206972
565900804
-456092840
3591651
340159952
-290525103
171654130
32652585
-24892818
-123226250
-269115882
20584927
333872055
235084160
-757431320
-155932203
-357229260
883214430
-71538914
334320668
-117612576
-450617626
-367157529
296868160
-135938928
-457135896
-247430925
69781796
-40943168
859158567
-350131266
-130421556
-13802932
-318245282
568826642
506946355
-132358512
-105545776
133372554
398924460
135659664
-247867336
170977547
752061456
13524462
719876640
141730475
830962444
22139471
325776
11007500
-19884168
74317872
135538963
-482916624
646375400
-115769643
-27931824
57173432
551353188
537782778
-486882860
314032588
-69815460
-96928387
-127868966
-306788185
-162954363
-355028070
-598551382
131541902
108576720
303528888
-1011438247
385022647
80797647
936016389
40552234
457240876
816882
165023880
243515130
602042950
-236997257
-681282558
-256017954
494294346
209370720
-144757590
-332563032
-30611925
62832348
-92882860
-116393881
24253614
391276942
88342310
70396593
-46642530
718501362
-119025594
-729982142
151967816
-136459030
-52753950
367816338
669662521
-363769614
290149200
-21259520
-348827256
68777425
-331050225
39395430
123651450
450281040
-678962714
-165456393
-610414038
-200616649
-484272
211278750
645260030
115958887
-19086028
-1665592
-68856000
-468986310
42539685
199655490
206943841
339613824
10921
171046842
344444250
314016843
676044900
32649504
16613190
-668033840
787167942
-54143712
35748648
23106468
-21904326
182473995
250376280
224247660
861765160
150890022
105831086
653447836
-114439716
314814500
240864750
-618333859
252086395
-600900340
18182959
303893526
256954048
-121533840
286999590
-93029800
-262428950
-8044309
9158539
-63324478
-199790212
-504964050
-415745664
-312993120
52638702
575984444
534012754
-317246832
758606436
-9369552
216887930
22870812
179539072
289835771
-605317174
3361206
25993995
-26215035
369166554
2462022
-304089940
-189410835
-651751908
778023060
165212020
-304752898
-312889473
-55461120
-602349248
-294390448
427946713
-636564354
-285147100
164393768
-41729076
447420372
464339148
594368486
-146701610
295765572
202259750
-371624000
105096810
-16340520
20979486
687147891
491135928
-221475627
21598560
28241706
34031243
-340285680
596371208
558843060
-313283190
72546150
-167306160
11590999
-147988844
-26752572
335733195
488185650
151964618
-6253364
-394612160
-200922744
61871297
81984798
-120531070
265624464
390442740
-428223200
262606256
589976205
23256816
189304605
-706922524
-766036530
-848963350
-786149826
271172668
-207008678
24785810
-474312960
-48930453
-527807438
76192896
-639601560
725359150
35571774
234873815
324539384
-13924533
257517792
698432914
-75079127
-520770096
576210600
173323748
65524233
18367984
-13583482
-124622120
103527440
593109244
-60755536
119596047
-326474330
-560182952
-287635712
329371911
1373666
-709822800
-3606460
238671432
246149567
-117290236
372616355
-133376760
-385978770
463498650
1059204
1334863
50224660
-34332376
500188962
435156456
-693346500
-52537500
43208040
-528177148
-605961483
-82024080
-735479847
397798470
618855516
-92462094
-18212851
441740850
799253430
-7113161
341572908
114873373
105767404
58382113
41803696
22509620
-30913575
-239362290
-653139782
114474352
727795900
86877120
-243571660
-86181069
121446052
-283247540
-330345576
7473141
372869340
245263256
-121126356
222642250
-296856612
-241573995
11008296
-185000775
70835886
-26106380
395051400
-62835944
-184755284
-169344175
447967884
-437344570
-137588236
405917988
19560944
-246883515
-635750388
-102021930
412787394
-50776512
169971408
-17648240
-20174955
-253128948
-46944380
33725055
238745716
-419649552
-383026994
605044719
-459811389
-251794936
-698919768
334532861
-276442926
92051190
-876895971
474378795
578148701
148968908
75421434
6067836
-226052595
488066775
-563187141
190723582
322429720
-850915740
589660160
-103314804
-333792364
9130284
-163206144
41762760
217379456
-183201776
382464093
-462958125
-271637652
-24235212
-772156373
91079958
-157045242
-567450
44206140
334756332
422451733
-550558536
166042681
-517130962
-548827614
-298549265
-725295151
304235886
2186184
606991605
879841838
-7298060
135902243
292277490
52498023
158292684
86579640
211827328
-44234684
-465167472
-125060460
-317125350
-203615729
-16381980
212337728
538044341
133177800
-213309184
-63819360
-85794552
48275376
-61098565
-606760533
-208085800
-225417003
-31369728
-79545414
-217350800
407335842
170377339
140335812
-100125220
551862675
85154286
178660198
57908620
546516190
10676130
-98534215
-28943298
-94225648
-147603615
137468465
-252681165
29881860
275587704
-137883000
327402765
-55143374
110599320
123076555
-648267972
80361044
-14388800
-398876712
288656365
11596754
797009463
110474048
278525592
-76894818
-23069889
-46204940
-257740118
348619264
-72430596
-411531276
-384180324
