1000
470364950
441646335
-33815560
796946376
405364500
-568163955
-46784409
-82739952
-263616597
-404671884
19058130
78960273
17026086
348586692
202273500
-861677271
767592160
-760302644
441191652
-118630952
33576459
-317283803
-28537314
111511180
860958720
-276068450
-975246096
25138697
68346313
-269899725
-486047540
-274152902
559454022
-11207685
-370867732
128506976
165362400
129593592
-87720815
-291784500
287089234
611997645
125790624
-137912544
-826801960
-23039412
-329881725
73732560
355291538
258005547
13322272
533147520
442515192
-84253180
-685358883
169539910
-212581360
5443440
13640805
53962209
-90758772
253258654
331828357
314449607
22154566
-599921922
431261746
-22633590
-626484
-206632832
-38315200
-4243965
-375410585
369642169
87239858
171428840
250336174
25441647
-452946850
-7443108
413078160
-71674650
261557604
365147307
-626982624
23986874
41843634
-21994486
319646928
408892184
290154358
524325594
220919142
270360110
-65793936
14120955
-708895618
-39692532
382074696
374464332
281383752
-152643328
103672114
-449215104
-13680255
67153736
-121975181
-8145320
82100330
554933100
155543616
85339614
-610689744
114448440
-76526657
-231402028
-89533665
-732136584
19547853
-594647865
-473080442
-302159680
-282036248
394627188
60427233
29514100
634710560
-396054944
-17773840
577115792
373091200
-466487860
-412223157
-287759850
-56365373
-481926320
-159750724
-699514368
259628472
-916618032
63820908
-165411570
-46327297
-145636083
-91560585
-404416012
161548800
375775952
142485850
199818012
70071438
397070520
153354560
169192934
-25489071
826769291
231292348
-240240957
-34333848
-668319444
-3464640
578302386
-232105035
299243550
-297020400
-69379470
337463384
-51568319
-776307848
696607128
166335534
523323360
181319325
-210191808
-733153383
74530092
22030096
29208697
-57447830
-581749315
45625860
-88780800
143586534
520010688
-81838350
-2238944
414364314
35924434
-8732962
774532257
-785685738
9297782
475961652
255114006
-14677608
-83289100
167885540
233464323
-673086960
-484611804
45444160
595249512
-33650616
-325374288
-414151740
-73201
349700088
285157530
-283146200
-413811450
154360980
190632657
-23061801
350642340
943531470
-134374320
-410281012
12202282
-395135148
-218295090
132204552
-342888480
270207100
448601600
172904438
6023160
3483920
18084602
-55603875
-33035872
-98609016
364065162
149440980
-121855118
-167221740
575708400
541762416
301832496
464451402
485019097
853110368
-89611632
-84991032
-160617408
-125048480
34847772
-246982848
-131093862
472459808
-198496562
-550591335
-698436882
-67562592
-971374192
3651063
-104870580
169290000
128204755
125811322
-153894286
-587614140
-225961736
7624477
-287872000
526490833
147830666
-355641870
443860480
-96039080
437149072
303024834
517786398
20856654
-479959368
406010208
44949856
155533259
-463145540
31306842
-286811685
202421925
37171200
902140666
-6353512
69727406
-75236898
274954183
681774580
-592328385
-14754876
357020066
185979600
82998265
-3038065
51709000
308811177
-732209528
915915336
-178801509
-346575466
-455405562
-35599564
225484096
-110210562
198443790
10616634
-327393612
-765977058
509027673
-82042629
-246854718
-393047050
834549849
26972496
470598496
98210736
439621632
592314309
161471889
-39867780
-298604768
185977172
-454822148
-697806160
-982678074
369302826
143512482
102644224
-699092472
73280
-13203288
-226768984
-29999900
188933472
87790080
-241549560
177314242
535498860
479254686
-27184168
-149174564
40273464
580951550
-65266500
-390795105
136023186
41010090
882503284
132261480
-14184735
-194710652
98821549
-254321856
-443958226
-110685924
-18747101
178540200
-295487505
95393857
-26697870
-666870018
-430502865
150454281
174305916
-484814039
-59700360
-323329584
651776551
-793330959
343119974
121588692
3668976
-584239878
-113413826
-903361030
-164973515
-97005870
-599616294
614093760
-15923796
-444018432
-265904445
-347831253
-430710162
-357031185
455504246
343033344
291038080
394942744
-457537647
-661126102
-137860731
178543500
231760908
65973852
586944810
97784951
-58431438
-29507222
245537028
78765774
-371177568
133076160
-75541635
1287414
-70920868
124655932
-168803831
102746319
-90552490
507857252
1607818
-179441353
-54995936
663667823
651511025
185504615
268263231
316922385
-78557400
871984995
-36198828
-206658029
267579004
61371282
567946936
80048800
-285313216
646347450
17091690
562648008
-183976307
963463100
344323800
-652618750
-160369924
-592484052
-207047148
119420012
-320696233
-317559145
-149406650
-845717550
78661856
542306049
457841880
-589703382
136038200
-534825467
-491555232
678828456
-112056072
24198272
-96368286
949594077
-184138344
-476327670
822954255
317369300
-22362120
437208288
50405784
-220859040
29995485
-41777871
58545180
-261985000
311617536
-791680671
104095600
337478472
-100969664
864153628
165522206
-9980702
-385144782
24099640
-339643121
84235322
94165371
862527555
57467904
220395981
194500176
-409680999
330133239
-9440420
433407792
389562858
-168783912
507158960
-20944350
-671560534
238664308
15352938
-472995
-237491309
-110554676
-1644960
89060391
50427900
407891418
305336608
339643892
-239405544
-908009325
8196444
107870304
-277786827
197027019
-285670410
634833472
333398326
75906972
422834016
4852092
38396800
-369900401
192776148
374918580
-546319800
-27441180
-50752203
-316025360
-441115248
-308696213
54023459
-83997200
-103972705
257919480
-65061974
557482552
208918838
-242994816
118126120
53165216
223321626
-474698700
-7536984
-580065300
-365451468
50867887
-738804500
-301915964
-822422188
222643680
-328602410
76041200
-98699796
-69138333
-9039937
325055310
45425725
-123484476
-111589996
-331620400
-570427594
-536956896
-41795901
59225314
28572206
-213438046
-54807480
-14688204
-342205164
65302536
929535360
-75466602
250557120
75713608
-270708480
228301164
-313833924
285332112
-86858202
-501618376
148044105
-638690289
108089780
-308309420
-123343834
-181021932
-66218019
322606910
-115399940
385502481
505687406
-588870590
-365035365
224055016
-37576704
-876751295
351402634
-772528804
78362187
-172688055
324718145
-819545616
-150727700
-86742230
-84890541
-182700360
241124345
-249962930
424804194
-99378334
779021690
263819084
5317270
412258032
-189747826
-830229900
-233699960
-197677604
347741724
-46091925
-529921800
-92417036
-601800148
-2252175
2733184
-28114338
-142527008
506534773
335439528
39882360
10161752
-705685088
-528853755
-324955540
312598623
268166784
76664961
428177886
49872924
85230870
-374485545
173364266
257154326
228164820
715559670
65994912
483116496
-318143144
-896847360
-501723785
131227810
78651800
25242354
-798594108
-213521098
-745642940
-86391378
106026736
-35196280
-520163768
-32240378
-399825480
-394735488
-453108411
35917085
-20797848
-399261968
190508000
300577270
165263860
-199536124
-572975826
298043083
46836882
-8250108
-677831976
205658225
-383370335
824644792
-36348500
-460972512
189050109
510145510
189137130
-658050432
-257552245
121198879
-19017032
503154762
83221704
45779803
-44897424
74951408
-376960000
-63206400
-919678104
21920795
231423360
511023662
-116993079
55274622
-241960
-59039340
68427248
110237741
57907962
-18876264
-169031252
219286200
137747475
-88351302
-16465378
175056518
327540744
621834780
136415188
-663604740
169142512
492653298
19110525
102087844
479808080
357800
-245366912
-76167945
-8336524
-425556072
-602391993
23650212
-81678684
-379493686
-70678720
389712425
472657229
-323158788
111099555
-378180370
520853859
69671973
327083728
-219549520
-13451724
-37299535
-812800527
-380213435
377318052
-945870198
89701164
-55226640
333681540
-814633372
6325039
403277280
-884739694
-464896047
-1368656
272079500
88148567
111101309
-78275974
273260712
-256224600
-428990547
631015580
278125188
298232088
277323813
-199839406
-562876128
-172697616
-79131384
-207513544
368921875
240601218
103172538
-268286559
-264173506
-69060435
-124656600
-453087262
-452677638
156879583
-148176896
883370516
110149256
6613924
69170640
205641436
46037479
207189780
7085824
-200461352
-271649800
-257148120
722356964
-42545861
228495838
-187358208
714350028
191036446
498494724
-23622928
374790465
802418818
522293016
551426670
-388252560
-199454370
-408649337
635205502
387727680
-120436946
-3680610
-60578958
-74405709
-945200148
-35264328
864233568
-356048988
112238145
656001925
313840386
-62351422
-6728827
129670975
-60734276
1795514
80743210
582680670
63045440
-60210540
430757479
-258329344
518545696
-207678346
19191886
-671671275
149526
-7453754
414748646
-161159240
355320010
-220975608
179671884
-390289464
436719300
670569819
-153377972
22859436
438546348
762500441
-723675462
-595500798
-873393738
-475225844
-489328158
-51524460
335149440
590890652
-214266540
29041065
-84456595
802821244
-161445240
113182923
-547083264
493423776
663941022
37433088
75066914
317410220
111273600
-9994428
127259836
391481370
533742930
-381316275
563126904
595549416
137729691
-180874976
152941282
155270640
-127882208
-462445443
838056724
-3975594
123385662
89839717
-101707857
-25718729
166057248
355596696
-630912559
-131620556
-416913988
-367411950
-147667590
166359459
450100395
69454074
765742164
196736992
38045546
13277450
113869870
371785843
-246018465
-122182663
347301856
-368840466
756603720
-831105792
-12176490
-265240244
104352409
-51604740
-104864912
-135562733
48034116
515101905
-216665637
-137246610
-63147435
494107882
366318722
2484148
-386412768
-32562972
128430560
-61523712
213259118
-130805334
-691063980
-419525164
-146025685
-170117487
-475937156
-664350963
-262373958
80512459
-546113616
-397548114
-620616612
18820921
663695130
-21688056
116533672
-359893772
143766123
-108279392
-60534045
399585075
-845417628
384520500
156302080
232678656
-431537956
182503512
67233712
-495464625
586594203
-331333400
-214377070
-425320192
-406985658
428607530
-109550156
62499645
-335246520
-21217380
536688293
-571521005
-491756112
-427947272
145845905
-597187422
42859579
-92711585
-413144226
-422287800
-14272578
-418910721
-49263058
-78041964
24734030
46636824
-138007584
-780421029
-544880800
-410976930
565753255
-432015606
2693304
-119193580
206476776
-522984592
-186226224
-429567204
435760930
44636463
-190808052
-299230680
252345855
