1000
930042036
19675367
-170282784
-76102048
211214760
70528350
334619555
28567840
-175167096
419228654
-72093432
4582825
418790520
69474340
13298364
39230508
430576081
-515780685
529799296
765465840
333271074
-309366148
-323801264
-45689028
133275424
443690274
-463701900
218527740
24121368
-187907148
118292273
-416344786
-4505117
231006204
-151372540
-449418168
-4677981
-432238770
-8746356
-497862296
444795008
378299192
-315370236
-18438849
376712682
-182641030
598300
97407043
39105274
-109278351
-107590184
781724196
-130575968
599885482
-145101264
156110625
7887880
177092318
29300544
-34550439
-444157952
-5494688
-22713455
432219074
772884175
162574320
-122045868
-180336045
99791089
177850013
-333104408
-315447444
277226599
-866565567
428229668
-206502912
140729750
-79629147
-11787974
46326191
180082237
166295220
172903880
-85690134
304722888
17117675
597126275
-366369390
522805539
49900408
859808853
82137132
248162715
-401880125
-507575010
44990400
-543672092
-170646476
-226721188
837107864
-165057792
180484052
500772042
438555309
188569224
160428685
-518470880
323505966
-379248037
924707259
-241258116
83835570
14195506
-273058976
-75956560
420846250
-152399429
60225000
235461752
-16699257
-82634640
33366053
-239273998
-57946567
665763588
69402080
204860622
-184054040
9885645
-26093360
43809696
856586149
26747646
-261991856
69001299
-480134660
-31358800
48037920
88606551
-109660806
11321310
-98405920
788445975
-515056444
-622205614
546027332
81311598
423032832
-9244794
348263613
175557834
112095705
428282870
-337403313
-192355248
210097171
166796928
43788892
-11156196
99411920
-782309840
-493433488
32683836
-279634920
3367444
-230240136
-149506001
67441005
-290892900
144570557
-111483622
840608880
-22084370
-371303756
65542272
-292460322
-745978436
-14405040
-19656549
-433107538
-344440314
-202113313
-832090410
219876780
633002940
-264714570
37479584
-274258980
34739012
214559928
39644955
-105253629
602608320
-236367732
46155848
-326807805
702675464
-165225060
-134751282
444927083
454691324
-44202956
-690909865
-375026936
556434886
62194692
763582009
338639331
-147941550
-316571528
407852590
-168553974
-49384816
-88712316
-614029218
-16551072
-207327232
-80650240
-385017855
-334427478
-11338590
401065280
-802333560
6635106
-606515972
148021720
101624706
237792192
119373864
185593680
86489013
170087133
-376146072
-329443413
142841418
-241460898
416791144
522641350
-452281855
24592864
-347645263
-246999830
-387035164
-431996985
-429964726
-285995862
102055085
-77721740
531062090
19496140
148801175
381350734
77088657
-428070050
-383546532
-564992028
511697935
747776130
172806528
192341695
-150685718
167642690
63450266
-424093890
-300935088
-206204628
-561217740
33910250
572611938
577418688
-262151680
-676963863
161402328
-23297730
106424590
166043554
180577596
-213942272
56135772
85199660
-71535726
-130209372
-128370480
46089648
-44163366
512624882
481451950
509407990
-904106448
141470640
-32262587
-373996793
12956193
-133623536
-185412288
26487320
-580551200
-703981818
340342730
500514423
253743464
59001384
105123525
-158333670
-858971685
-49524330
-734189568
718446620
-644128560
416946048
-403681455
180444936
-105631791
-428824470
-645539420
-161908968
82245690
331633360
76074775
82806454
-174331539
-255749910
-77948250
130582457
-733746664
730291815
29485568
-518784673
14333760
-472036416
-223132730
-540081080
-320116750
-752102688
-65296767
-556301958
995500
73899410
111317974
293080673
-311351892
-238797000
-163557850
162745245
-21720200
-88236694
-1042513788
-361370100
123145890
71252286
42318089
-2783515
-72289490
558407472
-50625600
-688253514
-534303000
-768538648
12478096
-1338810
386004906
241235190
-185272902
-30268368
171996475
22458818
683452056
-246596504
194068435
393242248
-557318356
215345142
-28916192
288905820
299321063
87385845
-232205660
13405110
-365191920
328452876
2198990
60205015
444510560
440460810
40948076
105298770
-39799476
154106924
-140290023
-159224616
-138600130
160288832
-135566894
-20407488
551183424
518074851
-827656698
108440496
-578693686
196485237
167651472
159164523
-6015184
1014196910
-340354890
-70034937
193221028
-591470640
312045930
203871555
-225678000
241882596
-223040181
-49839364
-253399824
-566378007
63664531
90675200
-57792306
-205299360
-215271330
7470208
-16538349
49541851
176582212
-361374864
230223698
498173100
623780040
340273822
-641340306
-377617245
-22697287
-85997382
-59560236
85860225
-167276837
-639585986
-348906712
128917956
218937920
68883804
554639756
205526097
-222143250
18998934
-101302047
-388893849
-551313752
-454978092
394457038
193803730
182782326
182374660
-205128803
-103959576
33600588
-598827754
-88989096
14646492
251423460
-35134680
-166036206
252830935
-24866988
10382821
-254058605
50654538
280368204
200866640
-105655480
-76893298
6364137
-488943600
614801642
158065425
603672510
3845826
20398260
1049014912
389548440
-3667248
31892302
-189291758
-15577400
-19580153
-7285376
-580401920
-77661525
-77017905
814601886
22676700
-356589136
150046227
761230099
-669706349
283884795
443486718
-148495731
1086600
-257175567
-310448335
455743086
3650342
-509953743
79445296
-411356058
265766508
450934092
83070562
-15140625
289839522
537041344
-87924030
-627061864
1943224
233722526
-122914349
-143875008
18336544
180046584
-421664232
976556490
162711275
-34057338
-3789051
68688465
67064790
-8130152
74119160
248643082
108065620
635385876
-672514356
353130334
-249387936
-2678040
287477584
36835408
67171364
-311544544
-104342812
208820032
89101386
-332765778
86553396
64235700
-5170807
-423887640
-52951654
-44497728
180396696
350406816
264978230
-144432540
201242652
191375104
-644568522
-6600840
-191077856
-637579772
-55784430
305704483
359887788
799119279
-517448848
21972717
519471810
-510822270
358857252
-527495144
439363275
-52993692
206922520
-693703400
1022875366
94210468
-7254714
-160853966
250197005
-211375532
93367400
93266964
-57596935
-556751568
7557770
-1051648600
520222440
-31858491
-304707228
-584889448
-13968048
385767360
-529610688
-34010688
-404414164
58164867
63409008
-79257650
32844643
113743855
-18811716
337801860
259608811
178940333
685390472
-725215703
-282954525
439030137
-388065312
214785302
98875392
-28779854
55841283
-8325234
-33278256
471533760
34618038
-253435920
171624050
-82110026
335965336
562405206
625459146
-45470931
-13036912
82510246
-272679846
33417704
-48146265
505166950
-233394872
120835700
-387828894
756042020
255882072
525904272
915078057
-4573095
-17878770
9722373
-784645365
106719840
-266897085
198946965
95273316
144555489
-491460125
617739300
-101491598
-21025680
900317467
520459668
-244993740
383761197
-908687286
-6090025
368996105
-8583485
-1284248
-292236360
-846333885
-220688580
-106158492
359972834
-315125404
-375488042
36769600
-296911828
271744392
24948320
-387531837
87379996
419437320
-550678748
-280149228
77638940
49887999
-31220706
-217998400
-159969684
191305959
-50945668
2287680
18014818
-958232589
-105822354
13268217
73613928
-79979386
55662031
602402906
167839904
-90669600
62855338
628924338
-518200345
-116296036
-132438907
416574928
-80010840
-439492628
-31953880
-21035205
93344264
121582296
428469819
44049732
-52791778
75672212
13166084
-353838976
252722420
959509504
50038044
-328268884
-346531910
-190206744
-153975888
384505184
-226218915
-638860887
307139377
202589952
-84412224
-197598770
632072914
138905160
-25110276
137582757
-3826581
-7844862
237273000
179318650
-652816710
-139772970
-358288974
87923844
-73517304
317426387
-5076603
382422750
533689398
-68233962
-107776158
-61692960
276620470
-428549440
-106162259
372859389
213206322
-77835351
-598522860
-466168738
-291937913
-192418875
29784799
49327752
439382404
-10996678
86845989
23845500
119914605
-842075838
611051424
110505780
-935536284
-27047766
410569299
-465677990
36176380
-606610979
-31974732
86070864
114816126
-610414506
-162266048
696791992
-284499540
-662096512
411105240
-86288099
118167578
646222560
139000436
244297812
670834008
171974176
155061396
60418048
-15035790
-276432176
-388830078
-236531240
101750292
-7865775
324105907
88730305
192389340
-256316390
222897216
531666314
4833600
-599113856
-163039440
-483370348
569806712
-76371336
-73186823
-97147860
342164900
92346205
54117261
236787240
-69888631
-217257750
-268896480
-578367600
-486376690
-700015398
40702520
-423874477
-89740800
65605728
-77685870
-333755136
-345591960
117986280
-70004053
-347234989
-847621530
1008486594
-224488740
71635212
-484936896
-62771577
-12157600
-23026074
23902220
-587129616
-262932356
785566536
115090048
194621999
-226416015
288580950
-58174708
-171536093
-314241
-158804822
317767220
-385526340
-13095000
-118165070
55014982
372588710
-37442608
-166885296
-944565696
-134606070
-65238680
18503344
80346208
25516848
799135879
779067981
994462128
-289400780
-447182428
-706246914
76508626
92588896
74890875
127827723
434192670
-9624160
-97831832
370090050
-161921952
326100341
133499835
195870942
352024536
28447281
692400276
362789028
223469016
473834258
-148546982
-120154650
-58579335
-82270072
-159447816
-168196080
-1566172
2511224
27569220
-99559737
-58051011
-734539872
289054060
357374115
-18108216
24113233
320723325
722002442
762041137
283232078
141090740
-250057160
69981664
-10067870
34074270
-609547664
-124557660
-680879900
-16984506
-90965593
-271852152
36327252
173151918
-263056032
-529018581
15664896
554154939
-254490656
579172307
83986000
-41719016
300772540
48036267
-742279500
6248354
491562027
-132731104
-364732238
296139480
-206351692
324179540
182018112
12398162
56959064
64971525
590973408
202620864
-612979304
-410643894
563518720
920251640
-145890880
-366723216
-605477988
-52896987
-201603501
-173688606
-707115177
154896047
381506040
8428616
-365547105
-184058621
249012827
42860552
-405978306
-368848191
-156653640
14916580
-375001809
-158037599
144029734
24648831
-19377953
-573888108
299575626
-15380610
-338215852
-831398
-76438390
-434431530
-818181450
167311537
-58104874
542274480
170920200
919234329
604858275
40040352
-3378480
379272908
-710879088
166600160
-11165590
-33619940
-710919580
-30989340
-924812900
-540197640
470827570
-123572394
306660380
