1000
224998102
-163256706
-111132793
-651409655
-128230728
154505330
-401625768
-796483311
-339509650
-164899670
-417762975
14787710
73086870
203790120
-270974706
-311672768
281371454
565102712
33780258
128334600
-36328
-239826405
-148645056
-889342260
-252536578
646796360
-480882096
-476649846
530602160
-504114156
-156064000
527934960
40218464
122754359
-447675
103119648
-263462820
41168159
-37429125
-342063705
-268921250
5399360
-141726230
24239358
-140451317
207342225
-632282380
-331650400
704752032
242274384
-13517999
-425569820
-37638780
40633571
831592776
876863570
-195326880
113764925
478068690
-727596667
80416404
-90927619
-39243336
315406710
-518280134
139394970
-818691800
-10562332
61105598
667604630
359540376
109311840
7728395
-41277731
-655847098
-612941436
2602432
-211113540
-224763345
15452384
242314084
-14617022
-317556184
71291652
-209272019
-406994511
-28287504
-512255700
-489809214
220179291
53125100
302119444
228378508
5033574
130511200
28755300
-221562032
-47872450
144764544
158620438
-460761400
-42181540
268169160
345611259
57716637
431430085
-37649320
-392874150
2620275
67800366
581761833
308524736
119389296
-930451212
-1103300
525329658
-110876850
-1638936
53015688
150212989
106164476
334077192
-333165312
371487275
102918318
-947852140
83190580
344005848
-181090800
-278146320
320245836
243685260
-49419394
344779719
242649297
-453453955
69012760
344550976
186301599
253523144
-1595588
-94892694
325878747
-173784803
-13836492
-19565480
-43075450
-479497053
316485216
-60013800
-299437812
-664601036
17357272
-36840162
202952400
-160317420
66789192
-347873630
-8974580
219558948
-52935642
-752465604
-275265870
-868303050
713809611
-194885892
-513878730
-100780356
-454636177
282181364
955240284
363646240
-357639444
-467255684
-195810196
-17863242
154098712
191137808
-128547200
430109764
77982892
660693495
-211853154
89258346
-128107746
-262973345
79965606
281003665
-107561762
-125885220
-556917008
82043994
330147687
-568872267
-120701243
21929565
36901540
-677631663
-439865485
102690615
-677025260
330305500
361618992
387590592
22404830
-57690760
-82062507
60107760
103483848
-180592730
144815788
457199750
644334750
-246905846
121387310
-302790276
267227104
-181736538
-156282332
159676160
184453590
-410695245
170281536
13340572
-462955595
544017960
-99221253
84950613
-269547310
428675418
272134005
5035
247874760
7947696
168745656
-233428830
-595748914
28129933
-627964601
415699805
-212003520
-29751308
88911260
-284701572
-326001990
-49403844
220500150
-66740177
75443940
318524305
-769299273
-518257520
-177055428
3908072
-36230880
-101973200
238259046
-674194570
-408256635
398456146
-37394020
210993029
-231788060
-353725550
-9384444
-69024627
504403911
-111122374
-38646800
-41521416
498901174
-452626560
-33121440
-373137780
-133316402
-319775280
-379984974
-278380412
556600953
-217762200
3693906
-196203396
509278014
196907688
-45011240
258658840
-107140242
-616270928
25309491
98290500
-82069155
-214251942
500890312
334890772
807285864
906354900
949848064
-527702058
-339240720
-106317132
525974760
-22240478
-101875920
570215572
-238733564
98071040
43011756
-25955192
-651814002
-439854158
142415266
-139484968
-177631352
-5683857
-71156232
-93338672
-121425255
106266000
119176200
-418069548
-317683920
-116237592
847672854
-334670028
115318760
-288696550
-879543745
-68684949
-22201344
-185941272
-28468914
-797156508
67111875
-9604044
-488810020
-482838882
47038540
164342202
-11946948
129312775
-29618432
519628419
-460764336
296561916
-265422818
250449270
540492099
360818250
-205774842
27850250
52544358
-588938560
455672952
108820633
-654874191
-547745219
-223863695
244793458
-1881363
271639114
293431424
86514220
589203440
-426831471
-574950222
-69356454
40422679
495826592
232286925
640401924
348931856
204838236
117582660
3332700
-203574528
505678233
604026416
-324248563
-390183963
-134756627
-179673858
-731508440
164106600
42951260
847882672
-248806944
166928110
136036131
-245135352
265177902
-29643300
-240724224
189088439
-24494458
-296037963
-190267224
255727990
228999267
423249427
-450880245
221980744
-73233828
97225308
46382275
-373088562
290617743
125195803
-209656457
-406481292
52514010
-119997888
51655123
471584280
103913190
512682768
167291691
201043370
-343309302
-186821502
57338428
-63428190
-406249415
34141575
241900405
-35173061
-147167640
264112901
-37822395
-2043435
215116650
-54865534
38473245
-27444672
265730808
563774904
442399776
-82199806
740182044
-189072730
-348303788
-356132396
4761508
-261827619
-350326660
-163448754
-253080436
200676177
487575864
32717916
-360606190
66684989
340241089
537083582
-36597231
668242950
-401498790
42502601
-187735504
-2699885
-911414066
129728512
128426450
-239611736
-8730499
-275818966
242669152
249050428
23112042
442108601
-598011040
82164400
14047464
-202822326
-417582191
-174263176
408650109
-520605288
-636951849
390328075
248639094
14008449
-2893975
-1188572
232895646
-304799130
-639548360
-134268876
810421184
120765008
407029827
-10112626
18117515
364488795
84919440
-158583546
149931870
-526312984
784937948
5868416
562853454
766915370
202038914
-34715268
-705341
-18820396
227342976
-43422720
292506912
-131646780
152861480
-870144464
-638477976
-298496116
60155724
2858700
72258496
606600120
-287303236
-184242366
184310169
11851920
200009984
-503367540
274900992
702755703
-12022725
19616168
134526018
731265520
-969574359
248310139
268671606
151849712
-19361085
-35889687
644178821
-176901984
654202008
559358800
-100617348
-59472301
-114528816
112362090
-19221008
259312835
68777104
-273708595
95396940
-225309618
208036725
409467312
540445134
58184494
143905728
-252075576
400842038
116765496
128490556
-403559316
-44579808
449308404
-62207496
382087680
61966440
-92126700
-55398105
-568709850
69037668
-130888676
105207560
351356544
-156557895
-316708205
590171056
-277484064
-588129060
538252954
-229890816
79466962
457151220
-116099640
-537620120
-72159584
353713430
239518960
-231949832
-155368450
-88957804
135056394
-342495220
121632225
167384130
289282200
-450737502
320099137
603634773
114742444
57542476
99503500
246472653
-51176192
-164930233
-471110640
71772957
308212884
65516245
80813754
-44207702
-155390235
-4553000
-174576360
-73192805
-148620270
11878332
-678252132
-48583665
812619324
687731821
320411597
-169935804
-84683180
-123036320
-48395712
-96291272
-306601935
-325864480
319496740
-89999156
-94033467
312185220
-137354976
95513461
-147871490
-500623024
-626241216
45224598
-27102190
156418048
-28895811
455644157
33857424
22336128
176650136
-739589908
-275568410
-24407118
-128762610
-153239280
419509482
180893280
5109774
34127949
-509006064
370210288
-331463475
-376156582
-373882311
-55750695
148755693
-362230996
-737347455
346566990
-217617153
69455800
-10625940
-82232280
-1798260
-116292410
-120478299
-912005
-6786640
-25100156
401250780
-747767760
531021810
-276739890
324902352
-338523901
320856739
14476742
46602897
51585896
-272842420
470722232
168010427
-230167104
-685763700
52360854
114570495
441347328
207437700
-282814890
-167948054
2551500
-290436464
5056524
-510607620
198797600
102921327
-604053450
18547376
81968708
-164392492
-399970602
-5885460
371248800
411049928
28052756
-49217350
211213388
56805075
578713765
-651670344
-203276032
-50844582
-303367388
490793530
231576720
97855447
-71135290
-19658472
-82075932
130896556
254274246
-800441688
521498894
20643984
296995120
-419856866
-563693780
5623089
-77668750
430945984
699704712
-921554039
-219719051
-118504108
236443024
111840365
398715768
-692178432
-80460702
-9599760
632774362
222837346
6680208
-173300292
150552740
459466392
626829840
566325219
150675900
-44144744
157672892
-117485550
48248310
-188357040
491507085
-100894326
-346012641
83568422
-398638185
-706130
274259412
-31275396
-5259072
-754260
-546546231
-81021248
83563920
93215592
-73499696
815159904
-261822536
-80586504
47517805
103993206
821440120
-582293434
-349927500
-4905978
208268028
-59848728
521202045
-368296173
-36175744
91956825
-119066640
1517738
-121137660
590845168
488659932
-69336285
-240634680
-22835890
893607390
-7221326
757029863
-230295585
227172777
21578436
310334220
-24459595
-243231051
372389479
17947655
-234169254
-169222845
-25404696
-279969160
-326897288
144644400
-26479554
-220330268
-244447119
-180187098
13456180
-191192680
-118262678
-360366012
-28566895
-487376448
-91500392
-456670894
-532959976
160777974
-625524790
511585190
15642264
-465047376
662226831
141396684
-493089124
309857520
-25143760
405910575
515175606
225752592
649208232
21585630
-213642308
330458940
13901966
-54715928
213510825
17172822
579005392
193417298
439574168
35622996
195198966
365909448
-457605400
-226048204
37636218
-378006840
239482061
-4775783
-22383053
10204896
-341278074
214959976
683628180
-280416
57229650
1535658
207250723
-1006443198
-232894464
-141814321
179796510
-19352332
-913444958
722332160
-205512450
87994376
334328861
-817718930
182773888
-313168870
-497139280
-110859395
230896455
-218916234
101949400
-545339844
102800240
202948849
130319560
-310138910
-509746020
139953672
-337635423
719776120
-138167997
-52247232
-326312556
19891869
-252276528
254813552
196943208
-482679504
-2517669
-258552836
670185960
35759796
299218820
-508602644
405228993
-342383791
-1012103163
115663835
410966712
137568310
-270743515
475198750
41870377
13510972
12814032
8706960
76171160
278185146
531087232
2491356
-399050120
204228648
199295275
359458274
223131392
-154318775
44755578
634685340
-255032274
-428649380
290678492
-731037696
-300655124
-172621716
-602560347
586224000
36272908
-252067716
-773042854
-256830782
103671841
-389507144
-333972192
-194825820
-72622704
-55128112
71927308
-98768802
-126036036
-239203152
-108434347
51234120
-418458653
-248101824
-83623710
730233188
-99139206
446404070
-173289488
-368762596
-72487732
461146270
-633355680
2746332
-246608636
-67196421
-253592424
-19635896
557709240
324802434
366752560
48827520
-770420798
-86860233
409985895
180717095
-195306584
-307808997
49010643
-298991979
424883669
-223337604
779534830
-16142560
-284595088
4993427
-422987238
-156997405
115618932
-215923681
-390699648
612076802
480149960
786132
99156144
-93786496
