1000
53781588
-267255808
11595320
-133341534
-291324564
553003605
167446080
180023460
313521952
21068250
-8410144
-709245600
116350182
-889075082
39296512
27566910
-39934950
-668405114
-37892986
-238055655
-253571389
-663311705
64400000
355112694
5562590
62494192
116524016
163352668
517367430
178639020
-198367637
-456264018
-195322072
18189486
81776970
-224049408
-611471392
185424162
22659252
-295952660
21450912
-607243611
24891609
-2129050
181718272
74181975
-54690757
-715497138
-187926213
-5752911
29149792
25153239
142207850
2126520
39808890
-61176608
-193973260
-245892174
-414443484
-116857335
-517618522
-6563968
-145397308
914418576
-62336624
523741581
31215998
-612978888
-239612890
169915070
66986205
282351224
144243255
175503702
-41596654
-731188200
-651389914
-386567065
-210266700
254318999
-82890690
1006076465
423155591
242478684
-42979563
423319520
-50346989
-390980519
123758492
-200215356
-131168832
378246615
195340790
129334545
-76431756
575376880
259661402
442738752
-185482509
-207766570
-885728358
-971950928
-427333856
-86504452
343319989
174926937
460839492
-319233420
62570400
464519727
488689824
-710418764
652080410
-30585946
223034385
166162212
425538477
2974800
24314150
-40056672
202215070
-114667280
-66760508
437256084
-33860680
149891034
-862053842
-775157460
-503597720
94871006
188480819
229611289
-183871080
-82295206
-2986407
-8923443
-869626968
163886602
-212830299
955968939
-96804285
105485716
621882270
-20694960
197775380
-264692340
700141695
41845600
19279008
-656320356
-103575441
118273386
-59461138
33139946
-61308896
-55933021
-114532650
882397516
-169813908
-463008904
-682378025
-115286374
-245444056
465404031
262070038
-79462404
601550219
-477245960
-539323623
-294695500
-12869760
259985880
-100137752
87936988
378347469
-129052224
28026712
-86339253
286503276
232828145
851097028
260433646
562824680
147655022
402960124
-844531475
-589184316
448059216
469740937
441981984
74952
61955888
223050235
-469650099
152783830
498775284
-517131615
-171496952
734002491
-9550170
120860352
-96019623
-37747600
17159478
-195379128
-104116263
-117271700
-390056791
-30102142
1283500
726050740
113878369
140512293
-374815584
18813410
-599844932
83987112
-357323260
468957112
-274476956
2729584
-219060330
-325443723
-148173608
-222461991
-71414895
-508859000
-22636171
-272891268
17205299
-454322205
156992620
-343377500
-98027802
-37560146
-501633000
-187382294
50510130
248361471
120921350
-509379954
465986784
258346451
150640560
-329280000
-531518790
540873214
8528404
-488403216
-176145519
41627404
-154095480
-400761984
352594017
541882464
36165189
-1052940
15070240
412498740
-267127808
-923356114
-994824090
-54072282
250829700
-141130416
-37737460
-62529858
-163672002
145059763
-392699565
-140122050
164754898
22226842
40363083
130722480
-529010064
204734848
67921794
-135109674
-27639424
726642600
47053038
-15321120
342586160
227954888
30493803
-203649985
438495552
328039743
-217810944
-495002542
-132536868
-193105788
-161655828
154599921
-954436130
13365732
-254443080
-508597551
594712394
-543562889
-178891424
438746595
-368191905
-105849304
39075880
58679500
-72283928
-370636584
-90269322
-53144550
-105739546
107686110
141886125
-48307380
254093895
-3406278
51986502
822800874
31301655
645196402
-122677560
6748926
-192720480
-54227420
-404181984
964650420
-110036665
-713513018
143179177
-105622090
670638958
787127471
175793316
106780292
-195277494
153053600
-104309042
-153001248
-119902318
82075536
29052681
651074208
-203473760
-113155224
750743532
-123401293
-248722416
6822634
-557516820
182903397
163821460
284610386
339109676
208792161
209234844
37444743
-17613156
-6548705
103204656
-46004257
-246770685
-139624680
-217100905
145106800
-170081392
33856050
16178099
-28185323
-182368876
225889274
429067
674396640
80724021
429444150
235997622
690178680
83993744
5940340
-342393480
5152860
85170841
970829952
150526878
-7348560
-464919932
521773817
477119013
-162786050
243591600
626826240
226056638
242705032
14318913
-24115620
-48465200
87423600
11378848
-246678150
609399102
464633222
-79470405
303678147
307224429
297463171
501640672
-450549784
-31554174
234349134
70402864
96111792
-138533639
529775255
200398320
109556406
-17086056
74734614
689130624
13019654
-238691458
139674717
389657014
489229188
-354091642
598848714
-319391349
-36534966
142358428
306442547
102997413
-3963424
-421910872
33917394
518484570
-41627900
-18115188
-352863973
-830731572
1863064
304138918
-44193227
-76684608
-4181418
-6123078
111462400
3899448
294537958
5462280
187031628
121560400
619980821
-385427853
52819915
-295048884
363727000
-76718144
692249350
-671236800
-752511467
-121127200
77792850
2846312
43592940
-73130164
-248890320
56200804
263301600
-349042624
274579460
88247955
-69888550
95489943
-195196350
708495656
-42830991
29501700
-473724777
135494364
4344688
-255688020
-276620526
-103587040
-314041306
1003844
60761976
374401846
784932449
809840560
-780528960
97756076
-610741040
118574640
-312155430
-33283976
131633600
-104461104
318832154
123651384
-122976525
793006200
-743709096
-122850090
12642650
-409099152
-45741484
-649761090
-193145600
214947416
512018774
-142797330
-311580108
-334406889
-539587210
40299655
-26418830
226013202
381720070
627923606
-74234556
-755775000
354191421
-201100900
48762
-276725302
69472284
75147369
-291469248
-131145408
930999794
27897408
284692236
-47113561
391378603
-3717450
-657590404
189617484
313384214
90661796
-171898926
272830572
-2048750
478020
-216841974
483765870
-256273792
571017489
263579608
-293728482
-7285740
780986122
-160606110
215776179
41376758
-168927644
-27994622
295847929
-344541078
-899699976
-172152720
-325011440
9188916
-380531220
787895344
-22722875
105533615
-611050487
-648231896
-126952824
-342931524
286794300
-118841250
841573135
133230312
278386394
190116952
147386025
42169728
-842111924
-379558884
486072324
-645795410
-463656886
510083406
-470756858
-336214424
-465998175
340444375
-69747970
-2614080
-51476601
539280192
-691576520
18271316
-764225478
-10785870
822884041
197329436
34371396
-180663300
-82399680
-360817008
-24406760
134945504
131940968
150339075
721574490
-823754148
-371221875
97366084
174325692
84838941
-928822601
-103518765
-231984187
-141125904
345933836
-607116492
544282345
-54538176
149053518
-51393650
323739776
-321129830
-355410807
8268129
-198964890
-554707616
-228073587
67657874
-50686938
-3565632
-219974202
516970656
130152478
-97038122
-95679892
-196305408
-595677000
959588681
-550716436
402604584
-42190200
-310503000
25505568
217886922
595486704
500999282
-9590448
-130225788
-710579518
-362812338
-381723069
602982044
152731332
-388199364
-22503774
184639788
321098232
345667554
268534392
-169335562
-911414196
-369329148
-167891130
288071517
77722540
79152197
-343545300
-61536179
403344134
62015720
40197692
-62871003
-259483630
-276736986
-675517241
195093471
-244126512
-325796524
-40643991
65023586
-550531003
271896625
335117440
558132666
396230436
204350578
-196576803
421514
299709872
-129478900
-516899505
627058614
-204896081
-240003960
11212290
671515775
64932294
-346945374
-239631798
382084188
-234067920
-654848484
671844635
-53378270
265325033
246452006
1782382
235411383
174176450
543759952
-24652822
395146752
34166682
137847499
417944554
-44523360
-181881739
158884068
126375065
12755728
161595945
-160896840
26645922
-12930668
368757040
241612918
557331005
-765864255
-233450904
-283606326
-385070910
-698603994
-5784688
-767771466
116633304
-719695120
-122691840
-17800152
-304583334
-489720
748427589
121356060
-54101520
682271878
-150865338
71642470
-217792204
711882629
473366610
678106152
131544435
109505396
397248261
628456250
-98187320
-578116120
-212173464
243735256
127387034
-304733286
582193280
540256060
18420783
120611829
657443619
-403111584
9168501
782121352
-106413570
36495013
75207111
-539912472
648366467
323361763
349653504
-685615284
-169588755
51367800
-478896994
44985774
3101805
153836388
203861006
213392670
-144043500
256878076
361152112
-132925500
18130134
-38066682
524339501
-326558650
32579048
48698289
24049748
653702975
117159588
-751168000
-33957000
65301885
-542513202
-799761536
-143571543
39112434
-843971492
316652856
481941720
-34465431
-368460437
48925212
190674261
437919790
-9854593
732535176
28341625
5423680
-345815292
-568389555
107986388
-399115005
837420380
504129640
-338437586
735838128
-2687598
-488359646
-464872815
613127806
609742490
361649694
338649780
-39898026
824854800
-217556658
-5079726
13084968
2090900
20978073
-56825390
-196263435
96522720
-41004859
23235255
9026304
-634887600
-23765268
-373920690
-702157958
-455921180
102072436
-69114390
40870430
348283545
-19363402
85915788
327209856
217048432
105918651
-250457548
-188086686
-576443528
5770850
99107396
468118602
212624880
286954993
165987522
650279520
-11755029
31892968
-423663246
50965800
-164355418
-62770308
-62931767
-61474533
181753064
-187243064
-669690923
763565776
146336740
-513788110
243588504
596212898
-700954308
-160131125
-22688484
34986431
-247229810
5613310
99802345
-881728
-158673944
-190587180
943389466
327762576
76320777
-159158780
-459838388
123317912
-645098720
-671333696
372616832
366146055
-543674427
-814716
-38289335
20897657
-175741344
709227504
-116505683
152370726
-144667760
93630345
328595328
176012877
8013500
152789814
1758582
-112098360
-63195552
-641194906
-354211530
136350927
34709325
207627336
484395399
20936968
343407562
628309704
-543384807
757642368
42698370
-227786125
428197840
181723840
-631047432
-43891152
-110514586
-28793418
204384516
-104758986
-306601394
-742223776
-289049524
-355919586
-180749320
-342775992
101474648
653366652
203439794
-231654275
412911890
-700608384
106951386
23920248
-44735496
-48644310
-367447960
-203592066
-4538435
-70317968
9590326
-726941555
886637856
164593275
30616503
-158878762
-287003571
-289635312
-398170838
11036443
-6115276
289993484
81439059
-255693270
-9351160
812705315
-408926856
-170480145
373061615
181313600
-288252216
42506744
37180645
672970238
-203742672
-326634668
18436143
322076364
67604361
-773622952
-25732984
-260690450
398077056
-954518240
157661275
-187641832
189103152
