1000
-81974922
-257868750
100524345
663852856
289567000
-231315260
441623432
-167820680
264687174
-581224194
52092953
-249909114
356029310
-43678350
51209004
-823636372
-213295712
22413768
-61091658
31272108
-72922150
129026898
797618988
66105195
21779956
-315996680
96978741
-627107896
354784573
7209216
630564748
220072138
601345170
369101470
261800532
-821757636
-94727430
-227520306
451530212
-601629336
597902022
-482594355
36806426
8625680
-628238160
343831980
45843048
709146246
482809744
315526322
-9134144
-539930727
-73430280
-159881970
-116174019
9544414
-329581934
-29757497
-787575334
244633584
-309548720
-1892252
-61692087
172094312
-613652259
-248646640
10078928
358048000
176668128
-221351900
359384388
531480112
891089056
-458861837
-488253150
313021422
248760410
100201101
-404958701
35871803
-321912325
360593086
-422761185
221778830
-291917496
-66958088
-715889720
94364360
-179101366
167914219
-69455968
445667703
27092480
-51259215
-389023170
21921760
-135932860
-115558524
282910741
-567558711
-507968748
316574762
-795346192
45311240
-122200399
623429928
328465445
827092
-89454664
-429716000
-761377152
-1063731664
109531935
322550608
-833350682
-723793170
478081156
335158728
17521205
97635564
-331515675
-169420320
19069559
-178126492
-300838256
-149400318
-176543928
9153792
635680116
-138508063
-700071450
-769905738
-269103560
-357977793
107542240
68306901
-167135364
-51693972
-135817913
-162526572
225357580
388520880
-13789921
36843125
-595105296
-268360368
-1033321635
540071829
99788436
-310895865
778095360
-35338545
8302140
-243214356
-10023936
552026672
-67575690
-357209741
-2563860
-8096760
-887430775
-578065431
-141331400
548900280
-658960460
98622046
-473791068
118050422
-78581899
-512881817
43380870
-47153925
651291804
-528716976
-49392552
-304829130
-645163651
107690958
-49530568
571127237
262508674
-30680576
31034153
-947238086
160816890
-853968939
-6727792
14796061
-47107980
128218545
-578775952
-714081120
116499680
425506919
127145424
-659414893
-98669733
250157514
247001664
-508190340
169073944
-862241135
-750108612
579081717
29372304
245313000
253556820
15256500
-171188397
-159876704
-376092585
-560738147
-103233771
65825865
103370722
718015121
736770184
17164950
501613311
245833875
-67660055
10155348
92822386
147784500
61441578
24012975
-255319839
643180528
552622438
113426272
-221765376
464502555
238623000
-331367904
553968324
299249334
164010628
-373804176
20468006
-246185730
54447988
27829879
218992400
62285760
-71454495
3954094
-346577065
30041855
-251383464
-88248964
336862120
-233938152
-129030199
304056973
31142178
493325656
154350
-214763072
-376616855
363078861
-58740640
-564992752
179749552
545037687
31803552
679468482
-52832909
-594710272
-211117745
683880498
-24379592
60561210
210378460
4391022
-685524210
259011250
-215282958
148706961
-258827453
-100208514
-591835533
-177222945
-9958824
-216662819
79675450
12630076
-490966152
-612313896
24305535
319132602
139360256
-129088295
14410373
340795000
724027125
438124526
-314108550
411448805
689384528
44546280
591708345
27316352
7443711
-10816179
-5622736
-399631566
126365261
-3824342
-417266365
9563075
110185200
-253191296
-258961374
-208717332
381880005
-392681436
-263822328
-378173862
673712820
-959733780
-315331725
880047249
28476492
-27715
-512887712
241187085
493544965
121262336
-183847031
-755458620
-163283946
257548401
-12455298
-565112410
-492102191
289739296
708150100
10672300
-38425608
-643383972
318128008
-453582020
-274933792
-213572580
172162208
389950153
59348030
383371456
-184409390
176845000
-113777862
-549192280
-191177226
-70854116
-365733390
810738672
-667958625
154621188
339094782
-2990904
1006927128
16425448
599638887
-314622528
-839861343
-400350704
844484498
393094881
60123271
14047440
-191381920
51725527
-239968521
789188049
225459081
-145076757
137674803
368774406
-54711296
319175390
-482681020
17111958
-602360518
-111874390
-637992504
658494115
801386829
216335222
-54218776
708538736
589177212
-445113408
-151569080
796173442
565067349
346777600
-361327440
667584904
132644560
-61197081
147371130
52938860
211661900
235609444
485894565
38031866
-61984305
7310952
-272151750
948722910
-686580720
267654618
-1310490
42922769
194626438
43114812
741570651
-405798750
-95912896
76840060
429719330
-249071410
186301302
-148657
-2694276
-251866475
151896404
-102171480
-586532224
-36973600
5383668
-270056640
8313408
-254818794
219411087
185553194
-190121074
156963210
-408126222
-27432696
42088140
-193726608
363649210
269517185
-620739053
96910691
114944346
-162519480
-574297716
-250033768
428979112
-223560000
250029964
-797356026
-385070400
-26129718
-623049510
418505962
-205640604
54191945
317789637
-202723236
-436444620
414763713
343089660
89576292
175990560
428224014
-445480803
-26477934
69470850
243271468
194529500
325780544
-174921012
5883148
173297376
-130766265
162061620
54189672
56972778
196819084
35443210
-290497278
-25736616
27806724
376110412
444524652
-230512739
-202897094
-647003008
-2365688
-397167777
-227121297
48172487
372585600
121766774
510455868
95123020
-372171834
96069645
100595264
146767278
-84927150
255518124
270924940
195644160
71748000
-239319855
-280307643
133888497
-758404560
-214692426
-33728870
-54061358
-334710033
-133744400
-548021880
-568370043
-629630800
28759560
354786571
179473646
-253212680
45823167
245257453
49543032
-16833740
62116208
-524454645
10738728
-165238478
559143651
-216102054
236799006
145221681
470922344
-482446634
-38312846
-97200526
584824874
226401600
-14624810
42465258
528173255
-521916442
935359040
-235691852
53797590
-67173860
230740362
472240535
-132648960
223179330
-83418246
477892755
-124595597
36759730
69988875
-18371780
630617956
40938920
-292402956
-24175049
-119238942
-538817788
267599500
-505244880
74923539
31541673
-473560128
-369326700
729930319
-114637374
-202450688
-68445225
-13694744
370227156
-454952204
-236021040
244302240
245523690
-487245025
143372992
126707475
346025998
-998325744
-86703965
-86373328
-565567520
-782141556
850170
16570616
-105349376
-42618294
-819798720
463479968
521536569
-728894262
-523663168
300304562
-138921972
528660825
-261917045
76852224
-280403427
56125982
-29429400
722881782
452828977
5091060
-35887712
-13524782
388606332
-389404032
-68170855
85016384
-787197257
-282469382
379039869
-549936680
282026592
109790196
14232910
480577412
338940120
-381870618
9020052
-2511760
18305651
-217988814
432169920
799853568
-12052668
-177040384
401491700
376729284
41186960
-294699460
237161641
-306816125
596912295
499056624
-192841285
-58231206
99858586
70978557
69652245
-268944618
54323928
61156182
148862077
399806550
-70683769
-305785800
261374614
22622369
85312185
-191274872
292406984
-618578156
75231162
2046800
500740296
499449072
639519291
543851332
46777176
-75183080
66498733
32332929
182396700
859593375
134530792
-78352066
399060672
257253654
432852405
155280552
-104031774
723443856
-64718080
-390649233
-159503370
12178924
-351933375
206421242
61360464
-11514154
73386901
-360242944
439366815
-437276023
-255070068
-235870392
-155447424
250698501
-489175
-7053132
550605496
88739544
35578620
-68915
-618022263
-332056984
-92679851
515170059
280290285
-28926198
-79760150
167876172
-16812460
146915984
386985060
-829491672
-748096349
-101526255
-77265580
-2986819
281953780
32977560
411255593
46996480
204392358
596641482
-1287936
811453132
-146627712
14480352
-464102380
-178688700
-17190870
-271960280
38582448
-149391242
-707611099
-37781240
236668440
-441019125
988573
-569904174
-12988598
-22372785
-101766584
-1000458613
580192830
-438339763
75561319
-766215860
168136290
-559263614
84501536
20680716
899267018
336442204
-88765765
70452300
489369732
403374790
21080121
722278593
-311656788
492399712
4809819
152021844
-446029554
23080520
145695780
-249892998
42766464
374082165
-114012725
-562109900
205055373
-27980112
521558347
643797399
-114162495
189628038
168651175
297629750
-404953665
27830725
430599015
-63053200
-485765926
768157350
-503179128
-122810288
-200928560
-115631507
217602476
576737226
150190976
-149048079
115450740
102270169
-22847980
36753815
196564746
1995943
35464340
50108396
-321763236
-1576840
18710048
509927964
-96644236
-60177799
93990915
-252534840
27627356
38316873
424463408
439870786
-24605770
-303042890
-178885735
201543618
91860895
-520253780
16847694
-278430781
-219074085
921530400
367867575
262949700
-162175104
115872514
135090189
193239936
-95766992
185143140
-67110065
-123319020
211298738
116948590
-377910936
18789562
142998240
-704924559
245583075
-25998057
566464497
-314803788
107813490
-553000825
895899540
-6409494
-501695964
142442178
788704704
56582800
354494522
-928693272
-108951371
150370332
458931582
-132671085
32480394
-32197971
-724454660
77842074
-188838720
-114108504
420869820
-106366496
387946456
235404000
662608682
-499061232
487560918
-270515388
58146402
-28982070
-181653500
-16132400
-63361438
-600535200
-228935620
317790750
155896585
-18226024
-694964182
32090304
507773646
-93467088
92712246
-43575380
154949254
-105912775
-375892545
276256512
-318000450
-245931868
-513610581
141117991
99490779
-124069223
-59871722
-6936644
25825899
-266745024
286888188
-88613244
-4061196
-446649984
-145196380
336987960
169538688
-135708048
-147014538
-220747527
-148314600
-60168825
-227570616
-454022397
-185745175
-84594720
-309363173
550232189
422138829
8560321
903805452
-19750890
307527345
-424345680
-559012740
542402451
-65677634
94400677
-246982770
-46463340
326786686
44890418
764818400
5171952
-328242005
-58230440
-92854395
9919328
-171100187
800357517
306097281
-130198112
-49843200
408421670
55159985
-57071892
419488290
215594815
519209728
-432025728
-48575121
-585459710
-107409504
215634364
96615608
27853680
398983928
-266456610
20680600
-66294850
179841090
-619902144
83218935
272976972
-143637958
-105870552
-656650401
-256566375
-521383184
-245207150
-766785880
-97772290
559751764
11479212
-558400360
-633856635
-414827520
109259260
453473574
172294218
-521340587
-87936832
372596112
115716650
29170680
673211904
8255880
-69318523
-85921525
77087260
521580641
8220576
-36159930
-680217734
-668859108
-499614768
-567836124
