1000
15271200
-347465322
-64155955
71719106
-671238601
-209942850
19665966
195085133
706938844
-244257559
-526424408
-103328280
-201649513
201666003
-94575124
-417445875
-105831448
11809800
-911442376
-91484608
711885304
633498150
-175536315
-258755470
245166922
-386735750
570612854
-42798912
-214033841
279871302
-199430081
747783324
782332060
-195828795
437465933
333555644
-276305315
196654380
126844140
206856760
-199722424
-262054986
36977796
-161203755
38637088
-388296136
-7655930
289782847
361822545
-584887236
615943218
-49522920
-13933556
484541040
423904280
-496656315
403456472
-249566606
30841459
529135893
367405675
359271276
-387299944
-328360812
598324400
569120476
306611235
148961951
423926525
651120138
178900228
100403940
54030870
-403002828
-76298688
-462295464
-139530462
-196634702
-160201020
80095332
-654095852
-220558776
-71024368
-72612540
-564784770
-194273280
-553735600
300765280
-426629520
592459392
64270648
-175092708
-185042501
20504748
761607348
-97322392
266665545
-33084990
-14583450
825189992
-323714144
107559740
172312729
-295512480
502999858
3106080
-50416065
-673701483
-383271920
-144704840
118694797
256443855
451879500
-9592794
234892872
-598470840
-279782464
45148026
47305825
652139421
686552724
-24947780
49228012
174537468
-332878482
832833252
9812694
402042109
45951556
395260440
-352736604
134195120
55294540
727630290
-22052844
212779616
-73864086
129978566
-68188402
26737990
-455345385
158283125
13309236
240398312
-99510642
163075336
-300853146
-521153208
-85563896
-45987466
95505220
169145950
87394761
-47755788
-373934400
58433133
-271228816
-392209278
-41574344
-57413653
388156695
-497079830
-518299250
52421066
-20058957
-250614936
-470445580
-43306950
674267720
141641220
-230626587
37903902
-54115600
-144181620
-568936555
-370882122
-882500
109030125
-294223976
-89519302
276639232
-410874990
-75161093
280066164
-177224733
-822555078
-266137200
-516954528
449800008
-638994811
451230223
375359006
227329230
-366860000
-254460619
-119668575
-357908712
333777456
251017695
-68021880
233983008
765240255
-215472600
866622
17442243
-198989595
30240331
-23846555
-727465136
85886076
366255008
-596339355
-422531481
130240228
-194385004
-208974068
172179744
151459529
339481230
-78292292
494123292
-425865232
-172471584
156875565
-8955855
-160746828
-130913244
-205962680
-35095572
64717629
-390492875
93137622
-169015220
29232000
101660700
-283962672
-545286062
-485324144
24484476
294273
155395320
-97864746
721021595
328134357
232496230
-144248478
-254040300
244570224
750101408
231200640
15301118
148648312
156062043
-22260147
-11037050
25650368
322284776
-677948130
3520242
-226809920
-535507533
120765327
291225009
138097740
222021680
-46986576
404830360
-33519029
782209518
-570189120
-55700222
124134385
187549460
69205896
430351758
214633500
84434560
406056761
240782377
-88425731
-59464692
672823440
582067458
550642662
-133913124
-565909860
149399536
191175853
116752510
-127827531
72966585
-192337344
138464249
281138862
953417696
-5220145
478990680
945590598
-752163174
45814872
-390518645
52977335
-315760240
-196747635
598933816
179134656
-75337965
117944218
400202790
229559301
407939072
102915824
1766259
224262000
-162812319
-323346848
-186794472
-629622940
195022071
150860990
-15489364
274053587
-559249254
384627982
-256298940
-485290275
-351983920
-1341028
-91744125
-12348327
-190391062
-17575380
-459972032
-161812975
-383426813
-249982124
89576350
442296624
-59011238
-94631280
41246192
309445500
-225866704
28397185
484615050
298960824
-848898889
-495177970
-62210225
505360080
1545844
-196840566
-136940302
238203754
12290588
119549701
267091814
-51092402
-43436260
136641645
-420499831
43389255
-96037060
-168472152
-573845958
-310813538
-24459666
458192184
-226936710
-443376666
596330364
-106890095
141967224
587354680
-562286205
231461945
-294868548
-445016038
160165742
-277117020
-684184886
269239400
429491760
128113500
-68091072
10583405
364299597
-535175067
305852448
53851149
-154170131
-94590411
-180102240
66413835
-96146600
181205856
248481864
-106801820
-126451852
265713030
777415636
422217920
75220920
31595994
-594136620
-107702215
144794364
285373292
166256627
230814492
61794628
-281893014
159067496
90994800
324927756
-60949882
40629450
-8971440
298845600
-93368952
54330414
-124502508
-352866503
15713416
-91020690
-154156475
-945271404
-310649160
-464072185
357530966
-81458574
120338691
-723598928
31414665
8655703
-316796874
903676530
-613361490
681860540
-62139785
-148756800
-15378100
23110422
-217222992
-220433520
-295339000
-85785000
-449670780
-2460928
29188816
-162840150
796624752
13507095
-16190080
-138373730
264751509
-455303084
52326510
92072340
321948840
236675780
-16147415
36370212
297810740
-100442748
-59166720
639104445
-45009240
218996558
-86802612
-5452986
-71992872
-616520160
301260375
309343397
-211778010
235523700
-20210624
-9233950
29727015
17698848
4221730
261101538
-632738368
-50918328
430483650
396237366
41662916
-340075585
47571225
-142303624
-639415068
-519975940
-308344133
-894242292
692208
510114005
687865260
207264090
158247372
-84047740
-630956295
-125580516
185013994
-105096605
161324576
145771600
-177927750
-94199040
280164101
265876020
43263808
-85724812
149619030
399152176
460679430
413141344
70456962
8196656
495403531
22521016
152942694
182688192
282789450
-109122507
-598972575
660916620
812156804
-8151795
750293731
-92402652
-354742740
-103914819
423895680
79549668
109362720
-12953002
-38827262
-535701184
-13596702
-84592748
28456801
-808291890
-303491352
615876036
-63918470
3613597
-628540400
-497626116
8581760
-278578352
78375982
61266600
-63141110
-270649834
-77659744
-105466025
-460648986
-415271580
243275815
-352544320
124788276
-191826075
112957640
239736516
-654342090
143136595
-530007015
480103468
293890232
389810880
-725090652
-4725840
-69432630
-14702060
-387598964
-16494258
-258206404
-104235384
-441957500
93062261
-476203251
414381353
829962208
136895400
44875876
-261397378
31494210
-689427298
19542375
140452104
313479360
137630316
-38352640
-418174806
-43299393
468125671
-96267736
149530980
-283517259
256338198
-61632
-505207216
-418104413
882384576
265287990
556388931
193919418
561416450
-281441160
-7328628
274767143
19162054
-268487895
144469344
142666856
-19803000
2441480
151272762
22750020
651586452
-204105504
104495104
141057504
-65658030
774722256
-370579573
3557952
-129010127
-101812425
-776540217
514824365
309488000
34052095
917252342
-187752520
-210167265
211911887
73769981
158115216
-304750472
-295083327
287711667
830922514
9145184
-201084508
-255231274
-420440878
119542626
-150597125
218605658
-41516915
-449328
-14950413
-3538884
-202138321
-348250697
164152342
-126002483
-9725975
-573348288
901017480
-189996861
-153271468
-138047836
-458805689
202372686
773296384
62641566
586519842
472339648
610595568
284447612
-15997421
313464074
-156878951
-185236964
-601004756
-81005170
-603749025
-431501913
190723923
575855280
659093010
34877293
-129050184
-618582000
-676661136
10354968
480211580
10329657
200964890
147830328
-205178400
676685789
201064192
-495461400
355916280
-44381216
433699534
-326081280
121615296
1024798716
287208180
-595588892
89104480
638567532
171810189
20282672
-63468616
422897101
162699948
763227000
74025500
257990300
38534980
325332150
-144766051
-416913648
-138048408
-378424900
-162731697
454873097
-554845092
398444835
491913336
-59213467
76529136
-709653940
71918010
-464611104
-53135461
-280353766
-284605671
237443378
2439814
-52004429
-741392749
-491434710
-437558685
-22967904
-346966092
185532444
13178127
-7382724
43113486
22603020
-284915525
175641767
28637415
115499304
-505890000
-1701075
-190658916
206939154
75592237
103170414
673202664
415713582
227811888
35074329
175642005
368765680
-898144140
-178808828
455352822
246471720
855386909
-257763807
153201180
-180681678
841530867
400337930
-38249162
-656582446
-114359310
204420796
-159086860
-492590785
-51035463
140446128
475776856
198703764
122947363
465082600
-506173140
342310254
603307880
-278939605
50396465
-2073500
562116984
23962323
-129165750
-631607860
413450760
-806515402
915384568
-937641624
12606990
317965662
-53490709
435334953
6431650
25314120
28933140
-711504860
-829596744
-753319296
692139427
-84107804
-50140166
-664196650
42277824
-57551502
122461362
164722775
192399264
190532538
-369078765
70218300
-411900580
-222483824
322335000
79672852
-450655634
-442459776
209100150
360239248
135990464
-174343680
394583862
24585232
-631315528
76970682
-81404516
36521100
245982450
-144983250
20654368
-204964240
844658530
-209543560
273459047
-62328348
101972695
10517948
477175383
440146422
-313342326
-88580726
-898521351
-322855650
190322730
524307230
-105065660
-68350009
-86885526
321604811
-350664314
-658846432
250077240
426928639
614294928
567669624
203091039
310313930
-514171290
23728110
558508220
403402608
468302895
-601746411
56593284
-314650196
324485072
-69870724
-225576820
-142537560
395905933
-325139010
-533781300
-516268950
362056707
159757986
225317540
90570312
10249385
-677946045
421816510
20095530
760432848
604361544
-71535786
-401731974
-206740699
196182036
-8172200
347302208
416735360
-663429852
-6019280
-27662530
-269688452
29964132
-82135602
-36814720
847238950
334044660
261087904
501565932
-462248775
43784832
471527408
123984193
399175028
91108530
317001723
649922199
-787872650
281337938
-86348286
-924914088
-182700642
516532506
-6143940
-340639425
37413024
81524646
-71398697
106750160
288336646
211035752
-151459528
226652001
-2792790
476102949
-355152915
211801330
34766480
117622150
386416242
-359162310
-352837870
-342029088
-183471400
-252592650
-199854393
458692990
530774221
8999200
-276502977
-121952766
-667748354
427536148
10964146
146462211
640687500
11646208
-715257468
150182549
-295293364
-276751926
-453169376
-351730320
42463818
-66864600
-352226512
-458638013
-273098200
48007164
10141316
82322055
182317135
-553584330
-680160640
-582786200
224711495
-132171820
-898038420
-326119024
-142353600
-339308352
222841650
-422841608
160153565
368801190
-107202816
215499060
-303599651
8067684
-131131420
-208227932
43256808
209314768
-47649302
-149634639
19212544
-294023168
-206034708
