1000
98718724
-60165904
358484000
354901750
-272365930
-50593438
-94346175
-74327000
-123932312
-431125992
564013872
196371840
282632464
-61570080
254299475
940524690
-561403008
308114156
143155564
-392040789
-333328824
-572406021
-217354902
-96695000
-27214080
-93942794
314840416
18900672
-56166514
-166025475
869871008
-316769216
-35237565
33691808
171628875
581371840
-27908660
-387218498
472826848
192720363
-243600512
-399435894
27844828
-252805385
679706235
158413050
399779982
362316240
57038991
-220885075
-56118692
661337560
103064966
500176663
-464426240
-46336628
187262400
252895335
-52425835
-75248446
-68635120
-610564075
40180563
-309842043
22529850
-423587637
210966743
-301035103
-167966631
-127712000
20638340
46874534
-560967428
855333
655828250
-620357015
246693620
-7049460
119173392
796839609
-50446800
-648213514
-241530063
605821890
383451572
163378976
-390613614
32375372
-71427286
-41616167
63628804
-10430745
-191872602
49525700
25068768
68275890
30727908
132201522
-602849164
-833097400
414860229
-419679442
-811539039
505509440
405591637
77897897
9807200
-195932940
422437445
-205092832
278763078
327988089
-703919839
-100048884
-598815136
-451739080
-146120568
-59222400
-21413316
-540214800
-1021267134
-61096475
-131269005
48816865
-52083621
-200851392
-504682568
550461615
-520702800
-121833591
241024697
719332621
354356759
-133456410
665024415
191195532
-766289520
-408718568
889592650
-785384692
-298120435
190121296
7996960
-52710740
215313016
-2124498
211040316
-47740
-140816992
752869990
-129061025
602473990
388707616
20601995
-740423767
-150539824
204340714
-869256285
-79159743
363960268
330212700
-271350009
-97489914
374538780
-91800912
428226255
-627610890
-969674636
-190891904
-2546880
-643590387
387712512
541965137
316804530
127196258
-302734614
306636448
-197448160
332872375
150604100
158574798
754286760
-161656092
139390614
56563760
-27291290
380615617
424134259
-634081800
9576723
-114789012
48866258
308396672
279152978
32228523
-122270500
-4906463
137637738
-172935238
-91311210
573441618
-13066423
79693999
225371040
-6413904
34071500
-538338576
95293128
975935532
-105399900
-237847425
-469661265
407251320
521295416
-660424655
217059570
598527400
-414192180
287633934
-270921724
-515632290
318324741
12802752
-256625352
545313670
-13858180
82915840
443682657
-877266335
182213139
134399447
110804348
394995170
-809628728
84871920
-474804075
-125963736
-117726453
15470336
104277392
-258957560
-447932720
951387024
214519968
-25632175
-14593996
2360162
168660976
-116270594
-186167429
736182360
15542144
227489250
67022886
-81519375
959489030
218654233
92154595
-562538804
-255209768
-202060956
-164236950
101096693
531804129
222416964
-768179970
-639400896
-561259512
-216794025
895423505
-110090304
-7251875
-272917592
426476102
348905128
116867078
375987200
-599679130
-490643114
713139960
271795784
306562788
-325762952
-99681678
246434647
3461780
390505074
-253515366
630039406
-451534868
-279658280
375824796
-166598408
165067743
555705188
-409580136
-766410150
-584070256
-260609108
-32585040
-312897250
706618416
555113688
-749622046
-157946932
-516677410
402686676
-226807212
23999115
92078023
83533842
20488699
329702380
-10073540
362097200
454393380
-227158525
-537196275
361363024
228909892
981981420
-77787000
43603875
-155573548
67108380
280091700
102992697
-324254088
191685522
154174440
-527153272
-77988788
-112368348
-206810940
649254490
244343264
265067484
274000200
422020224
174127320
260244448
-601286179
-11911904
43197570
-653294385
-124198272
6540246
309518605
-198022755
72771308
-480429180
149318313
495264320
-12702200
-355739616
62617374
-188642652
173529090
62218767
125646640
-903309286
-664327360
661078173
-130445252
241505160
-362100060
-474476212
498296832
358396324
198299370
166372540
-241540659
47391624
439418730
-252943572
-490469800
-977940294
3270656
642987201
-103153482
207344480
6726212
-117705000
-219594854
377435731
-16367985
-215443722
-82739784
386239886
-666191240
-412131798
-730794549
364713016
-189887137
-318728856
353319758
-227849504
-5289867
-332281746
119416170
205675496
-296278125
54281250
-513322320
66207294
86964800
49674750
-103959804
0
-316792099
-146905650
45971490
63704960
441723262
-740239950
47491014
-1298837
-87713421
61600938
77428260
43296504
149447814
79269195
5904117
-178430980
-859534951
197464715
592587963
-17763000
-6414358
-627528288
264671933
-307651992
-383743776
9565988
339149118
-330733996
8621348
80065875
-8345225
474588865
117668921
197906164
290788400
-313683818
-90656762
-54776276
-29431641
681859640
226732946
256389444
-48011392
322249664
-520188006
-57115800
761268798
7952448
-324092142
-506720274
137676276
520352460
321093882
-357662700
-267706917
-42570400
504862125
164857680
-395928408
826808220
-189633378
211566600
-337730464
561033252
-3946994
55482675
-377894564
-106677324
113943198
-94611393
-5724255
143939324
21946092
-162409299
92386904
236448365
-1023307117
242701179
782236400
-925372780
-81933005
31503735
-186142571
565330920
-330667640
317569182
55293540
47983450
60983964
196773335
84988542
860767263
108009392
674042945
858952128
728054511
-109647864
-207468792
-679520896
-61185303
-248281612
340040511
670963728
-641940112
431176590
1396560
366976749
539692320
-469515313
-872405144
1706523
2680050
313954650
-131675284
128238612
-124068
-47181492
48705600
-149525116
-88061506
54797589
-483519120
289578288
-38838555
-441404815
-5840571
162590000
22498986
-133501500
-601637036
215353138
6822743
-15049606
167867476
444730362
563032356
-408101056
259178293
-34210944
-579435702
58079728
392798340
98267895
-740299482
64431648
249402080
98964369
34159049
-132610918
-154034244
983524768
-241389246
483340000
19748066
-479825757
-10178880
-345505992
-154230752
381139960
-231660324
-511786910
83779884
463162680
-851995194
-64260579
-281180816
-111358316
-860896218
265289220
-330325764
-124921656
65975229
-54621280
28508922
-126129950
2572910
171824463
-9945985
-31373230
-102747160
-311187370
199263510
644012215
-885501117
-641426530
-364049203
-61845190
71974061
526893750
319964853
93849080
21837060
-820519416
-344443996
534317850
139242600
605158775
190317960
7320784
-448860456
264175020
-301110480
168352182
127923368
-708210
16672119
9452160
47758200
-396514936
421652142
502718016
58459158
583216704
-682477793
34143616
25940876
426882248
23024490
177472516
447754176
54688631
-582023355
-59614170
-153010641
100089390
-293037472
353060898
-897068286
-38365470
-313940418
-51514610
-132503040
-36262608
146374007
193923714
84229969
-235634399
474048689
-452416080
244954800
103071330
-284656905
-601936272
-326162655
3114958
191315575
146390352
564738288
-8174166
11008428
342587676
-299731905
863259120
38434416
-1138726
-232391120
366575580
300681424
2301660
-66223300
-40153920
-26661120
-246452781
-468998764
21249193
3366219
-46000710
371936510
-508254885
211785456
-476080512
-279565702
19785150
-141108075
829077240
-43291200
215220552
196695898
-2708265
-466894344
269514000
-381806064
-185240928
442161885
-10632453
-871359492
-85673628
-122202990
249567840
191915228
401769292
-89206650
-134593146
238122396
-27858723
197004312
-546091047
16019044
-65139795
75238800
301576822
68038824
20650630
-49495810
-31362885
-22819365
-929305602
515609200
12643671
58770816
-110390042
119605910
-79251336
-16891689
-43114935
27245164
-181291500
-33412032
-258802400
468763417
-96932718
-23237232
859406223
618365565
-89073920
459667763
-107722872
755627288
-274537330
-158653098
-117840438
-297294912
117137608
-488936831
344096076
798863010
105447132
270587042
134831256
176504120
-918591831
-84051264
96078785
12269460
68480069
-92668077
-126094535
130419234
65931780
108411052
-273651325
198781800
61255236
-19862296
26708724
98402976
21276360
8871620
-587757348
575191278
34503160
-64683585
-117792864
190725192
396918720
72694676
-145418208
-236686240
-836670627
46286280
-13316800
-64764889
31260450
-75032425
208985840
-12040530
18442840
-200033076
-18424000
144188285
-307581705
321645575
-413183466
-814148202
144443640
-43826160
748394955
-23198350
402608212
23837580
-510370410
-513062280
-23853316
5641566
104137708
-290947860
135605886
-312603681
-332382960
-186884740
-144658630
-436957248
79779714
207577279
-50934618
516230017
-391816590
202595811
227295810
-270658896
-550378930
-1649143
-283399298
153369945
-486286288
196974835
129284316
348142340
225705462
-186685290
719688123
-155494996
-180216784
-456375684
-183037834
-274826292
257911425
-757244536
226106250
172350204
443952503
-735016037
53679761
10904411
-461559021
315691445
-81654264
147731850
-776025510
262976168
223831470
318908912
-731397728
-230312664
173466752
44327862
-152293265
788439808
-147392414
150156801
32035323
147580328
46222065
-63276304
-386181414
-640562219
-9267558
149395349
3931620
-543259635
6878060
-288351448
13790400
-173910000
-181783748
58512300
366807408
2321020
264337550
-251040434
9815075
-352835482
-178806470
330224256
-397089426
-244688080
-223975680
-4573698
-223832000
-189286920
-68362887
-35530344
562696464
332196928
-264546310
160470198
-230820354
461073620
155447094
-74690724
-719265316
-57759324
-187414320
-418660439
-282992000
-57465880
-855743532
538557823
285603172
114791160
-362625980
720219728
-228439755
126989082
-689483823
262989018
-42747898
228398142
200305448
-573945288
156835208
306395658
-160769574
187000926
-465050965
-604963052
72698275
-40522350
185379737
10067760
334858525
-357123585
-121950830
69489044
-4133584
51414942
170763509
-475140916
537602100
128556050
-336643216
233008666
137861592
-785762492
79646765
326625420
201933611
41459085
-228886350
97590240
-101829513
331100925
129127038
402665347
96437000
-126272984
-343853560
-126537384
-22270206
537299090
798757568
198404752
31666376
662275548
-358886165
-894898008
313420554
30198060
-82340566
-64607718
192074211
43407322
-248727629
-15012220
6630384
47605690
-537055750
-436635184
161085948
108540420
-71284941
147703491
50466066
-105781060
-142397120
-59583316
-50129728
17406550
297368091
413536032
-113110072
-166574286
-246104190
-21930825
120460446
-318807257
-232067034
15402156
200232354
353362680
453798800
