1000
-530781478
-146830986
284987746
306473456
197221045
465927726
6580980
77155512
86283080
381681714
-15995980
687450864
621666738
-285762942
-382104750
-142664675
402720344
293741520
709127104
424118880
450783570
45379440
199340080
15704400
278691200
258134318
-19198116
-585804408
-2584869
207472496
4377360
412997680
-512773212
381691637
-15910198
-334540224
29797236
88584936
-835605375
-326890540
-220635995
-381011176
-135038871
787339602
100929510
539749770
-459662976
168189840
-320617440
-713450808
793188564
-362493340
-262052182
-490912045
141083022
-384624396
466181316
73431128
-64179760
-530824280
298416704
-307044880
383096056
-188656880
241097465
125273995
-188775338
15245655
302094267
-33823251
124638408
546355064
726865407
-18708529
16848424
-685224
-301913974
-135590112
73286916
5192871
183790750
-348983239
367748381
318515383
430305663
85801380
369128240
68887962
22272752
218123280
-226163509
-114731694
-722345820
-53180594
-246937320
-154494123
442739026
-237367224
12298614
-115160624
232684851
182334700
-713949495
-9979200
-504582546
129796271
-378366040
70458180
266677689
-8365530
5115812
-158148961
59169795
-764231994
325040276
-65520360
-478476744
870022958
-197345080
409205300
-288467466
-285541674
-530239320
377836530
20691616
-434212562
-647897245
-9686876
172243995
10089008
918187056
59514455
759680666
64503312
-903076132
-246414980
181264608
-34767712
99772842
36840960
-72960080
-434990092
272439310
273506912
-40283754
-285848250
-334871145
-391638960
-19428744
-346170
-225439104
-360671268
-448009332
90612874
311799035
246841220
-448341264
-5667959
-1447686
-141300990
-41310254
105390369
856545411
-411353840
-295306050
626248218
-458238186
78687306
-268580875
-392205726
-455393600
-3955680
-110512350
436570365
189793831
-569424156
-264869630
161738970
-175497056
170682480
-295774636
-11644884
4674574
603605300
-199750350
276645152
176647824
-262640815
-645685992
39934422
-278292456
192975880
-114223031
238484020
-925450362
-185462860
476570076
-432773250
-829160800
357227550
1051064597
-320660907
-89610672
90315648
-444464850
-1634105
217517300
-37642257
-207805120
458828412
-107426825
-324343236
-41688077
992303312
-9290240
-9347373
338873081
-36896288
315342503
-134240364
-24027060
-175750560
37607931
-137324628
-124493490
-230281809
-618336153
40299796
199027638
199672865
-607810140
-300414072
-193071456
38881908
366818046
687171566
-624127008
146628384
-77492466
885780160
111631312
2584436
-86682912
936643104
-287090778
-172568448
206985514
960590540
550883255
408557555
34569210
532882926
-40681602
-218466514
215057835
29236835
264598680
-356396328
264268114
-396959746
-289244376
405833663
-151594794
-72880470
80994321
-16380420
38431918
36997818
-92711296
29951988
-430471125
122907615
-122679936
-276457260
-344232832
338881764
2061890
39590845
86620338
-78011528
39366576
-375164426
457136224
430649304
224031543
-42633606
-274121325
-113021238
413801925
-6237436
173106166
-375270064
-274354470
634046726
164486160
122235256
64704776
-21226961
-123685038
-128023980
444683168
295694672
556782877
-86144007
-566291550
556759470
155924795
-256846852
-306216872
-185626521
256260437
3895680
-854080969
374258932
-36244513
-20972705
-595365208
-242861901
338202600
-240386960
-83292610
-31802904
477562710
722690430
6274180
147864366
277755156
574291314
610413720
6131988
23597262
-792576
-811592900
-103212100
-463486410
35651160
283222550
136954476
21480906
-134068104
-24474312
4785614
-32261866
576539550
-650980365
130241225
-135565308
135447870
104897572
310196848
-500750905
-328469022
58676905
-472018176
211042416
180708164
284490615
-40914467
-721004802
-214284054
-803951862
-6266561
-176489555
-144003132
-593691160
212797804
-64045020
-524502054
8565760
353705901
-232845033
918161698
-15335001
520407576
-706020300
285065247
-219104500
54220470
-790207625
-468629945
111488424
788241132
7010120
-93241049
192331564
128154656
175528934
-67892958
-55965746
26993592
156699684
112897088
-36284708
712384374
293410971
-616797368
-53436448
307955851
47888068
-425410452
236766410
-13988846
154940250
327581568
-120207730
-31220766
39704490
102359646
-222265570
22677856
-197537403
390776750
102963034
-89173556
343093124
65208282
-22401530
-532970536
-74356092
-255465945
532625670
76571805
162258188
-68140080
-161518416
52233280
10274220
-210626768
-52884832
261853625
399179664
-606007764
-754904034
-350067191
456901634
125126790
-132244196
44553400
231997536
-576664627
103038018
357928272
-180033589
-22927009
379608320
6346250
364821700
261851292
101089224
-116565604
19497614
-48830184
367335420
620634700
-16934376
759876660
-175217742
-606975000
111731274
-507788610
-13579863
206565928
-36170645
-323372016
109957696
-56145444
580648134
-239808744
268711300
-14258203
-869860880
-446142921
-19494117
-61287342
616869470
513748290
-32453736
219453870
326412138
-152126858
9477513
-19201248
-297897600
-71643840
50672360
47779200
-876603288
-450470000
14075751
556178650
68676927
-225266582
318871495
-32910300
-420566040
-219285742
-639651505
123353600
2693324
-34168680
-116572672
-63943341
-199675695
344225670
412817041
-396965670
1535922
-228916116
14909034
888068930
301123905
-82451353
41773456
-125912540
264779030
169101393
257221828
248448145
-146689554
302529164
-129350445
922601004
82000317
-22433285
-264647566
-406166040
-162479310
-593040331
307421403
-103248240
581144732
-473742176
298607124
-120840554
48018250
32260822
207561942
-163778952
-219437664
285434946
-193315568
-121368256
350873760
106809255
320579870
-374671439
-428735032
81815000
-517443750
-194030325
-214506630
-119123328
90845025
-453043532
-198952320
-122955560
10708362
106414802
216138284
-147894705
-491734264
-1735226
296497391
-5777321
25141782
48062334
-219824982
-336200760
-480874590
-145552524
18467775
-279348168
221743998
-515119145
473019501
242215830
23723678
192848480
-92335152
629633993
-366143184
-445106072
-24304185
33815529
112390758
544900049
-70365740
-732583125
144239745
-43402947
475987941
-187972928
77936328
-108137106
789019308
-189067914
846124786
-99319745
-23165928
22425054
615620433
-237962115
-67865824
-221799016
189754620
126980370
-265728750
-57077394
148779540
211516140
-325606174
53914002
-365451
-188164840
-90050982
18581000
-386020885
-674632310
10949827
468674059
487955350
-2935728
-3968852
-475994124
-161655455
101652090
-497174454
-571756820
3245220
-192479595
1541043
-112236517
337326099
594668480
241318635
654735096
589941374
-291699240
12209096
621525476
126627878
10561584
210273984
-163289720
791348196
266116820
165910626
334787740
20405992
-406124556
-116699184
159585564
110904112
-193792089
895638555
32040150
-178649604
139885062
110597784
-143313824
-128412792
-361002028
541609842
-143549550
-309849904
-172510271
383231658
-186848350
-529836280
481751790
-888583151
-21580698
530733809
-2219010
-1003408
-406669032
363955425
-809865225
-139189899
112691910
328589532
106452607
22898606
-71454784
-437419950
693779837
-63452378
211801276
-457769400
225264596
21003822
116116365
5136958
-620388072
337832506
-91368277
2515075
259574700
806484420
-147878400
-106503864
58537765
32798304
153123408
-580127749
645778776
594542088
-250031040
644013600
-9156114
241291967
-269802988
-153011694
-341141703
-164089996
-164998740
106845186
50712303
184142504
-354668936
445524625
490801820
62103920
538931288
-29711316
74893442
46854720
-147223989
26545050
-112505853
3462360
351476419
45500560
49658778
-147092946
-101690916
187641920
265621263
-70140336
-238175892
6577608
-352877230
-242966262
-281682545
10742754
-125843200
-6683923
411953215
-41511060
-288349139
790009474
-14949936
764171044
-330705165
211222556
12279632
-246730794
-211504300
79982001
-132360360
-371211246
-136269990
197424260
77933820
512507128
-118001357
-72051952
125443472
172804928
-68776751
117438750
259571564
-14266455
-307269394
214777088
708109472
92424750
-260625300
327915376
803290664
45172160
-16698682
-103197312
378679216
33938965
-28937820
279728208
-412754100
65741730
-817200052
-67224320
-21857010
34437210
60972184
171422040
488345690
357183200
196148138
-76302359
-66052055
-193141743
371782626
-526498450
119618712
894644735
338211894
48925000
267300264
-637594984
107862178
-349742304
-569467275
137588476
-936922224
-222639798
193765832
378630030
46463822
109083094
-95694032
-10492648
-611215800
-221468788
-519918564
22902030
-99392048
541666278
-51206327
8094654
-643718352
329605092
178656024
-88331920
-325091328
-3991968
-414037935
-460599557
549360728
244819932
34250118
-97777908
190899303
488615190
141486345
415342290
-751622309
-120395726
-200360309
-2467560
259350
-136478688
51387210
-22099700
494818382
33013749
565498954
-74833917
-125831376
-217986780
-27455424
153764900
-199885788
-276838104
330802940
-588186111
484150478
-233223850
-108213456
-541156991
135938588
-154425447
456944340
-358843896
623458008
-7314536
35102006
-3321648
-90563865
-510008156
253654144
66246712
341750948
13181103
51715020
369060328
-10807030
-670263370
-449092040
-265067076
-333898058
887804022
-390297888
-324668490
33734871
-517889100
9298847
782988840
74835360
194977566
50366680
-30059601
253069740
670836558
-202515184
330875730
79496646
-299641217
-54801208
234165267
-156032220
255929002
-281696688
-14440680
21237810
-105416760
-325241028
-868269158
151435005
41000256
164521852
-575562914
285682678
-315503352
-900657692
-3844956
-214858392
-77623920
734367844
-26070912
207057060
18563969
405983160
-35788160
-226733648
198075948
166444920
-13448192
144534661
296237128
31958622
-901245310
339153980
277558888
-315633695
-30668456
109338920
115241808
-4330944
13327860
330753332
200326896
270115680
221396480
1518000
143733648
-125147204
-178636680
669108776
633250254
-84008298
119656620
-61404168
-166056000
-288591873
111598032
331416292
176204704
-136783219
-649173924
-264811113
4255115
-19352060
219060116
225147226
-424809524
-109149315
292507362
454472898
514573878
855873894
826718712
-93912642
-90014080
-377620305
-119387880
417728556
554680512
-712357947
40176700
231892206
-265340123
-8590287
-6388800
477703277
56427467
329136940
-121265614
-7191067
-425069172
-580088184
