1000
370689392
-193229595
466875996
-309689600
-318781750
-386386242
191687496
502955170
47500704
13299066
259276664
337683177
-24910157
-134877012
-202137180
300418440
519005312
243694879
-403546776
-820525787
-393369920
46272982
-353772032
63983160
143852925
-49577990
-157957720
-163567104
-317666790
-74508637
13320096
-501762060
-403774560
546316
-772400210
213881461
231741370
105302267
-80320075
156482130
127499955
-287853002
-31660969
497442399
708082496
-8861670
-7968000
7954657
293952416
-327641785
-181467864
-5512079
-556456160
615317318
220149240
244626970
-182346260
-326742552
-80168556
-14407470
-598720089
301716846
323873025
-346880440
711866070
-790491768
69268269
-491528790
333103230
55489731
-766824828
-82671315
346983653
-190436466
-221263921
258479040
-21135341
-10197314
-327972636
49288836
42094080
-692705752
328894798
-444553578
-285420828
-250359552
-57743930
415953299
465895065
233991601
386329284
-52233566
240608930
-8017247
-541966404
197752576
152729522
-608862209
-254701630
-75708280
281427654
-374530084
154957684
469066290
578429070
-359830456
550355280
558053552
3981341
82917968
653365992
-355053518
19974339
-571596424
216936447
184569140
-70744901
73903726
-128430792
-244014232
-51253608
69416260
148751932
188554392
178960275
-304292800
-11419629
-47377594
-402874328
-466000134
-12712707
108975411
-119726208
47228400
-255439008
-128310501
566457640
149819560
-34327590
53631936
447235512
-43712020
-908288920
-52650598
136878102
299923078
159483770
92656310
4756906
-82774278
146776041
-496801944
156867306
55313556
-164475680
133928448
-71127660
419811534
-257489368
467019780
17115332
347443596
249958044
-5273621
-7456112
133121272
116965482
-407583090
-20929965
-673319136
-696404451
16807549
343049384
-30942072
754921568
480026976
19696920
-245532087
-33366210
-551286574
-4920114
-54406002
195406080
536200330
-318317870
54369724
-241924544
270514420
1679680
-59148650
-638655180
-90700176
72371705
2370654
-232539275
-351133575
65196002
579742560
615470915
-179603844
97916085
-143705100
713074305
729360016
-265279077
-126099190
-33228000
9509545
926623555
-497589606
-284401289
-661956285
483388149
248762100
-14499267
519313852
-672791000
132008310
-134963460
491434164
531859248
139103136
-55139049
145604694
-5642048
429532218
211645580
-44706540
382796664
-101233080
-76180112
-587066628
278484444
144995700
173404126
-8957502
-2183481
-204281364
18403815
-263886658
219236743
-291243124
1485025
4323470
-717297588
-196639452
-46801272
-221024822
-157190772
-264005610
8363160
-471092026
74412750
369310484
625067064
-75025888
-175599264
-101370852
-226305248
26363057
-244061848
93660192
-369423605
-714119200
-536440800
-55644535
-458248836
-67619960
540349760
18695736
197066535
-205291296
-318933090
28491264
289539112
-315127972
-387166224
327570408
-54636343
-486731148
508603305
197263360
49098856
-447782349
783279821
350460522
21427476
70482544
-55950300
113362148
-130989152
142657608
-910528602
563660427
-401126610
135217664
-573963901
412933059
389244240
271589850
43185330
381796779
730087965
717948528
51806580
-428075520
259587477
-25720972
-175129668
22776335
-68508768
373515994
156667335
65385570
-86293499
186821748
-17946243
1658046
-362830685
-94186872
-271742733
321739274
567781056
379076754
192019840
974754480
-104353833
-891976008
-880729434
-94697498
-392467564
249604740
-57150833
-570749405
148109400
58068340
224001330
-820473500
-617413840
77096768
98178589
68167332
-26937638
461004810
-17370576
60452648
-100975083
483386400
-693291745
-355713920
5308262
-67878163
-633084474
96128734
-315534024
306360600
8488002
4787980
-275019728
217233436
540686016
-17915305
260437176
-31111515
-158381150
202828518
83556224
214957188
-196053067
37975473
-95992440
-204295975
-239956200
-749993860
-779427279
33272914
47999553
341047308
781843520
-393192172
83748546
-373390149
-48382092
53794922
-441616670
-170475505
3752595
-165799440
-334502048
-24819964
302020368
798103521
-621544356
-390908182
172012800
482244111
27524211
604701924
36252230
176671980
78068695
-179873204
555060000
72015768
58936404
211239578
262625856
305231348
101264754
318103352
-39919252
77913304
60377886
-1764418
-395714088
49237371
99522072
169086525
-621833450
-16225376
-193591620
823765358
-487900205
-518908920
431689967
21039276
58862440
157920554
664439184
-842603202
35897108
-343754775
-42100732
-267933864
669777680
-103733058
-114781052
-606654015
-282086708
154272580
-428711910
407218812
-311844382
59435451
80654289
-341474090
209075002
-333609628
-122999285
47124140
-125374416
-15930890
54462462
598449618
-213326122
-37220697
-47815472
-390233272
482210976
-298580652
-218299321
-452422656
-133938752
107279340
-156966950
-305191250
865613016
495291238
-102190374
-21099414
823066923
849284496
309903570
-149347800
693917874
-88808230
79359544
786360165
32456226
-135251220
657278220
-11996027
133979612
399934656
392686496
744384030
229965120
318014158
15478670
155113278
271357350
630307048
186516044
-273928712
719307291
-545966375
-38848356
558631500
354419150
-16862482
-398143251
-3102915
-190813644
95194883
9130275
286204741
228297841
856329516
344545845
-233022348
117071859
267930480
-140497350
260601360
246764240
196550326
495491022
-42535494
69828118
12624682
427177320
-321989580
-712295682
-4101208
120177085
237857587
-175387500
488302542
-25914754
177004040
542791299
874808898
-159541965
105587550
41098200
241114860
-3044277
441980100
21591624
-74797575
-336587832
-466029440
131399950
797031696
126170055
487048752
731641840
418993652
-33491718
413176608
-7776548
-635901796
2014892
-109683024
-166920545
131022921
100431201
6633480
17582790
185045395
270882750
-97594929
-273544110
557495344
103585143
217037868
443681448
608875047
146999370
272029802
33673012
748219825
55224678
-587831052
133167474
-507773196
30273321
264007366
475269885
706432338
811325063
-269633210
-412839178
122504895
-169681655
401633844
439491900
-263910006
474950
662010844
313664076
-460739019
243292896
744045450
-337838284
-248281110
-427346680
-398495998
-529673670
-254179190
110734120
584155100
167887093
-467718172
-553517496
37656826
-340163733
-166034565
-282887256
-626741682
712100680
-480546005
-379302331
-347549826
-269899335
-88314850
106299578
-2765693
893881040
10829918
296196100
769053120
-162319586
311337286
376858875
-51899452
-141191637
21222360
480995856
-371354552
-275993298
-260307840
-524732779
558295380
-68837340
8012664
-414984196
-10388456
4098165
-706126680
-199847466
495145717
-140876299
-305929968
173315375
-31252720
-29813075
-542854040
-636041760
-9153004
339943260
-547973991
-344847720
13883472
-81666948
-30271538
-38957120
-157264632
3769085
179842500
657545295
600184650
-20272977
971725440
237260694
-833733646
-37000548
70776832
137583642
25644530
825491999
-271020565
-812904936
30385103
-15005760
-482643668
72450977
116943204
-463166841
-9739446
5858622
-117100408
-452389935
777965111
268419568
221402660
-139558224
-22657530
-727469405
-44110374
-49073632
-515978397
139208480
-507862272
27204681
-283099905
151760154
-346616442
-255062186
-6713640
-555876750
370686906
464721694
-158702128
-585236560
-14484296
-576101526
369250560
785628480
-569690720
-93118346
-185202948
-610175744
103151104
36017472
791796100
-204513597
150600418
-236979000
217926519
-489159360
147498345
63051300
-459897207
776937447
44746541
41625147
359638240
-46384080
-24926934
-101811759
416094822
-11451696
107137602
-285907636
-574711998
95049312
112265200
-199478850
-172143496
924668421
-292819604
440591925
-140096151
887161185
31963445
452492106
-709487197
-597056832
-112045632
-394670178
32402364
157340772
-328243428
-81082900
567563612
76580883
851255342
-394707306
-92011071
-28660230
348456825
-253017171
517984227
760111641
-160766320
346411800
-178868694
-140558580
-122663145
-133878328
-129185270
-63487586
-112697290
124233275
-131379872
157477740
212465948
2287988
-240290659
-9496988
-45620075
219913236
-229301203
380028285
-193453326
29906808
137805815
-3443418
-124603321
737726587
223465502
-535000257
-885598725
406992600
-446828544
-64951880
65110338
201523320
-11119740
764423460
399043536
607616641
97710886
102882990
443680260
-112981554
-726356994
212275746
643624046
-117442692
92357895
-89566930
-500092138
-470518672
-657168822
-157960464
143653195
-554296788
99527246
375493280
-31778032
-112240905
4668584
33679128
-228737256
31220256
-99371520
-777774490
5597046
123810000
-484191140
398539837
233657073
708575094
-269892134
-726855677
-25011854
68100564
54287848
384592908
147078336
104466102
369952215
355475946
822964560
54812450
-430619988
349506396
-686955864
781488300
95979378
188574474
-664272747
643384712
-370446498
-157949034
-328411787
-157583958
630103539
-68511420
46332305
55191491
295234464
194513253
142541440
243973752
51828040
-271970712
344735672
63860330
-88982496
53014160
-205407750
10878868
-80894280
-461092500
3191760
-376646088
-28870500
12957156
482727630
-27559455
256300898
145813230
17697474
-313409184
-130631487
226229760
101142412
857387125
28049472
-6142154
564095952
237470688
353400300
-6112678
429535209
516290476
-478788246
-218370801
194342480
-772039278
253611708
10098383
129926004
-11993649
-116338508
65251935
-48700544
301789159
17146533
28479980
474167632
-21215534
66190476
203853510
628441638
-365765540
-109052685
335732070
25917936
-470571064
-203771232
-140852800
-822497760
65904822
-171068328
-376798989
509721420
267291125
12112147
-563543925
469132236
-197661750
752159616
-527649290
99627180
-241828560
-893707065
138766719
-87165978
399409565
-70763934
-665972396
-5825985
-260696809
663400206
52112941
-675098544
-261389043
-1027073728
471160590
804509662
1952722
-885302055
18321155
-157834588
-167361870
396417516
370175190
-158997827
-346871026
-171567900
742303604
-630947364
-166064211
-152066532
-319705958
281017693
-42072979
36718089
10475754
468561352
-641204208
809595182
-455700999
6210007
-537612500
46786068
-63397568
74664800
-114978675
-888411970
89613108
-98636415
460234170
-410318524
-398968976
125592656
222141276
-331386
-67767434
-551669704
-9593024
571307100
-7166188
461307033
-323681694
-469798593
